freq,trans_dB
90.0,-11.892001656498115
90.05005005005005,-11.815506195358829
90.10010010010011,-11.619406736218027
90.15015015015015,-11.463777931756047
90.2002002002002,-11.296873411263087
90.25025025025025,-11.204068478942972
90.30030030030031,-11.084717549565843
90.35035035035035,-10.967308433287306
90.4004004004004,-10.783486021376508
90.45045045045045,-10.688864432167831
90.50050050050051,-10.521829638045178
90.55055055055055,-10.397019928733695
90.6006006006006,-10.237811256675744
90.65065065065065,-10.16240187295778
90.70070070070071,-9.985127645310689
90.75075075075075,-9.87565350368901
90.8008008008008,-9.781181749666791
90.85085085085085,-9.63666836518505
90.90090090090091,-9.488735821718379
90.95095095095095,-9.353103924723692
91.001001001001,-9.241536120122605
91.05105105105105,-9.096909956685172
91.10110110110111,-9.015023878505929
91.15115115115115,-8.829806808768195
91.2012012012012,-8.728873153705097
91.25125125125125,-8.663667521820868
91.30130130130131,-8.52851491679797
91.35135135135135,-8.410626024625193
91.4014014014014,-8.296393394716373
91.45145145145145,-8.195519958244486
91.50150150150151,-8.081406877720836
91.55155155155155,-7.990998704182732
91.6016016016016,-7.902706869398175
91.65165165165165,-7.784646714474199
91.70170170170171,-7.669254628718014
91.75175175175175,-7.621539742527021
91.8018018018018,-7.569480526550683
91.85185185185185,-7.430012583749732
91.90190190190191,-7.369301419870878
91.95195195195195,-7.270251452471725
92.002002002002,-7.175875946326076
92.05205205205205,-7.098579124803791
92.10210210210211,-7.05122486339816
92.15215215215215,-6.921980739794481
92.2022022022022,-6.871320945532816
92.25225225225225,-6.830765634466958
92.30230230230231,-6.773933118812475
92.35235235235236,-6.704825570143234
92.4024024024024,-6.607215122528377
92.45245245245245,-6.5944291066173815
92.50250250250251,-6.529744057854414
92.55255255255256,-6.492964207236163
92.6026026026026,-6.445183593160941
92.65265265265265,-6.358221401118912
92.70270270270271,-6.315429485620582
92.75275275275276,-6.3117144453939416
92.8028028028028,-6.263812994418969
92.85285285285285,-6.202895961934874
92.90290290290291,-6.152747851698769
92.95295295295296,-6.1414412449313325
93.003003003003,-6.118029823569307
93.05305305305305,-6.154254740419704
93.10310310310311,-6.0777446774451205
93.15315315315316,-6.02983896721033
93.2032032032032,-6.0221300220630996
93.25325325325325,-6.085241076530915
93.30330330330331,-6.0358372897521395
93.35335335335336,-6.023513375849294
93.4034034034034,-5.970404511887534
93.45345345345345,-5.998486373899678
93.50350350350351,-6.050861924996212
93.55355355355356,-6.090150748619004
93.6036036036036,-6.055583565120346
93.65365365365365,-6.031089806870603
93.70370370370371,-6.1073025772058145
93.75375375375376,-6.117829044154393
93.8038038038038,-6.157152798818165
93.85385385385385,-6.171133782001211
93.90390390390391,-6.1556608119011935
93.95395395395396,-6.1871644136155135
94.004004004004,-6.330391540301689
94.05405405405405,-6.383742252579151
94.10410410410411,-6.371830057719699
94.15415415415416,-6.436395016939327
94.2042042042042,-6.530256648893816
94.25425425425425,-6.621830398376839
94.30430430430431,-6.659954413111049
94.35435435435436,-6.731052003936115
94.4044044044044,-6.730151224606757
94.45445445445445,-6.8251939534466795
94.50450450450451,-7.021256579819929
94.55455455455456,-7.0917275681975145
94.6046046046046,-7.094298951104421
94.65465465465465,-7.239563215664455
94.70470470470471,-7.3909172178860345
94.75475475475476,-7.473526425818294
94.8048048048048,-7.556814356895722
94.85485485485485,-7.715166765898346
94.90490490490491,-7.7487657375476635
94.95495495495496,-7.872779384000223
95.005005005005,-8.083375111617253
95.05505505505505,-8.172801331721274
95.10510510510511,-8.18760066391625
95.15515515515516,-8.323746104657353
95.2052052052052,-8.553577107102393
95.25525525525525,-8.705505114844238
95.30530530530531,-8.778477434163372
95.35535535535536,-8.921779641087818
95.4054054054054,-9.089210144470895
95.45545545545545,-9.213856906315263
95.50550550550551,-9.373778744295603
95.55555555555556,-9.505631645376317
95.6056056056056,-9.579827182462243
95.65565565565565,-9.735980989260293
95.70570570570571,-9.925130716130733
95.75575575575576,-10.063901956241565
95.8058058058058,-10.248027461981534
95.85585585585585,-10.35783283422286
95.90590590590591,-10.50958693346211
95.95595595595596,-10.695940195615888
96.006006006006,-10.862168154755663
96.05605605605605,-10.968510812603318
96.10610610610611,-11.034987628933736
96.15615615615616,-11.234625149425248
96.2062062062062,-11.422368709743136
96.25625625625625,-11.549918490840309
96.30630630630631,-11.690759283894463
96.35635635635636,-11.8435180913202
96.4064064064064,-12.074068128631792
96.45645645645645,-12.231334915905734
96.50650650650651,-12.358088822897656
96.55655655655656,-12.483650137618888
96.6066066066066,-12.569284068200819
96.65665665665665,-12.678357821137178
96.70670670670671,-12.815825828259424
96.75675675675676,-12.984167245004837
96.8068068068068,-13.138945590255641
96.85685685685685,-13.259012928653231
96.90690690690691,-13.449186695320499
96.95695695695696,-13.702109447468679
97.007007007007,-13.776856165932092
97.05705705705705,-13.904443150859091
97.10710710710711,-14.023223657926618
97.15715715715716,-14.16588143494322
97.2072072072072,-14.248761151755978
97.25725725725725,-14.411903906683559
97.30730730730731,-14.530757828770295
97.35735735735736,-14.67844030291375
97.4074074074074,-14.879501980370842
97.45745745745745,-15.016533344019878
97.50750750750751,-15.088832229224124
97.55755755755756,-15.192615944930058
97.6076076076076,-15.278523622162076
97.65765765765767,-15.444464263753863
97.70770770770771,-15.588968835217734
97.75775775775776,-15.71045676235732
97.8078078078078,-15.872995400289092
97.85785785785785,-15.988571446486066
97.90790790790791,-16.119324434809073
97.95795795795796,-16.283812670375728
98.008008008008,-16.34917582067376
98.05805805805807,-16.37043260188636
98.10810810810811,-16.49586707857021
98.15815815815816,-16.64336381907075
98.2082082082082,-16.72259092424001
98.25825825825825,-16.84988514680529
98.30830830830831,-16.9618566484784
98.35835835835836,-17.092470715266018
98.4084084084084,-17.224222774617864
98.45845845845847,-17.328476099822275
98.50850850850851,-17.366866104468766
98.55855855855856,-17.49915172706941
98.6086086086086,-17.560084091525727
98.65865865865865,-17.690585422383002
98.70870870870871,-17.749980820709748
98.75875875875876,-17.897979938351202
98.8088088088088,-17.981645055349073
98.85885885885887,-18.098272897406417
98.90890890890891,-18.145382459773298
98.95895895895896,-18.234247901395904
99.009009009009,-18.269486774520058
99.05905905905905,-18.334166580875053
99.10910910910911,-18.43437430292241
99.15915915915916,-18.509161315868063
99.2092092092092,-18.608747850446946
99.25925925925927,-18.706067998648475
99.30930930930931,-18.707710695665597
99.35935935935936,-18.77311985803838
99.4094094094094,-18.85501281012136
99.45945945945945,-18.911828111445374
99.50950950950951,-18.951507400044626
99.55955955955956,-19.02096718781304
99.6096096096096,-19.131559479532008
99.65965965965967,-19.163007709844734
99.70970970970971,-19.233004778607842
99.75975975975976,-19.233120257777774
99.8098098098098,-19.244355779803904
99.85985985985985,-19.345690988805767
99.90990990990991,-19.23209716140276
99.95995995995996,-19.2742223150377
100.01001001001,-19.336079344068427
100.06006006006007,-19.310337942890524
100.11011011011011,-19.442675953533513
100.16016016016016,-19.48476883377616
100.2102102102102,-19.53314509569193
100.26026026026025,-19.557199081532787
100.31031031031031,-19.512811818277225
100.36036036036036,-19.55711385835541
100.4104104104104,-19.425636367822097
100.46046046046047,-19.453073463871483
100.51051051051051,-19.4550761712337
100.56056056056056,-19.401129494908467
100.6106106106106,-19.480273691957912
100.66066066066065,-19.38272433293201
100.71071071071071,-19.42653507690205
100.76076076076076,-19.382566382223516
100.8108108108108,-19.331706463104695
100.86086086086087,-19.306980559909043
100.91091091091091,-19.264622216355352
100.96096096096096,-19.270496927460222
101.011011011011,-19.232598688272972
101.06106106106107,-19.15768576011262
101.11111111111111,-19.109356467169867
101.16116116116116,-18.957014761939977
101.21121121121121,-18.935620271796513
101.26126126126127,-18.862115366592782
101.31131131131131,-18.789413397806968
101.36136136136136,-18.746730164035842
101.41141141141141,-18.608072227642566
101.46146146146147,-18.55117967819728
101.51151151151151,-18.529474401973456
101.56156156156156,-18.43286210077208
101.61161161161161,-18.301899736724778
101.66166166166167,-18.262023887160062
101.71171171171171,-18.208113859786163
101.76176176176176,-18.050359103680183
101.81181181181181,-17.9665998105996
101.86186186186187,-17.8491592396994
101.91191191191191,-17.696862375254796
101.96196196196196,-17.599507964908316
102.01201201201201,-17.506232987533515
102.06206206206207,-17.387527193343054
102.11211211211211,-17.183043368511896
102.16216216216216,-17.079384989149588
102.21221221221221,-17.003023728152165
102.26226226226227,-16.869986892163173
102.31231231231232,-16.734469450978338
102.36236236236236,-16.6413461107627
102.41241241241241,-16.4993816891896
102.46246246246247,-16.331586437849726
102.51251251251252,-16.22575265247078
102.56256256256256,-16.095098570622575
102.61261261261261,-15.925615265971981
102.66266266266267,-15.816898973844593
102.71271271271272,-15.749171783174098
102.76276276276276,-15.578191929865577
102.81281281281281,-15.405956284508207
102.86286286286287,-15.256297174870765
102.91291291291292,-15.075656797872773
102.96296296296296,-14.939620503625772
103.01301301301301,-14.784933272628793
103.06306306306307,-14.625740208689436
103.11311311311312,-14.450518977242515
103.16316316316316,-14.349818634955058
103.21321321321321,-14.221209227200283
103.26326326326327,-14.07700195623966
103.31331331331332,-13.926071465570281
103.36336336336336,-13.757865718244492
103.41341341341341,-13.639878539210741
103.46346346346347,-13.5171514022306
103.51351351351352,-13.412511473828479
103.56356356356356,-13.229538046430417
103.61361361361361,-13.054762364680046
103.66366366366367,-12.894130643305049
103.71371371371372,-12.734693089827198
103.76376376376376,-12.574693974439386
103.81381381381381,-12.43705346095787
103.86386386386387,-12.327155854839488
103.91391391391392,-12.194720777704974
103.96396396396396,-12.073987106101553
104.01401401401401,-11.934601264754802
104.06406406406407,-11.784010332378504
104.11411411411412,-11.63264176726139
104.16416416416416,-11.515875427850169
104.21421421421421,-11.4181964684976
104.26426426426427,-11.281740244628667
104.31431431431432,-11.157596604187038
104.36436436436436,-11.025567280114297
104.41441441441441,-10.94057972422976
104.46446446446447,-10.836749483182682
104.51451451451452,-10.74075258456619
104.56456456456456,-10.607465523554009
104.61461461461461,-10.524414870500031
104.66466466466467,-10.460876053336888
104.71471471471472,-10.36077550758623
104.76476476476476,-10.254848260423907
104.81481481481481,-10.12238861664932
104.86486486486487,-10.055356495544157
104.91491491491492,-10.023793346391122
104.96496496496496,-9.972856429308488
105.01501501501502,-9.871693616452962
105.06506506506507,-9.797510877480823
105.11511511511512,-9.77808639806739
105.16516516516516,-9.732567343732699
105.21521521521521,-9.685919681549498
105.26526526526527,-9.60075837667395
105.31531531531532,-9.586164926122127
105.36536536536536,-9.533166582602945
105.41541541541542,-9.522376584237344
105.46546546546547,-9.504037179118798
105.51551551551552,-9.482398963826304
105.56556556556556,-9.467380784642485
105.61561561561561,-9.468224925770514
105.66566566566567,-9.530716831773212
105.71571571571572,-9.50844455681969
105.76576576576576,-9.492401460190225
105.81581581581582,-9.497375456181414
105.86586586586587,-9.561943796337113
105.91591591591592,-9.585753811158002
105.96596596596596,-9.593113350843687
106.01601601601601,-9.643812840752092
106.06606606606607,-9.649466714819805
106.11611611611612,-9.70784166253194
106.16616616616616,-9.760846952614518
106.21621621621622,-9.86782519511999
106.26626626626627,-9.941064365824197
106.31631631631632,-10.001358185198953
106.36636636636636,-10.051938982792324
106.41641641641641,-10.13826158255466
106.46646646646647,-10.255255997037075
106.51651651651652,-10.27110476875901
106.56656656656656,-10.33804062828912
106.61661661661662,-10.444801794152797
106.66666666666667,-10.584569572977976
106.71671671671672,-10.694145151615421
106.76676676676676,-10.836503213019048
106.81681681681681,-10.930427356333475
106.86686686686687,-11.015640997523434
106.91691691691692,-11.198968684359167
106.96696696696696,-11.285691571433802
107.01701701701703,-11.371356317350383
107.06706706706707,-11.424001630566526
107.11711711711712,-11.596328451938339
107.16716716716716,-11.780615077973373
107.21721721721721,-11.889428397675351
107.26726726726727,-12.0437434010397
107.31731731731732,-12.122214673425
107.36736736736736,-12.290694264773938
107.41741741741743,-12.441371520588111
107.46746746746747,-12.594392102051824
107.51751751751752,-12.67282454933766
107.56756756756756,-12.76102366298279
107.61761761761761,-12.954885140103803
107.66766766766767,-13.119101116745359
107.71771771771772,-13.238345536989607
107.76776776776777,-13.352764412525769
107.81781781781783,-13.480919900142517
107.86786786786787,-13.639570747663765
107.91791791791792,-13.827081046854618
107.96796796796797,-13.899776080606813
108.01801801801801,-14.010475535509784
108.06806806806807,-14.17414458977584
108.11811811811812,-14.349387881795403
108.16816816816817,-14.503025604422335
108.21821821821823,-14.639631728350574
108.26826826826827,-14.77749767633855
108.31831831831832,-14.895739566870212
108.36836836836837,-15.093940694808037
108.41841841841841,-15.26527885638414
108.46846846846847,-15.366113345691831
108.51851851851852,-15.468545029801327
108.56856856856857,-15.56711002587725
108.61861861861863,-15.766548720872569
108.66866866866867,-15.894163370879754
108.71871871871872,-15.966540591828245
108.76876876876877,-16.05038296553649
108.81881881881881,-16.20724598108973
108.86886886886887,-16.37400420364093
108.91891891891892,-16.459419688217828
108.96896896896897,-16.531739932790906
109.01901901901903,-16.675771954550456
109.06906906906907,-16.857962676589242
109.11911911911912,-17.018502119106525
109.16916916916917,-17.151532414507596
109.21921921921921,-17.216787984375937
109.26926926926927,-17.287877267393934
109.31931931931932,-17.423161542252647
109.36936936936937,-17.603892350399892
109.41941941941943,-17.726214232894932
109.46946946946947,-17.7557941140694
109.51951951951952,-17.86594886366185
109.56956956956957,-18.02656261699185
109.61961961961961,-18.12649610875412
109.66966966966967,-18.18689454232217
109.71971971971972,-18.329163975558696
109.76976976976977,-18.421263664915827
109.81981981981983,-18.49071111532576
109.86986986986987,-18.652124578905333
109.91991991991992,-18.74973079508811
109.96996996996997,-18.801373357682444
110.02002002002001,-18.89594173583324
110.07007007007007,-19.01078745281656
110.12012012012012,-19.09280898073564
110.17017017017017,-19.2007186138846
110.22022022022023,-19.327091957856926
110.27027027027027,-19.43248475225673
110.32032032032032,-19.509857307716942
110.37037037037037,-19.55470591379621
110.42042042042041,-19.6072922996506
110.47047047047047,-19.691138586355
110.52052052052052,-19.76340095885116
110.57057057057057,-19.847927747849678
110.62062062062063,-19.969392254681765
110.67067067067067,-20.049520308927907
110.72072072072072,-20.12299854625469
110.77077077077077,-20.168328446722523
110.82082082082081,-20.23722651746288
110.87087087087087,-20.306430073094816
110.92092092092092,-20.338756344374826
110.97097097097097,-20.39173101079758
111.02102102102103,-20.50558682133193
111.07107107107107,-20.635814505207318
111.12112112112112,-20.67202025274924
111.17117117117117,-20.695412152070407
111.22122122122121,-20.80861508699791
111.27127127127127,-20.894762184026433
111.32132132132132,-20.90107481877721
111.37137137137137,-20.868352928992767
111.42142142142143,-20.90884933197313
111.47147147147147,-20.97016360159503
111.52152152152152,-20.993370815898338
111.57157157157158,-21.04979653341255
111.62162162162163,-21.14248664290693
111.67167167167167,-21.23135296042786
111.72172172172172,-21.23371913650886
111.77177177177177,-21.30435025501712
111.82182182182183,-21.311248139362043
111.87187187187187,-21.269419112876573
111.92192192192192,-21.32849292678938
111.97197197197198,-21.411820078193205
112.02202202202203,-21.493726013911058
112.07207207207207,-21.54747632177102
112.12212212212212,-21.529125053105616
112.17217217217217,-21.552401994250722
112.22222222222223,-21.497239930110517
112.27227227227228,-21.511841613194736
112.32232232232232,-21.52997153989181
112.37237237237238,-21.509217285096923
112.42242242242243,-21.50146107824485
112.47247247247248,-21.52097433775667
112.52252252252252,-21.60047136216776
112.57257257257257,-21.666515429753737
112.62262262262263,-21.6805452997787
112.67267267267268,-21.625693568247634
112.72272272272272,-21.571113112752887
112.77277277277278,-21.58559205202028
112.82282282282283,-21.589211859258587
112.87287287287288,-21.61394422878303
112.92292292292292,-21.637235415480497
112.97297297297297,-21.608082873120154
113.02302302302303,-21.579914517216547
113.07307307307308,-21.59618327976952
113.12312312312312,-21.590264401905372
113.17317317317318,-21.4815056721965
113.22322322322323,-21.468249147863048
113.27327327327328,-21.518401349121202
113.32332332332332,-21.494133770293484
113.37337337337337,-21.43506820356068
113.42342342342343,-21.415607513736123
113.47347347347348,-21.410392370031612
113.52352352352352,-21.353151044893647
113.57357357357358,-21.2603202205653
113.62362362362363,-21.274152739971385
113.67367367367368,-21.289824490034658
113.72372372372372,-21.24890235698254
113.77377377377377,-21.19464521019906
113.82382382382383,-21.17511386043784
113.87387387387388,-21.103981300203433
113.92392392392392,-21.015226117474523
113.97397397397398,-20.955242236859952
114.02402402402403,-20.910120339991717
114.07407407407408,-20.829906121829854
114.12412412412412,-20.75963283454376
114.17417417417417,-20.70947927457223
114.22422422422423,-20.685658990088406
114.27427427427428,-20.634637243234998
114.32432432432432,-20.58261248929228
114.37437437437438,-20.539115537869392
114.42442442442443,-20.466981625558756
114.47447447447448,-20.365925565166854
114.52452452452452,-20.210223052448423
114.57457457457457,-20.11977962980783
114.62462462462463,-20.03589529687294
114.67467467467468,-19.96886091586769
114.72472472472472,-19.951691656945062
114.77477477477478,-19.898612658482847
114.82482482482483,-19.809482387285996
114.87487487487488,-19.698686154363738
114.92492492492492,-19.623680661377726
114.97497497497497,-19.54222765283647
115.02502502502503,-19.378443325519374
115.07507507507508,-19.243275865755933
115.12512512512512,-19.16722937673453
115.17517517517518,-19.140998752089057
115.22522522522523,-19.0200757343147
115.27527527527528,-18.841181302726465
115.32532532532532,-18.7351003705493
115.37537537537537,-18.65680555990022
115.42542542542543,-18.565119844078396
115.47547547547548,-18.453118564491422
115.52552552552552,-18.338514083505377
115.57557557557558,-18.254678134844543
115.62562562562563,-18.163695837993448
115.67567567567568,-18.034520480363774
115.72572572572572,-17.915808997256278
115.77577577577577,-17.771997892777012
115.82582582582583,-17.662945567001987
115.87587587587588,-17.575069563936143
115.92592592592592,-17.4799796338522
115.97597597597598,-17.339501743437044
116.02602602602603,-17.196345998894515
116.07607607607608,-17.15059759555643
116.12612612612612,-17.104114945814324
116.17617617617617,-16.984937696541206
116.22622622622623,-16.79072149064341
116.27627627627628,-16.63116444747811
116.32632632632632,-16.57098576459514
116.37637637637638,-16.459085790613955
116.42642642642643,-16.31544662773827
116.47647647647648,-16.237490346902824
116.52652652652652,-16.13011772975374
116.57657657657657,-16.013514824744806
116.62662662662663,-15.952949926751801
116.67667667667668,-15.887160296638946
116.72672672672672,-15.738525660934004
116.77677677677679,-15.585187790715546
116.82682682682683,-15.53523604998996
116.87687687687688,-15.480701118088463
116.92692692692692,-15.367156076685092
116.97697697697697,-15.24728533826456
117.02702702702703,-15.138895649897197
117.07707707707708,-15.0983537029971
117.12712712712712,-15.057365940727578
117.17717717717719,-14.980637941166975
117.22722722722723,-14.886234234415324
117.27727727727728,-14.86490990018613
117.32732732732732,-14.89699764431318
117.37737737737737,-14.883710139508402
117.42742742742743,-14.826695010504642
117.47747747747748,-14.74161438720989
117.52752752752752,-14.676291007270757
117.57757757757759,-14.620398450708558
117.62762762762763,-14.608667507191923
117.67767767767768,-14.556716315400188
117.72772772772772,-14.482879119459518
117.77777777777777,-14.533569325705741
117.82782782782783,-14.655541146098432
117.87787787787788,-14.720955524996477
117.92792792792793,-14.69960676207974
117.97797797797799,-14.700454752342253
118.02802802802803,-14.717343565064676
118.07807807807808,-14.732257612952397
118.12812812812813,-14.739947853179537
118.17817817817817,-14.703938238938111
118.22822822822823,-14.70251284462301
118.27827827827828,-14.789626417603422
118.32832832832833,-14.927992771554097
118.37837837837839,-14.980000029972926
118.42842842842843,-15.048712724997053
118.47847847847848,-15.09085054458687
118.52852852852853,-15.171200253436457
118.57857857857857,-15.268095966392126
118.62862862862863,-15.371114978926348
118.67867867867868,-15.40581384902956
118.72872872872873,-15.416924493075413
118.77877877877879,-15.570300368191576
118.82882882882883,-15.686142449246239
118.87887887887888,-15.764311796115502
118.92892892892893,-15.865019912501568
118.97897897897897,-15.966525189061821
119.02902902902903,-16.065620745421956
119.07907907907908,-16.202787889144197
119.12912912912913,-16.330921376443115
119.17917917917919,-16.385535189090934
119.22922922922923,-16.41723631512222
119.27927927927928,-16.49938284298681
119.32932932932933,-16.644874959651773
119.37937937937937,-16.769072893188238
119.42942942942943,-16.835738017242456
119.47947947947948,-16.940073045768067
119.52952952952953,-17.13713568719529
119.57957957957959,-17.348817904580102
119.62962962962963,-17.464125866095966
119.67967967967968,-17.56958146144546
119.72972972972973,-17.648398156507728
119.77977977977977,-17.753810954228204
119.82982982982983,-17.82599431292803
119.87987987987988,-17.87721687594317
119.92992992992993,-17.957221831191976
119.97997997997999,-17.96273321419361
120.03003003003003,-18.101484212550368
120.08008008008008,-18.342170528426816
120.13013013013014,-18.510223921881956
120.18018018018019,-18.548388333033927
120.23023023023023,-18.670228576298964
120.28028028028028,-18.821668592257353
120.33033033033033,-18.89621831329289
120.38038038038039,-18.961715030261516
120.43043043043043,-19.06028926256229
120.48048048048048,-19.138009236509046
120.53053053053054,-19.2563727171493
120.58058058058059,-19.436867748414627
120.63063063063063,-19.54375211162913
120.68068068068068,-19.647656915532018
120.73073073073073,-19.664651160059194
120.78078078078079,-19.755121536384355
120.83083083083083,-19.855771424259807
120.88088088088088,-19.894941557668457
120.93093093093094,-19.937629470696688
120.98098098098099,-19.981486725006135
121.03103103103103,-20.10816042289314
121.08108108108108,-20.25077614181071
121.13113113113113,-20.25751126858268
121.18118118118119,-20.28583721466084
121.23123123123123,-20.440165879415275
121.28128128128128,-20.5969749189041
121.33133133133134,-20.694142025820685
121.38138138138139,-20.712446485419473
121.43143143143143,-20.712117288498273
121.48148148148148,-20.703821903089498
121.53153153153153,-20.75927678427982
121.58158158158159,-20.881278187962476
121.63163163163163,-20.89733004203987
121.68168168168168,-20.90092390157158
121.73173173173174,-20.980666038586868
121.78178178178179,-21.09430177646769
121.83183183183183,-21.214786400591464
121.88188188188188,-21.280372216414918
121.93193193193193,-21.255313331331884
121.98198198198199,-21.299890668961314
122.03203203203203,-21.42486528575644
122.08208208208208,-21.46352420568878
122.13213213213214,-21.38717471220785
122.18218218218217,-21.376095480223142
122.23223223223223,-21.478722606839217
122.28228228228228,-21.47328646368933
122.33233233233233,-21.48892055134483
122.38238238238239,-21.54685128383549
122.43243243243244,-21.52784808487542
122.48248248248248,-21.552752568665014
122.53253253253254,-21.65242409738762
122.58258258258257,-21.69288011210406
122.63263263263264,-21.6580806176222
122.68268268268268,-21.632483503593573
122.73273273273273,-21.649005714289192
122.78278278278279,-21.682144743772266
122.83283283283284,-21.70847094028777
122.88288288288288,-21.689600569641613
122.93293293293294,-21.620072523982888
122.98298298298297,-21.676055212647256
123.03303303303304,-21.72275830176247
123.08308308308308,-21.754293511453707
123.13313313313313,-21.68633464665491
123.18318318318319,-21.651706883895486
123.23323323323324,-21.68912901899528
123.28328328328328,-21.646809363991842
123.33333333333334,-21.637058630434755
123.38338338338338,-21.62086749674798
123.43343343343344,-21.58025097226741
123.48348348348348,-21.610194498115703
123.53353353353353,-21.62718837632702
123.58358358358359,-21.57762819997483
123.63363363363364,-21.529572293595407
123.68368368368368,-21.534962974436564
123.73373373373374,-21.545310433080928
123.78378378378378,-21.479974492673428
123.83383383383384,-21.47013145249404
123.88388388388388,-21.39612372008056
123.93393393393393,-21.330832853302507
123.98398398398399,-21.375770698507687
124.03403403403404,-21.351338931625687
124.08408408408408,-21.22092202065945
124.13413413413414,-21.146544642266512
124.18418418418419,-21.154172556028847
124.23423423423424,-21.15239480000811
124.2842842842843,-21.069901643465204
124.33433433433433,-21.068872253000563
124.38438438438439,-20.986327401723912
124.43443443443444,-20.873216678471746
124.48448448448448,-20.90285782833252
124.53453453453454,-20.851959758106826
124.58458458458459,-20.751417888775947
124.63463463463464,-20.73991301838837
124.6846846846847,-20.65549111114319
124.73473473473473,-20.643547314058697
124.78478478478479,-20.582934949494256
124.83483483483484,-20.49097543294921
124.88488488488488,-20.39997664816828
124.93493493493494,-20.337349755623823
124.98498498498499,-20.283794833612394
125.03503503503504,-20.185200055409993
125.0850850850851,-20.105107731453998
125.13513513513513,-20.056826640800573
125.18518518518519,-19.96652567213779
125.23523523523524,-19.884443057407307
125.28528528528528,-19.801992527654086
125.33533533533534,-19.736827519525885
125.38538538538539,-19.646956772358934
125.43543543543544,-19.534340630495908
125.4854854854855,-19.46574727821699
125.53553553553553,-19.368039888698366
125.58558558558559,-19.257302623502504
125.63563563563564,-19.16883614985795
125.68568568568568,-19.140911302193214
125.73573573573574,-18.996047003340482
125.78578578578579,-18.838364410309897
125.83583583583584,-18.75224020341681
125.8858858858859,-18.68373930758675
125.93593593593593,-18.612222368742714
125.98598598598599,-18.54064206833257
126.03603603603604,-18.41121025207443
126.08608608608608,-18.296739134197818
126.13613613613614,-18.191210980709574
126.18618618618619,-18.070069303637688
126.23623623623624,-17.908589170610547
126.2862862862863,-17.8299646042501
126.33633633633633,-17.704624236691288
126.38638638638639,-17.57741735042076
126.43643643643644,-17.53308783647057
126.48648648648648,-17.415001396598385
126.53653653653654,-17.258346440361212
126.58658658658659,-17.105698897548674
126.63663663663664,-17.0335355764942
126.6866866866867,-16.90172338231457
126.73673673673673,-16.771615547958465
126.78678678678679,-16.65500028588842
126.83683683683684,-16.53838011134697
126.88688688688688,-16.42149490999539
126.93693693693695,-16.275984917937237
126.98698698698699,-16.105001748729673
127.03703703703704,-15.984363165578573
127.0870870870871,-15.852039024814086
127.13713713713713,-15.720010569292086
127.18718718718719,-15.610760167370504
127.23723723723724,-15.483420762287864
127.28728728728728,-15.362328608845196
127.33733733733735,-15.201709661629362
127.38738738738739,-15.097939970271947
127.43743743743744,-14.987287205884815
127.4874874874875,-14.818273203309433
127.53753753753753,-14.669850864092277
127.58758758758759,-14.531387668229227
127.63763763763764,-14.39326566803646
127.68768768768768,-14.200680878393344
127.73773773773775,-14.090622575301046
127.78778778778779,-13.985701161995173
127.83783783783784,-13.857373125550474
127.8878878878879,-13.697359448171337
127.93793793793793,-13.571416173304751
127.98798798798799,-13.403519410420946
128.03803803803805,-13.26240217950004
128.08808808808809,-13.127275259214093
128.13813813813815,-13.010375572442124
128.18818818818818,-12.896734570324874
128.23823823823824,-12.746407721137343
128.2882882882883,-12.616569121354457
128.33833833833833,-12.504569132198375
128.3883883883884,-12.39118707713118
128.43843843843842,-12.252360043699005
128.48848848848849,-12.12736952110578
128.53853853853855,-12.012238147996737
128.5885885885886,-11.88544111962826
128.63863863863864,-11.768770492647018
128.6886886886887,-11.646360114667507
128.73873873873873,-11.537079348391247
128.7887887887888,-11.41188270782144
128.83883883883885,-11.317497377356794
128.88888888888889,-11.216507708133117
128.93893893893895,-11.14592454713402
128.98898898898898,-11.05247584367263
129.03903903903904,-10.968347418737569
129.0890890890891,-10.897248544965752
129.13913913913913,-10.788816499286408
129.1891891891892,-10.715192886664603
129.23923923923923,-10.626178955219057
129.2892892892893,-10.543561789580039
129.33933933933935,-10.459300923370835
129.3893893893894,-10.421662774480525
129.43943943943944,-10.350912941562235
129.4894894894895,-10.307364036084316
129.53953953953953,-10.32519487333451
129.5895895895896,-10.281436024020884
129.63963963963965,-10.23558274294448
129.6896896896897,-10.188181196056794
129.73973973973975,-10.213309318919238
129.78978978978978,-10.171086309154045
129.83983983983984,-10.143378789502469
129.8898898898899,-10.130047510188758
129.93993993993993,-10.121484380868683
129.98998998999,-10.130287403755187
130.04004004004003,-10.157858188176192
130.0900900900901,-10.18810570199381
130.14014014014015,-10.182014601565612
130.1901901901902,-10.24151925401249
130.24024024024024,-10.307995719596262
130.2902902902903,-10.36422143467837
130.34034034034033,-10.378896995794035
130.3903903903904,-10.424982991249756
130.44044044044045,-10.489943143603917
130.4904904904905,-10.52511130029999
130.54054054054055,-10.59883143280782
130.59059059059058,-10.629997716213056
130.64064064064064,-10.693812762812964
130.6906906906907,-10.775451701464169
130.74074074074073,-10.91521786713418
130.7907907907908,-11.013151533311595
130.84084084084083,-11.089758514935305
130.8908908908909,-11.209194774837448
130.94094094094095,-11.293656550944185
130.990990990991,-11.400473300184203
131.04104104104104,-11.466063680256502
131.0910910910911,-11.578517999773583
131.14114114114113,-11.670892622375357
131.1911911911912,-11.80236289660126
131.24124124124126,-11.944194465658628
131.2912912912913,-12.075308595120841
131.34134134134135,-12.186510195333415
131.39139139139138,-12.318583818325235
131.44144144144144,-12.493006327668251
131.4914914914915,-12.611976444013079
131.54154154154153,-12.740580706882627
131.5915915915916,-12.837508448627727
131.64164164164163,-12.954653045514979
131.6916916916917,-13.082404818685253
131.74174174174175,-13.191470183647423
131.7917917917918,-13.371530861746663
131.84184184184184,-13.505233753125774
131.8918918918919,-13.70227087753542
131.94194194194193,-13.867378751378535
131.991991991992,-14.031753326906172
132.04204204204206,-14.164003766227857
132.0920920920921,-14.265546277411104
132.14214214214215,-14.458371738848204
132.19219219219218,-14.55931858540729
132.24224224224224,-14.697749247397264
132.2922922922923,-14.853774689273687
132.34234234234233,-15.010056047869933
132.3923923923924,-15.139318990266588
132.44244244244243,-15.267370436265377
132.4924924924925,-15.460700061209806
132.54254254254255,-15.62441340788532
132.5925925925926,-15.766247937369268
132.64264264264264,-15.871882081403541
132.6926926926927,-16.042686242120617
132.74274274274273,-16.12727401703839
132.7927927927928,-16.274991906537615
132.84284284284286,-16.435269882071545
132.8928928928929,-16.570300797610688
132.94294294294295,-16.624834040517065
132.99299299299298,-16.789830678378628
133.04304304304304,-16.974021532823443
133.0930930930931,-17.100822943383495
133.14314314314316,-17.24315706785144
133.1931931931932,-17.366006781674606
133.24324324324326,-17.522061629097053
133.2932932932933,-17.5805254202406
133.34334334334335,-17.69502289325923
133.3933933933934,-17.722564697050608
133.44344344344344,-17.849055532634427
133.4934934934935,-17.99408118577846
133.54354354354354,-18.11196160683852
133.5935935935936,-18.25997799625414
133.64364364364366,-18.326938243155492
133.6936936936937,-18.45929810176326
133.74374374374375,-18.564765621344193
133.79379379379378,-18.722509974918758
133.84384384384384,-18.75241188740971
133.8938938938939,-18.755803783938674
133.94394394394396,-18.8463290674681
133.993993993994,-18.925680531003017
134.04404404404406,-19.017763198028057
134.0940940940941,-19.08167619006565
134.14414414414415,-19.17711511041881
134.1941941941942,-19.262321535663624
134.24424424424424,-19.294379947850864
134.2942942942943,-19.422716563960467
134.34434434434434,-19.40169946328743
134.3943943943944,-19.42130944110943
134.44444444444446,-19.478499239299975
134.4944944944945,-19.55340991448877
134.54454454454455,-19.52117729165864
134.59459459459458,-19.633513019295222
134.64464464464464,-19.57942645655123
134.6946946946947,-19.69103678834737
134.74474474474476,-19.770111156142107
134.7947947947948,-19.816976183396864
134.84484484484486,-19.802860171575315
134.8948948948949,-19.81367872670749
134.94494494494495,-19.84724412720067
134.994994994995,-19.817457266194626
135.04504504504504,-19.783713437768377
135.0950950950951,-19.784648558215974
135.14514514514514,-19.75718325978121
135.1951951951952,-19.747958321247722
135.24524524524526,-19.798464522825974
135.2952952952953,-19.810910881430758
135.34534534534535,-19.74655757617672
135.39539539539538,-19.712556385787874
135.44544544544544,-19.711631264677635
135.4954954954955,-19.718592230965474
135.54554554554556,-19.654030045419177
135.5955955955956,-19.638658338655016
135.64564564564566,-19.53869716234659
135.6956956956957,-19.553579932616575
135.74574574574575,-19.52246224588008
135.7957957957958,-19.440920056081335
135.84584584584584,-19.47885400953817
135.8958958958959,-19.36204480005078
135.94594594594594,-19.367884620110285
135.995995995996,-19.27810814116275
136.04604604604606,-19.233633956267933
136.0960960960961,-19.177096703309694
136.14614614614615,-19.089308126970135
136.19619619619618,-19.039640413314373
136.24624624624624,-19.021408850105875
136.2962962962963,-18.887813623167276
136.34634634634637,-18.835047985270283
136.3963963963964,-18.755310197358682
136.44644644644646,-18.728127011009086
136.4964964964965,-18.687137728073637
136.54654654654655,-18.576349203179227
136.5965965965966,-18.48672736762841
136.64664664664664,-18.421332088245027
136.6966966966967,-18.325050554535526
136.74674674674674,-18.262393919686346
136.7967967967968,-18.10233515233289
136.84684684684686,-18.030335018457542
136.8968968968969,-17.926637970203434
136.94694694694695,-17.87496359312943
136.99699699699698,-17.807937976347777
137.04704704704704,-17.65898740753603
137.0970970970971,-17.54941601921449
137.14714714714717,-17.45117043709909
137.1971971971972,-17.40497025672284
137.24724724724726,-17.29835496339291
137.2972972972973,-17.15846030701826
137.34734734734735,-17.00998349380939
137.3973973973974,-16.959623673991054
137.44744744744744,-16.877814423921762
137.4974974974975,-16.75022770713757
137.54754754754754,-16.615687489427096
137.5975975975976,-16.49971096389061
137.64764764764766,-16.380147121445866
137.6976976976977,-16.272713129867903
137.74774774774775,-16.174722362336013
137.79779779779778,-16.02835879840584
137.84784784784785,-15.857501222335792
137.8978978978979,-15.795770461407992
137.94794794794797,-15.682812703892102
137.997997997998,-15.54920493519433
138.04804804804806,-15.413875637660933
138.0980980980981,-15.278723620588996
138.14814814814815,-15.181448677511318
138.1981981981982,-15.029048631407802
138.24824824824825,-14.925229483220653
138.2982982982983,-14.79305609550698
138.34834834834834,-14.647023447243836
138.3983983983984,-14.556862234000622
138.44844844844846,-14.406102309983535
138.4984984984985,-14.231542074969383
138.54854854854855,-14.062923800359725
138.59859859859858,-13.928568351703289
138.64864864864865,-13.823304588343506
138.6986986986987,-13.643808022027246
138.74874874874877,-13.545228663538596
138.7987987987988,-13.394473534069137
138.84884884884886,-13.25361385016687
138.8988988988989,-13.115721891808137
138.94894894894895,-12.94894242021021
138.998998998999,-12.829724682699856
139.04904904904905,-12.64219953928076
139.0990990990991,-12.52643390609805
139.14914914914914,-12.379118315327464
139.1991991991992,-12.2356541476991
139.24924924924926,-12.091965142985757
139.2992992992993,-11.938863088528919
139.34934934934935,-11.783508385512429
139.39939939939939,-11.633719928356616
139.44944944944945,-11.482748955556325
139.4994994994995,-11.317191531517988
139.54954954954957,-11.218876656309655
139.5995995995996,-11.07272411874859
139.64964964964966,-10.90210924906093
139.6996996996997,-10.76025593617574
139.74974974974975,-10.67126090636368
139.7997997997998,-10.482374711370188
139.84984984984985,-10.319386346313875
139.8998998998999,-10.175650225810612
139.94994994994994,-10.051161680877897
140.0,-9.889230233614331
