freq,trans_dB
90.0,-10.175606278398114
90.05005005005005,-10.092167070567225
90.10010010010011,-9.936051639618427
90.15015015015015,-9.807132867121963
90.2002002002002,-9.630411557371144
90.25025025025025,-9.557558327062239
90.30030030030031,-9.485646642596747
90.35035035035035,-9.344923552422959
90.4004004004004,-9.198531064591759
90.45045045045045,-9.134667309763408
90.50050050050051,-9.03346828126138
90.55055055055055,-8.881901261019665
90.6006006006006,-8.759553539003997
90.65065065065065,-8.715108906403948
90.70070070070071,-8.534613514426209
90.75075075075075,-8.482498591877901
90.8008008008008,-8.432848515002586
90.85085085085085,-8.29418075505095
90.90090090090091,-8.206616758082614
90.95095095095095,-8.10759285064135
91.001001001001,-8.007065940750973
91.05105105105105,-7.928574859716795
91.10110110110111,-7.8462155251852375
91.15115115115115,-7.688563106592776
91.2012012012012,-7.629251571392181
91.25125125125125,-7.596905258230922
91.30130130130131,-7.540482124257781
91.35135135135135,-7.40818295588735
91.4014014014014,-7.339467625962236
91.45145145145145,-7.271878075620717
91.50150150150151,-7.195845358524505
91.55155155155155,-7.146154132358785
91.6016016016016,-7.075637160153044
91.65165165165165,-6.991209409678004
91.70170170170171,-6.922381647567694
91.75175175175175,-6.894064709377655
91.8018018018018,-6.9015750670153615
91.85185185185185,-6.786705551340834
91.90190190190191,-6.760490503907795
91.95195195195195,-6.708565515168332
92.002002002002,-6.685522652238698
92.05205205205205,-6.612722581729184
92.10210210210211,-6.604714703107108
92.15215215215215,-6.4939075039743175
92.2022022022022,-6.5067980497630655
92.25225225225225,-6.482826323621725
92.30230230230231,-6.4988815837414835
92.35235235235236,-6.440860223589925
92.4024024024024,-6.393170848014946
92.45245245245245,-6.438908338123903
92.50250250250251,-6.40515887563572
92.55255255255256,-6.409537007146462
92.6026026026026,-6.367791975395111
92.65265265265265,-6.3567762504043195
92.70270270270271,-6.3504698255268
92.75275275275276,-6.380345781767176
92.8028028028028,-6.364307404956431
92.85285285285285,-6.368106114464864
92.90290290290291,-6.3557987214187
92.95295295295296,-6.382257220930671
93.003003003003,-6.428374213174651
93.05305305305305,-6.49394689342621
93.10310310310311,-6.453508291824769
93.15315315315316,-6.442136284783119
93.2032032032032,-6.490490937262236
93.25325325325325,-6.598446175678049
93.30330330330331,-6.578745461382797
93.35335335335336,-6.594409489686726
93.4034034034034,-6.593642308377931
93.45345345345345,-6.714223073792737
93.50350350350351,-6.8031033780079975
93.55355355355356,-6.885279577155963
93.6036036036036,-6.900286118221868
93.65365365365365,-6.921899653576748
93.70370370370371,-7.04831464182767
93.75375375375376,-7.121200132508479
93.8038038038038,-7.174030808020532
93.85385385385385,-7.215569208645191
93.90390390390391,-7.288253992589663
93.95395395395396,-7.388398191523801
94.004004004004,-7.576132334384151
94.05405405405405,-7.66705659663049
94.10410410410411,-7.696147964079456
94.15415415415416,-7.820039167247672
94.2042042042042,-7.9704329668896055
94.25425425425425,-8.128254435444857
94.30430430430431,-8.159387710048971
94.35435435435436,-8.288213539878353
94.4044044044044,-8.39026361943292
94.45445445445445,-8.570686445680892
94.50450450450451,-8.77834738893543
94.55455455455456,-8.884481068463971
94.6046046046046,-8.951636851211592
94.65465465465465,-9.167005719075021
94.70470470470471,-9.345341886487239
94.75475475475476,-9.495995551646425
94.8048048048048,-9.641638424948143
94.85485485485485,-9.839794958451993
94.90490490490491,-9.93298623248395
94.95495495495496,-10.15618032342671
95.005005005005,-10.357076209485179
95.05505505505505,-10.480908586621421
95.10510510510511,-10.565685651367447
95.15515515515516,-10.781729533103334
95.2052052052052,-11.084640924876984
95.25525525525525,-11.277000165244802
95.30530530530531,-11.407332789100433
95.35535535535536,-11.606684655053805
95.4054054054054,-11.833187948943591
95.45545545545545,-12.008196705872622
95.50550550550551,-12.22070987346919
95.55555555555556,-12.389716135029635
95.6056056056056,-12.53161229963429
95.65565565565565,-12.719741597715046
95.70570570570571,-13.00028332810611
95.75575575575576,-13.188568412753678
95.8058058058058,-13.407271716757089
95.85585585585585,-13.59571967545258
95.90590590590591,-13.786951943051998
95.95595595595596,-14.060215708814784
96.006006006006,-14.246592639277884
96.05605605605605,-14.399998983321623
96.10610610610611,-14.51477799472132
96.15615615615616,-14.792368780415341
96.2062062062062,-14.953044337199696
96.25625625625625,-15.095544681497541
96.30630630630631,-15.391147049580944
96.35635635635636,-15.58601644334562
96.4064064064064,-15.847508509711876
96.45645645645645,-16.00337422910601
96.50650650650651,-16.24865850307894
96.55655655655656,-16.43241447466924
96.6066066066066,-16.52515461347137
96.65665665665665,-16.71929401621234
96.70670670670671,-16.908579408521582
96.75675675675676,-17.018897666604836
96.8068068068068,-17.198059106151543
96.85685685685685,-17.30701488342939
96.90690690690691,-17.565781473816592
96.95695695695696,-17.830355946773178
97.007007007007,-17.969483013158513
97.05705705705705,-18.149081548049192
97.10710710710711,-18.249568743091878
97.15715715715716,-18.476663902859933
97.2072072072072,-18.59941931073976
97.25725725725725,-18.785717082414603
97.30730730730731,-18.841343267961182
97.35735735735736,-19.02632992820624
97.4074074074074,-19.218799769452332
97.45745745745745,-19.312926272647807
97.50750750750751,-19.390515950179385
97.55755755755756,-19.541520640575023
97.6076076076076,-19.555802141365767
97.65765765765767,-19.760642748831337
97.70770770770771,-19.833246268105817
97.75775775775776,-19.898893509152316
97.8078078078078,-20.005056954867477
97.85785785785785,-20.10137926360208
97.90790790790791,-20.227137406021388
97.95795795795796,-20.35940742634149
98.008008008008,-20.455737135870763
98.05805805805807,-20.462206813982757
98.10810810810811,-20.610185513832377
98.15815815815816,-20.67466565539909
98.2082082082082,-20.628392038640023
98.25825825825825,-20.662976631074667
98.30830830830831,-20.71422472399403
98.35835835835836,-20.739180308209075
98.4084084084084,-20.781303538884234
98.45845845845847,-20.855409935966815
98.50850850850851,-20.82994183201871
98.55855855855856,-20.817744382869407
98.6086086086086,-20.86400715522767
98.65865865865865,-20.83381143882255
98.70870870870871,-20.83262714193527
98.75875875875876,-20.848634440687842
98.8088088088088,-20.80618806413375
98.85885885885887,-20.933321057402512
98.90890890890891,-20.901494169979408
98.95895895895896,-20.87713462554416
99.009009009009,-20.778487552726368
99.05905905905905,-20.796525345770387
99.10910910910911,-20.777369407173676
99.15915915915916,-20.694540378506208
99.2092092092092,-20.707394505032255
99.25925925925927,-20.635910347115132
99.30930930930931,-20.557554829281823
99.35935935935936,-20.528478373642614
99.4094094094094,-20.425750081741597
99.45945945945945,-20.377314483231885
99.50950950950951,-20.278462067001282
99.55955955955956,-20.19839486540266
99.6096096096096,-20.176018922712803
99.65965965965967,-20.142319659579968
99.70970970970971,-20.13829055759893
99.75975975975976,-20.053731289404503
99.8098098098098,-20.01789693721085
99.85985985985985,-19.991540573698295
99.90990990990991,-19.782112860146903
99.95995995995996,-19.756161527753928
100.01001001001,-19.607229994182045
100.06006006006007,-19.490925636931983
100.11011011011011,-19.406690255058848
100.16016016016016,-19.346804060066567
100.2102102102102,-19.26450278470786
100.26026026026025,-19.172548714594242
100.31031031031031,-19.109402209721498
100.36036036036036,-19.006914607365317
100.4104104104104,-18.8896249344104
100.46046046046047,-18.82088893406757
100.51051051051051,-18.70553591671508
100.56056056056056,-18.560847911979682
100.6106106106106,-18.487927339797846
100.66066066066065,-18.38345641115456
100.71071071071071,-18.32044247693358
100.76076076076076,-18.236324208001797
100.8108108108108,-18.131220821285794
100.86086086086087,-18.026612367850383
100.91091091091091,-17.90441410212052
100.96096096096096,-17.8548255989377
101.011011011011,-17.727272504136838
101.06106106106107,-17.613449633280798
101.11111111111111,-17.504221291214304
101.16116116116116,-17.379398720419267
101.21121121121121,-17.259843997326854
101.26126126126127,-17.11619710985585
101.31131131131131,-17.06209768984062
101.36136136136136,-16.91093678057018
101.41141141141141,-16.758710733501427
101.46146146146147,-16.687650845145324
101.51151151151151,-16.624963061894476
101.56156156156156,-16.502459270563364
101.61161161161161,-16.36965161644842
101.66166166166167,-16.294349622292295
101.71171171171171,-16.259289381041118
101.76176176176176,-16.037053697332535
101.81181181181181,-15.937867130850154
101.86186186186187,-15.81044626563994
101.91191191191191,-15.663161103854593
101.96196196196196,-15.523718129578086
102.01201201201201,-15.423613354841926
102.06206206206207,-15.317377491990493
102.11211211211211,-15.179781027219802
102.16216216216216,-15.083109396644186
102.21221221221221,-14.993906211230742
102.26226226226227,-14.859624586806314
102.31231231231232,-14.693696365696965
102.36236236236236,-14.570883971776313
102.41241241241241,-14.458596061966162
102.46246246246247,-14.353945655817297
102.51251251251252,-14.256824291534443
102.56256256256256,-14.14894063791035
102.61261261261261,-14.035005988689988
102.66266266266267,-13.939460625317963
102.71271271271272,-13.828286816453879
102.76276276276276,-13.708641156171879
102.81281281281281,-13.571158968500205
102.86286286286287,-13.43909877188948
102.91291291291292,-13.35115885103944
102.96296296296296,-13.236273191573918
103.01301301301301,-13.084375615383754
103.06306306306307,-12.913282526032669
103.11311311311312,-12.827132486299469
103.16316316316316,-12.767134300385385
103.21321321321321,-12.688696493687658
103.26326326326327,-12.62759046955588
103.31331331331332,-12.527429162333538
103.36336336336336,-12.3887511660532
103.41341341341341,-12.278904253176
103.46346346346347,-12.19052917055012
103.51351351351352,-12.112913269709559
103.56356356356356,-11.95673632073421
103.61361361361361,-11.840805372352394
103.66366366366367,-11.768538967184028
103.71371371371372,-11.677003213993267
103.76376376376376,-11.593036571065406
103.81381381381381,-11.507993069144648
103.86386386386387,-11.445159405120565
103.91391391391392,-11.385011254523793
103.96396396396396,-11.307325109800647
104.01401401401401,-11.24748170157101
104.06406406406407,-11.154104804493812
104.11411411411412,-11.072673658052372
104.16416416416416,-11.031018454819126
104.21421421421421,-11.0209906537108
104.26426426426427,-10.959972640987527
104.31431431431432,-10.868110463722866
104.36436436436436,-10.78561418747945
104.41441441441441,-10.7651942662856
104.46446446446447,-10.722939516718121
104.51451451451452,-10.6864879708774
104.56456456456456,-10.653814902922154
104.61461461461461,-10.652728156514836
104.66466466466467,-10.636960006602253
104.71471471471472,-10.610937878465808
104.76476476476476,-10.557575498588266
104.81481481481481,-10.487844385353007
104.86486486486487,-10.493555100644153
104.91491491491492,-10.555408589299725
104.96496496496496,-10.587445059898478
105.01501501501502,-10.59710330752045
105.06506506506507,-10.610107207169976
105.11511511511512,-10.649786786120563
105.16516516516516,-10.689305752721971
105.21521521521521,-10.721789376367067
105.26526526526527,-10.736955855309956
105.31531531531532,-10.76273746801788
105.36536536536536,-10.782048013294881
105.41541541541542,-10.860302847427523
105.46546546546547,-10.955282587276404
105.51551551551552,-11.026193509902319
105.56556556556556,-11.09130986949221
105.61561561561561,-11.236402362069711
105.66566566566567,-11.367895539393333
105.71571571571572,-11.402028031143313
105.76576576576576,-11.48243155987535
105.81581581581582,-11.57273439590991
105.86586586586587,-11.712347920771473
105.91591591591592,-11.850007630823546
105.96596596596596,-11.995199514251167
106.01601601601601,-12.131822215319525
106.06606606606607,-12.220154847962409
106.11611611611612,-12.384560136676576
106.16616616616616,-12.555455699759777
106.21621621621622,-12.721327881083246
106.26626626626627,-12.889400463971375
106.31631631631632,-13.041890223839367
106.36636636636636,-13.202791395249651
106.41641641641641,-13.424894986246434
106.46646646646647,-13.644298459889635
106.51651651651652,-13.778098721221165
106.56656656656656,-13.957689355510817
106.61661661661662,-14.166610332693438
106.66666666666667,-14.422568599011308
106.71671671671672,-14.632068906626932
106.76676676676676,-14.846856489459975
106.81681681681681,-15.069338901455037
106.86686686686687,-15.289595531277785
106.91691691691692,-15.553345397120516
106.96696696696696,-15.796244146662014
107.01701701701703,-16.025476112476518
107.06706706706707,-16.157881610599453
107.11711711711712,-16.36748332817347
107.16716716716716,-16.62097943775343
107.21721721721721,-16.885059367438988
107.26726726726727,-17.193811621124688
107.31731731731732,-17.40769666761767
107.36736736736736,-17.73191080710143
107.41741741741743,-18.0542101855707
107.46746746746747,-18.298907295734708
107.51751751751752,-18.476416671834343
107.56756756756756,-18.754484112034124
107.61761761761761,-19.022407298812784
107.66766766766767,-19.31513522836538
107.71771771771772,-19.582856998698315
107.76776776776777,-19.798351710141873
107.81781781781783,-20.070839995665732
107.86786786786787,-20.369805372069163
107.91791791791792,-20.655071542458803
107.96796796796797,-20.91545007598668
108.01801801801801,-21.114609725676452
108.06806806806807,-21.325498573794043
108.11811811811812,-21.616763695166966
108.16816816816817,-21.865707591839733
108.21821821821823,-22.114816484917952
108.26826826826827,-22.366130851848858
108.31831831831832,-22.60288772650444
108.36836836836837,-22.883510836884373
108.41841841841841,-23.196181485429875
108.46846846846847,-23.384267868005356
108.51851851851852,-23.66641408337909
108.56856856856857,-23.960485351005243
108.61861861861863,-24.26258484663323
108.66866866866867,-24.484340990894367
108.71871871871872,-24.693641403251668
108.76876876876877,-24.860395210105533
108.81881881881881,-25.164863273980686
108.86886886886887,-25.374625413143434
108.91891891891892,-25.48967595957457
108.96896896896897,-25.610306255841067
109.01901901901903,-25.697209883014022
109.06906906906907,-25.94595734656972
109.11911911911912,-26.14172457516147
109.16916916916917,-26.42644439808042
109.21921921921921,-26.67552026287894
109.26926926926927,-26.712965481595138
109.31931931931932,-26.804658336400983
109.36936936936937,-27.047239748652128
109.41941941941943,-27.221250305564002
109.46946946946947,-27.16346138479912
109.51951951951952,-27.200200490836007
109.56956956956957,-27.463644848413583
109.61961961961961,-27.58713655111475
109.66966966966967,-27.70284182698403
109.71971971971972,-27.788382920030372
109.76976976976977,-27.87363732801661
109.81981981981983,-27.90454818736992
109.86986986986987,-27.833367423365306
109.91991991991992,-27.837479166994513
109.96996996996997,-27.900574697571038
110.02002002002001,-27.95297558781394
110.07007007007007,-28.0200205227571
110.12012012012012,-28.05291466479932
110.17017017017017,-28.052022231929563
110.22022022022023,-27.987582425388922
110.27027027027027,-27.980096246621592
110.32032032032032,-28.15717376214428
110.37037037037037,-28.11574707462587
110.42042042042041,-28.02222090194974
110.47047047047047,-27.97796233442937
110.52052052052052,-28.058462887467062
110.57057057057057,-27.987803125413198
110.62062062062063,-27.799617062226712
110.67067067067067,-27.860436119403584
110.72072072072072,-27.749237961997043
110.77077077077077,-27.65015965270159
110.82082082082081,-27.66106157119299
110.87087087087087,-27.65766221798159
110.92092092092092,-27.64376798289588
110.97097097097097,-27.470109208965958
111.02102102102103,-27.53128649405085
111.07107107107107,-27.579481198166402
111.12112112112112,-27.38654224701185
111.17117117117117,-27.15818237354341
111.22122122122121,-27.172789336974585
111.27127127127127,-27.258719208224832
111.32132132132132,-27.188041240004267
111.37137137137137,-27.133828038892933
111.42142142142143,-27.160209649596645
111.47147147147147,-27.10819416068392
111.52152152152152,-27.00785997924853
111.57157157157158,-26.85388508201135
111.62162162162163,-26.80600606407991
111.67167167167167,-26.683726205420854
111.72172172172172,-26.61323846069925
111.77177177177177,-26.686620409326117
111.82182182182183,-26.717481992761744
111.87187187187187,-26.566268127878896
111.92192192192192,-26.392618457511027
111.97197197197198,-26.413645252365104
112.02202202202203,-26.361399473532366
112.07207207207207,-26.19599533951154
112.12212212212212,-26.194907805967098
112.17217217217217,-26.174422053147005
112.22222222222223,-26.1465185707994
112.27227227227228,-26.06811433560085
112.32232232232232,-26.058993512271662
112.37237237237238,-25.97719593154105
112.42242242242243,-25.7783066054962
112.47247247247248,-25.691567462024736
112.52252252252252,-25.573597197962375
112.57257257257257,-25.560241011101866
112.62262262262263,-25.54537359850503
112.67267267267268,-25.41571715996595
112.72272272272272,-25.367903221404337
112.77277277277278,-25.343235319241295
112.82282282282283,-25.29438652019252
112.87287287287288,-25.251199384838998
112.92292292292292,-25.264509410392694
112.97297297297297,-25.257966761979628
113.02302302302303,-25.11736744029022
113.07307307307308,-25.004109627328504
113.12312312312312,-24.982934915920364
113.17317317317318,-24.96765957550511
113.22322322322323,-24.93826317776785
113.27327327327328,-24.873806790050047
113.32332332332332,-24.79693709050357
113.37337337337337,-24.70260507907264
113.42342342342343,-24.590713991973963
113.47347347347348,-24.570627917238017
113.52352352352352,-24.447526454724684
113.57357357357358,-24.338702036756292
113.62362362362363,-24.353253460508324
113.67367367367368,-24.36899614523105
113.72372372372372,-24.33776324396693
113.77377377377377,-24.21836627510889
113.82382382382383,-24.173041530931627
113.87387387387388,-24.134805703698927
113.92392392392392,-24.04773172947372
113.97397397397398,-23.969588803505495
114.02402402402403,-23.943435001908536
114.07407407407408,-23.91775210076318
114.12412412412412,-23.81454908275459
114.17417417417417,-23.745283370141287
114.22422422422423,-23.704929622540366
114.27427427427428,-23.64121847043618
114.32432432432432,-23.59213809770311
114.37437437437438,-23.60769652619883
114.42442442442443,-23.602983749012104
114.47447447447448,-23.51150893845002
114.52452452452452,-23.471316279865704
114.57457457457457,-23.451728963060976
114.62462462462463,-23.433278181998762
114.67467467467468,-23.408161676359185
114.72472472472472,-23.352584781440168
114.77477477477478,-23.28546890942789
114.82482482482483,-23.244041278589794
114.87487487487488,-23.1744433160275
114.92492492492492,-23.159470660923958
114.97497497497497,-23.15905141250963
115.02502502502503,-23.1231052657731
115.07507507507508,-23.09978654361479
115.12512512512512,-23.055578277832616
115.17517517517518,-23.051210670297667
115.22522522522523,-23.053486244786754
115.27527527527528,-22.99975478939123
115.32532532532532,-22.966058566498717
115.37537537537537,-22.999478721312816
115.42542542542543,-22.99160434822014
115.47547547547548,-22.94713095988611
115.52552552552552,-22.92360869579693
115.57557557557558,-22.955995739692888
115.62562562562563,-22.98977466339915
115.67567567567568,-22.991065511120524
115.72572572572572,-22.963500304288896
115.77577577577577,-22.96147386013239
115.82582582582583,-22.950128738671356
115.87587587587588,-22.956301839970155
115.92592592592592,-23.07196145105958
115.97597597597598,-23.19024296085146
116.02602602602603,-23.182613367464086
116.07607607607608,-23.194920990748503
116.12612612612612,-23.32814984804581
116.17617617617617,-23.53241884967406
116.22622622622623,-23.534517076435403
116.27627627627628,-23.549634601060315
116.32632632632632,-23.760021764489476
116.37637637637638,-23.87912737223118
116.42642642642643,-23.89720068785479
116.47647647647648,-23.979665480650237
116.52652652652652,-24.166163718733312
116.57657657657657,-24.309772402269076
116.62662662662663,-24.48666448945329
116.67667667667668,-24.69655904701991
116.72672672672672,-24.907911290324297
116.77677677677679,-25.061572003270086
116.82682682682683,-25.258429296876415
116.87687687687688,-25.507836560384526
116.92692692692692,-25.73780433761137
116.97697697697697,-25.95097616208299
117.02702702702703,-26.179385980764703
117.07707707707708,-26.522727213280113
117.12712712712712,-26.806917358696698
117.17717717717719,-27.171541095075433
117.22722722722723,-27.482405456997185
117.27727727727728,-27.860655014942562
117.32732732732732,-28.393606077729878
117.37737737737737,-28.86659828586343
117.42742742742743,-29.471791607057998
117.47747747747748,-30.063229511778264
117.52752752752752,-30.49951347683909
117.57757757757759,-31.05272498035778
117.62762762762763,-31.823968906256148
117.67767767767768,-32.627963177588924
117.72772772772772,-33.173141934016975
117.77777777777777,-33.5805122484834
117.82782782782783,-34.26259517485971
117.87787787787788,-35.031559410440636
117.92792792792793,-35.32426192715541
117.97797797797799,-35.73379829752361
118.02802802802803,-36.04749724894876
118.07807807807808,-36.067535167415755
118.12812812812813,-36.035900883011685
118.17817817817817,-36.256911604342704
118.22822822822823,-35.88107596835015
118.27827827827828,-35.05726083134666
118.32832832832833,-34.1562719139383
118.37837837837839,-33.42982124436481
118.42842842842843,-32.58707384193229
118.47847847847848,-31.94254209034267
118.52852852852853,-31.86264253398604
118.57857857857857,-31.80612932958368
118.62862862862863,-31.41898522062999
118.67867867867868,-31.00028788830195
118.72872872872873,-30.435155125073514
118.77877877877879,-29.804417137254116
118.82882882882883,-29.160408570253534
118.87887887887888,-28.581441504999763
118.92892892892893,-28.13593938866771
118.97897897897897,-27.744290715109724
119.02902902902903,-27.47193104170399
119.07907907907908,-27.523072935904647
119.12912912912913,-27.549579508666884
119.17917917917919,-27.288646380567783
119.22922922922923,-27.01304190998571
119.27927927927928,-26.977233215684116
119.32932932932933,-26.90136867220382
119.37937937937937,-26.53083774791723
119.42942942942943,-26.11133044319651
119.47947947947948,-26.057092162628727
119.52952952952953,-26.017988118227255
119.57957957957959,-25.85126833778973
119.62962962962963,-25.82724831165152
119.67967967967968,-25.77989277831945
119.72972972972973,-25.588826503715907
119.77977977977977,-25.35419548789442
119.82982982982983,-25.317565977896187
119.87987987987988,-25.311748056269916
119.92992992992993,-25.213288433254068
119.97997997997999,-25.1158695448825
120.03003003003003,-25.14820194504108
120.08008008008008,-25.31532743924884
120.13013013013014,-25.336980526128983
120.18018018018019,-25.259724451686175
120.23023023023023,-25.28537028735684
120.28028028028028,-25.28032760294088
120.33033033033033,-25.2016117270653
120.38038038038039,-25.119381061947003
120.43043043043043,-25.10287518726079
120.48048048048048,-25.095092236954404
120.53053053053054,-24.990086501058123
120.58058058058059,-24.995726251375192
120.63063063063063,-25.04146569894445
120.68068068068068,-24.97955494901572
120.73073073073073,-24.906822018981913
120.78078078078079,-24.994894768300572
120.83083083083083,-25.131153675255092
120.88088088088088,-25.174857900927822
120.93093093093094,-25.15472614309998
120.98098098098099,-25.14627679736339
121.03103103103103,-25.228311396621777
121.08108108108108,-25.257032915486416
121.13113113113113,-25.191768063745645
121.18118118118119,-25.119361490984957
121.23123123123123,-25.211402327745006
121.28128128128128,-25.2242060681473
121.33133133133134,-25.189794471871235
121.38138138138139,-25.241930211880433
121.43143143143143,-25.325041786082757
121.48148148148148,-25.335710893170983
121.53153153153153,-25.40908515248341
121.58158158158159,-25.515946164012533
121.63163163163163,-25.45721059943207
121.68168168168168,-25.35928539263015
121.73173173173174,-25.480546232621403
121.78178178178179,-25.54103419723848
121.83183183183183,-25.62813167450137
121.88188188188188,-25.604375712836564
121.93193193193193,-25.66749494494526
121.98198198198199,-25.70643381634421
122.03203203203203,-25.78015661987406
122.08208208208208,-25.80502250141541
122.13213213213214,-25.767996186534884
122.18218218218217,-25.77879055279802
122.23223223223223,-25.863961021404087
122.28228228228228,-25.927734063965875
122.33233233233233,-25.947260448721323
122.38238238238239,-26.017020935429684
122.43243243243244,-25.976001090945694
122.48248248248248,-26.0383319609735
122.53253253253254,-26.24451630974117
122.58258258258257,-26.26087520642181
122.63263263263264,-26.250628378924493
122.68268268268268,-26.31408123332219
122.73273273273273,-26.48323846277232
122.78278278278279,-26.51568719048569
122.83283283283284,-26.536650083009988
122.88288288288288,-26.567556392982144
122.93293293293294,-26.627106930743267
122.98298298298297,-26.617073696136615
123.03303303303304,-26.7830553427432
123.08308308308308,-26.743560560972078
123.13313313313313,-26.76645507316216
123.18318318318319,-26.854421425953444
123.23323323323324,-26.939423856205984
123.28328328328328,-26.97971557531614
123.33333333333334,-27.059063965901423
123.38338338338338,-27.139746527110717
123.43343343343344,-27.17532444502577
123.48348348348348,-27.27351914060187
123.53353353353353,-27.430807827934267
123.58358358358359,-27.35290336068625
123.63363363363364,-27.284506449857567
123.68368368368368,-27.29189945153296
123.73373373373374,-27.36121996484479
123.78378378378378,-27.491386829694946
123.83383383383384,-27.578875076172714
123.88388388388388,-27.66013777424419
123.93393393393393,-27.77069211754362
123.98398398398399,-27.848763911517295
124.03403403403404,-28.000409558677283
124.08408408408408,-27.97811539414563
124.13413413413414,-28.011187926337893
124.18418418418419,-27.970340213689802
124.23423423423424,-27.8578061095802
124.2842842842843,-27.967066204979222
124.33433433433433,-28.08755286945811
124.38438438438439,-28.21508784898697
124.43443443443444,-28.36041499171358
124.48448448448448,-28.538787180432298
124.53453453453454,-28.716551648794194
124.58458458458459,-28.714780873704772
124.63463463463464,-28.586105503360862
124.6846846846847,-28.632585091239633
124.73473473473473,-28.61103745962861
124.78478478478479,-28.673807287309838
124.83483483483484,-28.587224317359432
124.88488488488488,-28.795141958904637
124.93493493493494,-28.910101458566274
124.98498498498499,-28.872928225112695
125.03503503503504,-28.93556340245579
125.0850850850851,-28.970064737096045
125.13513513513513,-28.96472541480597
125.18518518518519,-29.06359283399706
125.23523523523524,-29.02047458343154
125.28528528528528,-29.063759224889466
125.33533533533534,-28.993818723649206
125.38538538538539,-29.043987659087552
125.43543543543544,-29.063591895216927
125.4854854854855,-29.042761710630206
125.53553553553553,-29.05427947105147
125.58558558558559,-28.8545000444845
125.63563563563564,-28.908430041429696
125.68568568568568,-28.94607655003816
125.73573573573574,-28.91996862280384
125.78578578578579,-28.88350889901599
125.83583583583584,-28.920899373484257
125.8858858858859,-28.780468465871717
125.93593593593593,-28.69086216002549
125.98598598598599,-28.57721453330875
126.03603603603604,-28.471367856081624
126.08608608608608,-28.333283038490624
126.13613613613614,-28.30300153366263
126.18618618618619,-28.185563158275826
126.23623623623624,-28.131108553587392
126.2862862862863,-27.98365571753979
126.33633633633633,-27.77922965724866
126.38638638638639,-27.546139263308252
126.43643643643644,-27.378425684139245
126.48648648648648,-27.278248468938905
126.53653653653654,-27.012807339369434
126.58658658658659,-26.89315556851283
126.63663663663664,-26.763494021947665
126.6866866866867,-26.655724761092063
126.73673673673673,-26.378866324828312
126.78678678678679,-26.186129647549983
126.83683683683684,-25.917943676886043
126.88688688688688,-25.600603700607138
126.93693693693695,-25.38576693926066
126.98698698698699,-25.09653401626693
127.03703703703704,-24.804733804397134
127.0870870870871,-24.58888007484111
127.13713713713713,-24.34921947958761
127.18718718718719,-24.11170419040093
127.23723723723724,-23.79768227609151
127.28728728728728,-23.55854504604472
127.33733733733735,-23.31390283608552
127.38738738738739,-23.04845333747646
127.43743743743744,-22.808741448787824
127.4874874874875,-22.49981835209222
127.53753753753753,-22.210232166804037
127.58758758758759,-21.8938758201848
127.63763763763764,-21.547299210521768
127.68768768768768,-21.242641614651912
127.73773773773775,-20.96071388276803
127.78778778778779,-20.73723902909829
127.83783783783784,-20.505071347453192
127.8878878878879,-20.237622911493247
127.93793793793793,-20.01161467641328
127.98798798798799,-19.70935778342004
128.03803803803805,-19.40561072910372
128.08808808808809,-19.18050177976124
128.13813813813815,-18.85646768769976
128.18818818818818,-18.568457497023147
128.23823823823824,-18.25361081942154
128.2882882882883,-18.057842948103108
128.33833833833833,-17.7938295735026
128.3883883883884,-17.53684274727232
128.43843843843842,-17.29864931865941
128.48848848848849,-17.041741265546943
128.53853853853855,-16.740827806359803
128.5885885885886,-16.469763857181363
128.63863863863864,-16.272019427161535
128.6886886886887,-16.011204189625374
128.73873873873873,-15.782599673790369
128.7887887887888,-15.596703882487311
128.83883883883885,-15.408033325976577
128.88888888888889,-15.166984460488692
128.93893893893895,-14.90838603662494
128.98898898898898,-14.705792602075856
129.03903903903904,-14.51847065924089
129.0890890890891,-14.346228991923784
129.13913913913913,-14.132447900988831
129.1891891891892,-13.959874270797055
129.23923923923923,-13.804103832113071
129.2892892892893,-13.615984149370458
129.33933933933935,-13.422770746511954
129.3893893893894,-13.259803330871978
129.43943943943944,-13.098760224680076
129.4894894894895,-12.957925769728146
129.53953953953953,-12.858061282607023
129.5895895895896,-12.677901954647893
129.63963963963965,-12.554775569203926
129.6896896896897,-12.423632001769839
129.73973973973975,-12.365732045415028
129.78978978978978,-12.240685939043265
129.83983983983984,-12.14593886472779
129.8898898898899,-12.044452575008565
129.93993993993993,-11.885642612614099
129.98998998999,-11.810715819910541
130.04004004004003,-11.755758550097353
130.0900900900901,-11.67292327556138
130.14014014014015,-11.552032555383821
130.1901901901902,-11.522145662746619
130.24024024024024,-11.527741988510979
130.2902902902903,-11.493977133564053
130.34034034034033,-11.427027923705353
130.3903903903904,-11.404927131598706
130.44044044044045,-11.395503161730645
130.4904904904905,-11.336136478809914
130.54054054054055,-11.331436516326745
130.59059059059058,-11.276618166912371
130.64064064064064,-11.26494056085361
130.6906906906907,-11.282999773037748
130.74074074074073,-11.31390953894161
130.7907907907908,-11.354712724727616
130.84084084084083,-11.331469902361757
130.8908908908909,-11.381196961034252
130.94094094094095,-11.437358987327173
130.990990990991,-11.47217723675445
131.04104104104104,-11.473084613367325
131.0910910910911,-11.488575209816098
131.14114114114113,-11.501198171487385
131.1911911911912,-11.569976106151826
131.24124124124126,-11.634880688700251
131.2912912912913,-11.661078400207057
131.34134134134135,-11.711170787892865
131.39139139139138,-11.78014321041715
131.44144144144144,-11.909417487007001
131.4914914914915,-11.961895996067224
131.54154154154153,-12.072189759755602
131.5915915915916,-12.136136210371266
131.64164164164163,-12.148998523599706
131.6916916916917,-12.24549570786664
131.74174174174175,-12.292496223225797
131.7917917917918,-12.385189059717419
131.84184184184184,-12.437623526003447
131.8918918918919,-12.554980157975951
131.94194194194193,-12.683374333368038
131.991991991992,-12.812037928772439
132.04204204204206,-12.908342655221247
132.0920920920921,-12.986438268100192
132.14214214214215,-13.114981899399151
132.19219219219218,-13.172590676708813
132.24224224224224,-13.240237713979651
132.2922922922923,-13.34482483667789
132.34234234234233,-13.447846789668136
132.3923923923924,-13.53139054241764
132.44244244244243,-13.641263562142962
132.4924924924925,-13.80300741255996
132.54254254254255,-13.95893771714338
132.5925925925926,-14.087749563213707
132.64264264264264,-14.153434295891833
132.6926926926927,-14.323873450493792
132.74274274274273,-14.39842322751787
132.7927927927928,-14.529072489929515
132.84284284284286,-14.610984746265009
132.8928928928929,-14.683447948027514
132.94294294294295,-14.747416699467811
132.99299299299298,-14.841645874623199
133.04304304304304,-15.013038247808728
133.0930930930931,-15.155248921838457
133.14314314314316,-15.303294919650138
133.1931931931932,-15.418330054298533
133.24324324324326,-15.60550217777544
133.2932932932933,-15.71279638501406
133.34334334334335,-15.814790397335203
133.3933933933934,-15.836304234877032
133.44344344344344,-15.95596027081601
133.4934934934935,-16.109832072333415
133.54354354354354,-16.191435486090185
133.5935935935936,-16.310141469596378
133.64364364364366,-16.386071700256696
133.6936936936937,-16.499510750239846
133.74374374374375,-16.655408777632786
133.79379379379378,-16.84944454379492
133.84384384384384,-16.949412287802208
133.8938938938939,-16.968528654821856
133.94394394394396,-17.050651844262394
133.993993993994,-17.210587720209926
134.04404404404406,-17.311121450057787
134.0940940940941,-17.39516345780489
134.14414414414415,-17.481881670852147
134.1941941941942,-17.634458664491554
134.24424424424424,-17.775111197910412
134.2942942942943,-17.902761693538547
134.34434434434434,-18.062166935711733
134.3943943943944,-18.094181902380296
134.44444444444446,-18.177454775122193
134.4944944944945,-18.303822730363038
134.54454454454455,-18.336452008474847
134.59459459459458,-18.501786728568185
134.64464464464464,-18.57536058685121
134.6946946946947,-18.633829258878908
134.74474474474476,-18.82016840413194
134.7947947947948,-18.93581664249976
134.84484484484486,-18.98690760708825
134.8948948948949,-19.089651975128195
134.94494494494495,-19.240719196769916
134.994994994995,-19.34300582880868
135.04504504504504,-19.394655659701694
135.0950950950951,-19.4602775162254
135.14514514514514,-19.599929595350133
135.1951951951952,-19.680850419014668
135.24524524524526,-19.80405187440116
135.2952952952953,-19.875866960347754
135.34534534534535,-19.917957898473137
135.39539539539538,-19.980466158484337
135.44544544544544,-20.081730606394714
135.4954954954955,-20.225739203795225
135.54554554554556,-20.29200883884152
135.5955955955956,-20.429405943977258
135.64564564564566,-20.508606045658027
135.6956956956957,-20.474330515242833
135.74574574574575,-20.674887622342563
135.7957957957958,-20.696335643177445
135.84584584584584,-20.69239684463947
135.8958958958959,-20.72039654095039
135.94594594594594,-20.844929112183202
135.995995995996,-20.932877796139326
136.04604604604606,-20.937377450820087
136.0960960960961,-20.978052266643928
136.14614614614615,-21.106716631597063
136.19619619619618,-21.157303963795005
136.24624624624624,-21.264822563342502
136.2962962962963,-21.26286088300801
136.34634634634637,-21.270677578803138
136.3963963963964,-21.272076118283902
136.44644644644646,-21.35637958644241
136.4964964964965,-21.406912495553403
136.54654654654655,-21.317172622479823
136.5965965965966,-21.383515837798047
136.64664664664664,-21.427316790738107
136.6966966966967,-21.522351399632793
136.74674674674674,-21.49683653605671
136.7967967967968,-21.474057620959993
136.84684684684686,-21.479553424735943
136.8968968968969,-21.502629309559865
136.94694694694695,-21.48353881269849
136.99699699699698,-21.486280978862773
137.04704704704704,-21.387221800755736
137.0970970970971,-21.41080593739393
137.14714714714717,-21.39384879693845
137.1971971971972,-21.335052917742267
137.24724724724726,-21.299729039071003
137.2972972972973,-21.26220527783444
137.34734734734735,-21.224204850526267
137.3973973973974,-21.168352943514876
137.44744744744744,-21.120913596525053
137.4974974974975,-20.99548850325629
137.54754754754754,-20.880698890205466
137.5975975975976,-20.76280795946028
137.64764764764766,-20.74609299858832
137.6976976976977,-20.62243186710385
137.74774774774775,-20.608919521808993
137.79779779779778,-20.503340579913328
137.84784784784785,-20.387789340062692
137.8978978978979,-20.311715904593875
137.94794794794797,-20.194910694586497
137.997997997998,-20.069795472037775
138.04804804804806,-19.886788721090966
138.0980980980981,-19.749989767593004
138.14814814814815,-19.68002858584465
138.1981981981982,-19.480665923920416
138.24824824824825,-19.370998153639572
138.2982982982983,-19.159708106946926
138.34834834834834,-18.988436392439944
138.3983983983984,-18.865904798905333
138.44844844844846,-18.69461758808944
138.4984984984985,-18.53393894377629
138.54854854854855,-18.401475006574035
138.59859859859858,-18.22340911669341
138.64864864864865,-18.053679955611084
138.6986986986987,-17.843885797742466
138.74874874874877,-17.682322803232566
138.7987987987988,-17.504469576540913
138.84884884884886,-17.251253364969397
138.8988988988989,-17.08653959224778
138.94894894894895,-16.907496550660664
138.998998998999,-16.745612123001447
139.04904904904905,-16.57465607320798
139.0990990990991,-16.377587064958437
139.14914914914914,-16.20018512491996
139.1991991991992,-15.981264758109035
139.24924924924926,-15.747241851048502
139.2992992992993,-15.550142079786392
139.34934934934935,-15.342629240558495
139.39939939939939,-15.109661357226917
139.44944944944945,-14.921128060954738
139.4994994994995,-14.759279998496167
139.54954954954957,-14.554009212253785
139.5995995995996,-14.338158145144417
139.64964964964966,-14.141814589768632
139.6996996996997,-13.93518297749649
139.74974974974975,-13.761265699388497
139.7997997997998,-13.49051080766878
139.84984984984985,-13.287968396529212
139.8998998998999,-13.086881635315216
139.94994994994994,-12.913669569701447
140.0,-12.672896844324331
