freq,trans_dB
90.0,-10.047363785698115
90.05005005005005,-9.99603497636305
90.10010010010011,-9.871618081650697
90.15015015015015,-9.796015567720186
90.2002002002002,-9.718803049444888
90.25025025025025,-9.615994617702096
90.30030030030031,-9.569458316634877
90.35035035035035,-9.489841630484102
90.4004004004004,-9.326916145422786
90.45045045045045,-9.296675277396751
90.50050050050051,-9.119441103496426
90.55055055055055,-9.035727845711786
90.6006006006006,-8.92485114748463
90.65065065065065,-8.866735340579112
90.70070070070071,-8.689737002630002
90.75075075075075,-8.630109508273938
90.8008008008008,-8.585920619199225
90.85085085085085,-8.438583886212458
90.90090090090091,-8.28793844001748
90.95095095095095,-8.198682011466946
91.001001001001,-8.096737315310504
91.05105105105105,-7.954122505902707
91.10110110110111,-7.88319202824921
91.15115115115115,-7.7363629730693555
91.2012012012012,-7.618353556941913
91.25125125125125,-7.544360899734612
91.30130130130131,-7.4180651024554765
91.35135135135135,-7.298222490073303
91.4014014014014,-7.167931863384899
91.45145145145145,-7.097918027111338
91.50150150150151,-6.94328055168588
91.55155155155155,-6.83814874691082
91.6016016016016,-6.75150556777848
91.65165165165165,-6.611985253926479
91.70170170170171,-6.508285860613516
91.75175175175175,-6.423363678834687
91.8018018018018,-6.360334409250148
91.85185185185185,-6.198743312458623
91.90190190190191,-6.127926013166653
91.95195195195195,-6.009190129169713
92.002002002002,-5.894436960816657
92.05205205205205,-5.780610978706275
92.10210210210211,-5.725957578559842
92.15215215215215,-5.574236247232762
92.2022022022022,-5.478463638824788
92.25225225225225,-5.430968929478404
92.30230230230231,-5.329650854842879
92.35235235235236,-5.229485731212555
92.4024024024024,-5.121255903381084
92.45245245245245,-5.076361119982321
92.50250250250251,-4.974472582211334
92.55255255255256,-4.879455822377004
92.6026026026026,-4.829217319421992
92.65265265265265,-4.694163482382127
92.70270270270271,-4.639675866402469
92.75275275275276,-4.5789378799178735
92.8028028028028,-4.497712436463635
92.85285285285285,-4.394723363677458
92.90290290290291,-4.333765238601412
92.95295295295296,-4.27100165966962
93.003003003003,-4.217279003224715
93.05305305305305,-4.175867042374105
93.10310310310311,-4.076892856309847
93.15315315315316,-3.999416015484116
93.2032032032032,-3.9738699220421947
93.25325325325325,-3.9641220271878344
93.30330330330331,-3.8880320550607936
93.35335335335336,-3.829117569985861
93.4034034034034,-3.773285634597685
93.45345345345345,-3.7206748266056002
93.50350350350351,-3.732302065029248
93.55355355355356,-3.701459625437787
93.6036036036036,-3.64395725622918
93.65365365365365,-3.5878232776476255
93.70370370370371,-3.6308194970902554
93.75375375375376,-3.5812715881191672
93.8038038038038,-3.5711213015144367
93.85385385385385,-3.563064113699513
93.90390390390391,-3.527929310388521
93.95395395395396,-3.492081946735144
94.004004004004,-3.577206040883584
94.05405405405405,-3.5756689896734937
94.10410410410411,-3.510742076792504
94.15415415415416,-3.550339729521973
94.2042042042042,-3.59401710491226
94.25425425425425,-3.620496237607743
94.30430430430431,-3.631605541455608
94.35435435435436,-3.674300711190503
94.4044044044044,-3.641683683447695
94.45445445445445,-3.6887564178061396
94.50450450450451,-3.815429092338933
94.55455455455456,-3.830104282524966
94.6046046046046,-3.811086340432358
94.65465465465465,-3.9118552133418856
94.70470470470471,-3.9974308789578226
94.75475475475476,-4.021950669746442
94.8048048048048,-4.076244301194174
94.85485485485485,-4.18163703513372
94.90490490490491,-4.1821348819735995
94.95495495495496,-4.270612482167162
95.005005005005,-4.401402089117527
95.05505505505505,-4.432571180483864
95.10510510510511,-4.427021046382977
95.15515515515516,-4.543586934810063
95.2052052052052,-4.6881274694790065
95.25525525525525,-4.7674070092580845
95.30530530530531,-4.82445690915708
95.35535535535536,-4.925442118469598
95.4054054054054,-5.0268909946279265
95.45545545545545,-5.117231933851426
95.50550550550551,-5.233609713746869
95.55555555555556,-5.302860829424098
95.6056056056056,-5.354361468547588
95.65565565565565,-5.462002219906411
95.70570570570571,-5.596884872992771
95.75575575575576,-5.666019623584588
95.8058058058058,-5.77125098478382
95.85585585585585,-5.861420698758913
95.90590590590591,-5.949809453582629
95.95595595595596,-6.0867173873399425
96.006006006006,-6.191643142285127
96.05605605605605,-6.260913724879604
96.10610610610611,-6.322627918404421
96.15615615615616,-6.467720600588858
96.2062062062062,-6.578553053707066
96.25625625625625,-6.657304291383316
96.30630630630631,-6.766010304738432
96.35635635635636,-6.865433510872718
96.4064064064064,-6.998297937598276
96.45645645645645,-7.106249997373427
96.50650650650651,-7.19674377014572
96.55655655655656,-7.272899088566996
96.6066066066066,-7.355035294980285
96.65665665665665,-7.43218846593816
96.70670670670671,-7.520701290752444
96.75675675675676,-7.621157315384296
96.8068068068068,-7.701173188311507
96.85685685685685,-7.786448709662648
96.90690690690691,-7.906085859986416
96.95695695695696,-8.04013726698041
97.007007007007,-8.104265304030815
97.05705705705705,-8.189019346366878
97.10710710710711,-8.275290482121466
97.15715715715716,-8.369260448375071
97.2072072072072,-8.443268561636527
97.25725725725725,-8.532617377383374
97.30730730730731,-8.612333696934115
97.35735735735736,-8.703346810736768
97.4074074074074,-8.806008234773072
97.45745745745745,-8.889935330501922
97.50750750750751,-8.942104575664121
97.55755755755756,-8.99810237868927
97.6076076076076,-9.067789879074455
97.65765765765767,-9.15942315917521
97.70770770770771,-9.23952616900521
97.75775775775776,-9.310070446535539
97.8078078078078,-9.395420716788921
97.85785785785785,-9.474437149260362
97.90790790790791,-9.556857428700138
97.95795795795796,-9.656778168001585
98.008008008008,-9.703681925752672
98.05805805805807,-9.72619675894531
98.10810810810811,-9.819892593541296
98.15815815815816,-9.892548397942726
98.2082082082082,-9.934475973674152
98.25825825825825,-10.00178427262752
98.30830830830831,-10.061728964554888
98.35835835835836,-10.118299341177037
98.4084084084084,-10.204330485842197
98.45845845845847,-10.266079303848501
98.50850850850851,-10.283509523087583
98.55855855855856,-10.345881031422563
98.6086086086086,-10.40286767770593
98.65865865865865,-10.461310598155674
98.70870870870871,-10.503750497638574
98.75875875875876,-10.575986133388138
98.8088088088088,-10.633643797654099
98.85885885885887,-10.693216871868277
98.90890890890891,-10.731742720130658
98.95895895895896,-10.760627458029338
99.009009009009,-10.796980440404747
99.05905905905905,-10.824706873386688
99.10910910910911,-10.868901325832022
99.15915915915916,-10.916519602830531
99.2092092092092,-10.969696805407018
99.25925925925927,-11.01630097351144
99.30930930930931,-11.034485467619053
99.35935935935936,-11.081775972075626
99.4094094094094,-11.114543886550594
99.45945945945945,-11.14072969099673
99.50950950950951,-11.151002074133514
99.55955955955956,-11.181656207635173
99.6096096096096,-11.247907542767146
99.65965965965967,-11.268216784536826
99.70970970970971,-11.294919712378212
99.75975975975976,-11.330052551617714
99.8098098098098,-11.347100266973198
99.85985985985985,-11.397986444500727
99.90990990990991,-11.37835463070096
99.95995995995996,-11.3759811793343
100.01001001001,-11.406313114851502
100.06006006006007,-11.399661041108248
100.11011011011011,-11.4581828783188
100.16016016016016,-11.489668946074564
100.2102102102102,-11.500061457812949
100.26026026026025,-11.51615236808372
100.31031031031031,-11.532964205190142
100.36036036036036,-11.567884046058998
100.4104104104104,-11.527605397490872
100.46046046046047,-11.525987999864277
100.51051051051051,-11.541407472896166
100.56056056056056,-11.52323873527456
100.6106106106106,-11.536840090720341
100.66066066066065,-11.530353334815207
100.71071071071071,-11.539419640416662
100.76076076076076,-11.536979824987377
100.8108108108108,-11.531507418393877
100.86086086086087,-11.529287097823856
100.91091091091091,-11.511290048733434
100.96096096096096,-11.52110986229235
101.011011011011,-11.536892928904896
101.06106106106107,-11.510466952757968
101.11111111111111,-11.483301915314296
101.16116116116116,-11.45210096883998
101.21121121121121,-11.4342839621904
101.26126126126127,-11.415317772349546
101.31131131131131,-11.40621673506302
101.36136136136136,-11.386745666874164
101.41141141141141,-11.326181281181599
101.46146146146147,-11.315679170663046
101.51151151151151,-11.319313574724509
101.56156156156156,-11.280550053993977
101.61161161161161,-11.239588182379928
101.66166166166167,-11.219822645466566
101.71171171171171,-11.187822058780757
101.76176176176176,-11.139862829150246
101.81181181181181,-11.097331004730304
101.86186186186187,-11.069630813715612
101.91191191191191,-11.014161438182317
101.96196196196196,-10.983570939109113
102.01201201201201,-10.95770425897555
102.06206206206207,-10.915256816789087
102.11211211211211,-10.82135392126084
102.16216216216216,-10.767384791773907
102.21221221221221,-10.74073638684495
102.26226226226227,-10.669645714245862
102.31231231231232,-10.611743789576533
102.36236236236236,-10.557474170051679
102.41241241241241,-10.493700740028519
102.46246246246247,-10.420323135224509
102.51251251251252,-10.387633019640349
102.56256256256256,-10.32955079437391
102.61261261261261,-10.22154884333774
102.66266266266267,-10.135522924305553
102.71271271271272,-10.08742676522465
102.76276276276276,-10.01268640661827
102.81281281281281,-9.94080019517457
102.86286286286287,-9.855433623859719
102.91291291291292,-9.77251700247346
102.96296296296296,-9.711022226864287
103.01301301301301,-9.613890892332767
103.06306306306307,-9.521797810125824
103.11311311311312,-9.409361774120134
103.16316316316316,-9.319427146149335
103.21321321321321,-9.244522222553998
103.26326326326327,-9.156949192066211
103.31331331331332,-9.052626985710392
103.36336336336336,-8.943868329305715
103.41341341341341,-8.871228556852227
103.46346346346347,-8.7722718056521
103.51351351351352,-8.681771545243071
103.56356356356356,-8.564365692903579
103.61361361361361,-8.442577118417907
103.66366366366367,-8.345270007467782
103.71371371371372,-8.24818081305644
103.76376376376376,-8.140298161412117
103.81381381381381,-8.012460566519907
103.86386386386387,-7.926997801816723
103.91391391391392,-7.827411991633681
103.96396396396396,-7.722245680434885
104.01401401401401,-7.591360351618259
104.06406406406407,-7.481495222733766
104.11411411411412,-7.357457733056975
104.16416416416416,-7.244181577694751
104.21421421421421,-7.151451830979542
104.26426426426427,-7.026619746693293
104.31431431431432,-6.924993625565949
104.36436436436436,-6.8192337961150296
104.41441441441441,-6.722416062109486
104.46446446446447,-6.62048497463177
104.51451451451452,-6.517532783192155
104.56456456456456,-6.405650439612184
104.61461461461461,-6.305833506648447
104.66466466466467,-6.2441151549602605
104.71471471471472,-6.143966972229323
104.76476476476476,-6.037132832362344
104.81481481481481,-5.909755006878208
104.86486486486487,-5.837281696983887
104.91491491491492,-5.770528203233995
104.96496496496496,-5.689961631342643
105.01501501501502,-5.569641467978607
105.06506506506507,-5.48490182782668
105.11511511511512,-5.444770715339979
105.16516516516516,-5.3615195834567855
105.21521521521521,-5.30550333027162
105.26526526526527,-5.207172647023849
105.31531531531532,-5.165980941034468
105.36536536536536,-5.10368523043142
105.41541541541542,-5.066774228096444
105.46546546546547,-5.018711908531977
105.51551551551552,-4.9479780096158645
105.56556556556556,-4.922090451989661
105.61561561561561,-4.878649772554014
105.66566566566567,-4.884788673715124
105.71571571571572,-4.826339772610912
105.76576576576576,-4.789943087122834
105.81581581581582,-4.7841668080026
105.86586586586587,-4.780732840181138
105.91591591591592,-4.7807490311563825
105.96596596596596,-4.754979199520946
106.01601601601601,-4.767839603703633
106.06606606606607,-4.732311832772482
106.11611611611612,-4.762934121856868
106.16616616616616,-4.774995333035921
106.21621621621622,-4.808518702441878
106.26626626626627,-4.842015250138331
106.31631631631632,-4.865385243822719
106.36636636636636,-4.894310085716749
106.41641641641641,-4.923504088551281
106.46646646646647,-4.988324560093741
106.51651651651652,-4.976623948093153
106.56656656656656,-5.016962211820847
106.61661661661662,-5.0779771595796515
106.66666666666667,-5.149055281887977
106.71671671671672,-5.213413144112389
106.76676676676676,-5.278273616280534
106.81681681681681,-5.344657398010413
106.86686686686687,-5.393249458103079
106.91691691691692,-5.505856860892162
106.96696696696696,-5.559278673703358
107.01701701701703,-5.5971189628761895
107.06706706706707,-5.63471440899551
107.11711711711712,-5.739517942293757
107.16716716716716,-5.85134156139601
107.21721721721721,-5.909754153812313
107.26726726726727,-6.004660249541412
107.31731731731732,-6.073425161252729
107.36736736736736,-6.189788029709294
107.41741741741743,-6.277032250300388
107.46746746746747,-6.365135649182773
107.51751751751752,-6.4152748037809255
107.56756756756756,-6.480611994273611
107.61761761761761,-6.614151564224992
107.66766766766767,-6.70324668941569
107.71771771771772,-6.776844853635435
107.76776776776777,-6.837706088415393
107.81781781781783,-6.943138048749215
107.86786786786787,-7.053790831618095
107.91791791791792,-7.168462405746299
107.96796796796797,-7.220145919933905
108.01801801801801,-7.285977375266907
108.06806806806807,-7.402343544296281
108.11811811811812,-7.500493917185691
108.16816816816817,-7.6025360951462755
108.21821821821823,-7.679036768296921
108.26826826826827,-7.749785535547167
108.31831831831832,-7.841213900852715
108.36836836836837,-7.976713824007316
108.41841841841841,-8.070692284876948
108.46846846846847,-8.120253357599218
108.51851851851852,-8.211129258287992
108.56856856856857,-8.288164797984516
108.61861861861863,-8.389030997760345
108.66866866866867,-8.462389608539183
108.71871871871872,-8.522578067927455
108.76876876876877,-8.582235633289859
108.81881881881881,-8.677570491688602
108.86886886886887,-8.786638863253854
108.91891891891892,-8.845000472807829
108.96896896896897,-8.888259591812298
109.01901901901903,-8.980557464398467
109.06906906906907,-9.101435334311956
109.11911911911912,-9.183415525668941
109.16916916916917,-9.247500963552591
109.21921921921921,-9.300964116652004
109.26926926926927,-9.358236615833166
109.31931931931932,-9.434932141050611
109.36936936936937,-9.536811414490543
109.41941941941943,-9.593085632323461
109.46946946946947,-9.612240715315075
109.51951951951952,-9.70695427491564
109.56956956956957,-9.791469170879576
109.61961961961961,-9.833848007150648
109.66966966966967,-9.883353974598206
109.71971971971972,-9.960844336193235
109.76976976976977,-9.99896442686948
109.81981981981983,-10.05270004042576
109.86986986986987,-10.150897324129165
109.91991991991992,-10.179119688060082
109.96996996996997,-10.22218899735812
110.02002002002001,-10.307404112025445
110.07007007007007,-10.365875366898052
110.12012012012012,-10.382921015050966
110.17017017017017,-10.43380022245248
110.22022022022023,-10.506660554043608
110.27027027027027,-10.562200491324301
110.32032032032032,-10.61794115868501
110.37037037037037,-10.648778750166588
110.42042042042041,-10.65681125138755
110.47047047047047,-10.696820877672018
110.52052052052052,-10.75012785143244
110.57057057057057,-10.797914864328975
110.62062062062063,-10.848692080063547
110.67067067067067,-10.872105045359438
110.72072072072072,-10.923940116572705
110.77077077077077,-10.957891274416419
110.82082082082081,-10.993708840367194
110.87087087087087,-11.02588511330863
110.92092092092092,-11.030128196170224
110.97097097097097,-11.04741025343683
111.02102102102103,-11.10628283518839
111.07107107107107,-11.171177771255879
111.12112112112112,-11.160857685844631
111.17117117117117,-11.180006789312756
111.22122122122121,-11.23392410499062
111.27127127127127,-11.260368755485093
111.32132132132132,-11.275014504736959
111.37137137137137,-11.27372882679597
111.42142142142143,-11.269444357265021
111.47147147147147,-11.288708129742476
111.52152152152152,-11.31468523814389
111.57157157157158,-11.327438854127667
111.62162162162163,-11.331355681047473
111.67167167167167,-11.368959922964294
111.72172172172172,-11.38973189310496
111.77177177177177,-11.41419293633394
111.82182182182183,-11.416079557090471
111.87187187187187,-11.387936806216416
111.92192192192192,-11.395099024568067
111.97197197197198,-11.431243871348062
112.02202202202203,-11.452159823894737
112.07207207207207,-11.454013815976415
112.12212212212212,-11.441400728308833
112.17217217217217,-11.442536914462023
112.22222222222223,-11.43025003141052
112.27227227227228,-11.443135663948695
112.32232232232232,-11.427355641218348
112.37237237237238,-11.392947168264492
112.42242242242243,-11.393207347239043
112.47247247247248,-11.395327670193206
112.52252252252252,-11.406782084554255
112.57257257257257,-11.40330521233273
112.62262262262263,-11.385903821226147
112.67267267267268,-11.357009066433218
112.72272272272272,-11.345399197692224
112.77277277277278,-11.343792529455614
112.82282282282283,-11.315140211681712
112.87287287287288,-11.298148524160212
112.92292292292292,-11.28544218452534
112.97297297297297,-11.264139741195832
113.02302302302303,-11.25036934724017
113.07307307307308,-11.232221893905072
113.12312312312312,-11.194668430424883
113.17317317317318,-11.147095240601413
113.22322322322323,-11.147618762198686
113.27327327327328,-11.147948711741629
113.32332332332332,-11.093841725054036
113.37337337337337,-11.04710033205808
113.42342342342343,-11.038351610043334
113.47347347347348,-11.004110858691371
113.52352352352352,-10.944496717330168
113.57357357357358,-10.897289826962899
113.62362362362363,-10.883519235183396
113.67367367367368,-10.853796335994021
113.72372372372372,-10.820538347868421
113.77377377377377,-10.79404663168806
113.82382382382383,-10.748586284416113
113.87387387387388,-10.692860034929556
113.92392392392392,-10.654621085737377
113.97397397397398,-10.614552135760551
114.02402402402403,-10.549960428790218
114.07407407407408,-10.486077885218736
114.12412412412412,-10.434245829710425
114.17417417417417,-10.392008764138895
114.22422422422423,-10.368820539489707
114.27427427427428,-10.315562789125284
114.32432432432432,-10.241600849124724
114.37437437437438,-10.204645527838464
114.42442442442443,-10.163794118739835
114.47447447447448,-10.085118909191168
114.52452452452452,-9.99363172719385
114.57457457457457,-9.925189181535501
114.62462462462463,-9.859012295300024
114.67467467467468,-9.803312944509385
114.72472472472472,-9.764937185879687
114.77477477477478,-9.705768284795102
114.82482482482483,-9.63374149706395
114.87487487487488,-9.571680655535431
114.92492492492492,-9.520026060550672
114.97497497497497,-9.444414593606252
115.02502502502503,-9.330801745138002
115.07507507507508,-9.244407914393257
115.12512512512512,-9.187738735715334
115.17517517517518,-9.137885027377731
115.22522522522523,-9.052990729360006
115.27527527527528,-8.952321004032834
115.32532532532532,-8.875530991903336
115.37537537537537,-8.822896777208568
115.42542542542543,-8.75244794692116
115.47547547547548,-8.654738873564554
115.52552552552552,-8.5647321065835
115.57557557557558,-8.485764920225987
115.62562562562563,-8.414651453093487
115.67567567567568,-8.340267409458097
115.72572572572572,-8.249349184378705
115.77577577577577,-8.136220422197777
115.82582582582583,-8.063215324549612
115.87587587587588,-8.01503484165904
115.92592592592592,-7.934293477215906
115.97597597597598,-7.81441372388047
116.02602602602603,-7.712478112567166
116.07607607607608,-7.663754774245956
116.12612612612612,-7.6044871150861235
116.17617617617617,-7.523204214057787
116.22622622622623,-7.407061694916435
116.27627627627628,-7.300393422232368
116.32632632632632,-7.241736814085264
116.37637637637638,-7.160282725572966
116.42642642642643,-7.060736189709412
116.47647647647648,-6.982620297779921
116.52652652652652,-6.908285822830715
116.57657657657657,-6.8344926543527285
116.62662662662663,-6.788495728179948
116.67667667667668,-6.715878373682772
116.72672672672672,-6.607451346930677
116.77677677677679,-6.517434365498426
116.82682682682683,-6.476825337675506
116.87687687687688,-6.433359016690802
116.92692692692692,-6.340553721565209
116.97697697697697,-6.256560900653422
117.02702702702703,-6.193031307558542
117.07707707707708,-6.16531334285573
117.12712712712712,-6.122076675235918
117.17717717717719,-6.057699624400011
117.22722722722723,-5.987983611158185
117.27727727727728,-5.956080451251423
117.32732732732732,-5.966977353514983
117.37737737737737,-5.934861892962565
117.42742742742743,-5.880549039724121
117.47747747747748,-5.836256854510602
117.52752752752752,-5.824408255952842
117.57757757757759,-5.812712877858258
117.62762762762763,-5.797848704688772
117.67767767767768,-5.750844320402819
117.72772772772772,-5.709990063320782
117.77777777777777,-5.747221989456872
117.82782782782783,-5.789559785870136
117.87787787787788,-5.792569004299082
117.92792792792793,-5.761554889639739
117.97797797797799,-5.783882503730079
118.02802802802803,-5.820693506115363
118.07807807807808,-5.8434124083392724
118.12812812812813,-5.861032568051697
118.17817817817817,-5.846526401860057
118.22822822822823,-5.869676954152888
118.27827827827828,-5.9474800333911695
118.32832832832833,-6.036197895231781
118.37837837837839,-6.036347425869953
118.42842842842843,-6.065274103802749
118.47847847847848,-6.124763805145268
118.52852852852853,-6.1916113853978905
118.57857857857857,-6.2504679739345335
118.62862862862863,-6.304909413392559
118.67867867867868,-6.353795561731476
118.72872872872873,-6.391013406754675
118.77877877877879,-6.511065953806776
118.82882882882883,-6.598784494316331
118.87887887887888,-6.629881081218505
118.92892892892893,-6.692935816780939
118.97897897897897,-6.781579343668042
119.02902902902903,-6.861537043055802
119.07907907907908,-6.938952009831202
119.12912912912913,-7.025036322112545
119.17917917917919,-7.07934758135532
119.22922922922923,-7.142634366367418
119.27927927927928,-7.2483126528547395
119.32932932932933,-7.3495111673696725
119.37937937937937,-7.405382013828357
119.42942942942943,-7.476064560163354
119.47947947947948,-7.569275716644787
119.52952952952953,-7.652249984576954
119.57957957957959,-7.7672423734304665
119.62962962962963,-7.871110619143002
119.67967967967968,-7.930690700979828
119.72972972972973,-7.992252686941499
119.77977977977977,-8.122181107744359
119.82982982982983,-8.201165353764315
119.87987987987988,-8.23438358719158
119.92992992992993,-8.320895068072153
119.97997997997999,-8.385089507574955
120.03003003003003,-8.460441497481295
120.08008008008008,-8.58016702119394
120.13013013013014,-8.677689556616162
120.18018018018019,-8.711235688692847
120.23023023023023,-8.794829838296593
120.28028028028028,-8.91015447041373
120.33033033033033,-8.975060453493915
120.38038038038039,-9.03760080011387
120.43043043043043,-9.11569886775094
120.48048048048048,-9.168230113079556
120.53053053053054,-9.24861738511661
120.58058058058059,-9.379906127531157
120.63063063063063,-9.450112875312463
120.68068068068068,-9.482309433445868
120.73073073073073,-9.543189795841808
120.78078078078079,-9.642790801815114
120.83083083083083,-9.701506329792903
120.88088088088088,-9.740476244112376
120.93093093093094,-9.805214827586001
120.98098098098099,-9.847169258181589
121.03103103103103,-9.922720762260603
121.08108108108108,-10.026259402100983
121.13113113113113,-10.06370376789027
121.18118118118119,-10.075396516014292
121.23123123123123,-10.151222078947718
121.28128128128128,-10.25712206938749
121.33133133133134,-10.30926807144501
121.38138138138139,-10.350459311338694
121.43143143143143,-10.383415982840313
121.48148148148148,-10.40797344523393
121.53153153153153,-10.477570867844683
121.58158158158159,-10.57213777546598
121.63163163163163,-10.569586759963393
121.68168168168168,-10.584998532538847
121.73173173173174,-10.672196873380363
121.78178178178179,-10.740049628486918
121.83183183183183,-10.775367493288172
121.88188188188188,-10.82666496339199
121.93193193193193,-10.836525876271919
121.98198198198199,-10.853757983265822
122.03203203203203,-10.936380028669559
122.08208208208208,-10.988950557709392
122.13213213213214,-10.959998952664911
122.18218218218217,-10.973602064480298
122.23223223223223,-11.051115286322407
122.28228228228228,-11.075957462642467
122.33233233233233,-11.10354932787797
122.38238238238239,-11.121707868231788
122.43243243243244,-11.130229378726769
122.48248248248248,-11.183136647253601
122.53253253253254,-11.248112330120357
122.58258258258257,-11.255653753562624
122.63263263263264,-11.229836084096972
122.68268268268268,-11.264303611426296
122.73273273273273,-11.301718040859466
122.78278278278279,-11.320254917994689
122.83283283283284,-11.325429736978268
122.88288288288288,-11.322382053758723
122.93293293293294,-11.302522563596707
122.98298298298297,-11.34078423456449
123.03303303303304,-11.418188897009005
123.08308308308308,-11.421120218803571
123.13313313313313,-11.361449841525667
123.18318318318319,-11.384794632662755
123.23323323323324,-11.437214446710296
123.28328328328328,-11.407057327663308
123.33333333333334,-11.402842894034759
123.38338338338338,-11.443934383853964
123.43343343343344,-11.41991907057542
123.48348348348348,-11.440780098125016
123.53353353353353,-11.482197460993975
123.58358358358359,-11.438722280498457
123.63363363363364,-11.397106232227538
123.68368368368368,-11.43207509045938
123.73373373373374,-11.437762741756604
123.78378378378378,-11.39796422344368
123.83383383383384,-11.403959382509154
123.88388388388388,-11.384436712467535
123.93393393393393,-11.361960241688088
123.98398398398399,-11.40078843495964
124.03403403403404,-11.395808951116669
124.08408408408408,-11.315903829908986
124.13413413413414,-11.3005447937483
124.18418418418419,-11.335657263356376
124.23423423423424,-11.299532931595508
124.2842842842843,-11.245515086843882
124.33433433433433,-11.256191893080748
124.38438438438439,-11.22503506160589
124.43443443443444,-11.195826897828402
124.48448448448448,-11.218178224247348
124.53453453453454,-11.186605920122739
124.58458458458459,-11.11975212628505
124.63463463463464,-11.08865293548227
124.6846846846847,-11.083254182240507
124.73473473473473,-11.07847281913419
124.78478478478479,-11.008028067567228
124.83483483483484,-10.968245086702652
124.88488488488488,-10.944554700202303
124.93493493493494,-10.916447297201204
124.98498498498499,-10.887663151994975
125.03503503503504,-10.838431568317086
125.0850850850851,-10.77834450677532
125.13513513513513,-10.750915834438405
125.18518518518519,-10.742701559648907
125.23523523523524,-10.677402390994098
125.28528528528528,-10.61758929722735
125.33533533533534,-10.600858811016474
125.38538538538539,-10.542271985656628
125.43543543543544,-10.48529386781723
125.4854854854855,-10.478104529926103
125.53553553553553,-10.390562678487557
125.58558558558559,-10.288213897276377
125.63563563563564,-10.28017749358817
125.68568568568568,-10.269089624681603
125.73573573573574,-10.148431758453091
125.78578578578579,-10.084296974083152
125.83583583583584,-10.07219906017546
125.8858858858859,-10.007993191752963
125.93593593593593,-9.95714702249193
125.98598598598599,-9.908866395610582
126.03603603603604,-9.815953833251537
126.08608608608608,-9.74422815091886
126.13613613613614,-9.71540672430338
126.18618618618619,-9.634037343483424
126.23623623623624,-9.522451197796892
126.2862862862863,-9.481881911966235
126.33633633633633,-9.410974729338177
126.38638638638639,-9.347272776160438
126.43643643643644,-9.310132267289971
126.48648648648648,-9.220394976416479
126.53653653653654,-9.118185544707044
126.58658658658659,-9.046154244522778
126.63663663663664,-8.999975453691015
126.6866866866867,-8.899152604726668
126.73673673673673,-8.800540308617196
126.78678678678679,-8.735874617274776
126.83683683683684,-8.667755236923924
126.88688688688688,-8.591018808794612
126.93693693693695,-8.512623794694273
126.98698698698699,-8.412639383431914
127.03703703703704,-8.333457662428566
127.0870870870871,-8.249824076999044
127.13713713713713,-8.182822312332059
127.18718718718719,-8.087547610426128
127.23723723723724,-7.982406665682783
127.28728728728728,-7.918891570455968
127.33733733733735,-7.818256062886057
127.38738738738739,-7.736230955497891
127.43743743743744,-7.666365539498506
127.4874874874875,-7.552731054149454
127.53753753753753,-7.460856518478322
127.58758758758759,-7.388633698225926
127.63763763763764,-7.307801535591118
127.68768768768768,-7.174098057383275
127.73773773773775,-7.10491777810812
127.78778778778779,-7.022173882045841
127.83783783783784,-6.9327733362245185
127.8878878878879,-6.84144302634743
127.93793793793793,-6.762790270921269
127.98798798798799,-6.647727866593175
128.03803803803805,-6.556197633429225
128.08808808808809,-6.488784087817004
128.13813813813815,-6.409588615821676
128.18818818818818,-6.324374505317261
128.23823823823824,-6.23457049930856
128.2882882882883,-6.1589483846364415
128.33833833833833,-6.074616788978813
128.3883883883884,-6.005773874782883
128.43843843843842,-5.923842871631675
128.48848848848849,-5.833639196806828
128.53853853853855,-5.76633133054163
128.5885885885886,-5.702463437517836
128.63863863863864,-5.618870407576206
128.6886886886887,-5.532308242381489
128.73873873873873,-5.485444327874204
128.7887887887888,-5.419668935924778
128.83883883883885,-5.362937287035724
128.88888888888889,-5.3085448030808875
128.93893893893895,-5.270479268098552
128.98898898898898,-5.2175935327462595
129.03903903903904,-5.172959739673268
129.0890890890891,-5.150391380576546
129.13913913913913,-5.083221966313798
129.1891891891892,-5.059496275502428
129.23923923923923,-5.028186979384282
129.2892892892893,-5.001367667958284
129.33933933933935,-4.956736889743633
129.3893893893894,-4.953380498762768
129.43943943943944,-4.938474950818302
129.4894894894895,-4.930165974310266
129.53953953953953,-4.962861653923618
129.5895895895896,-4.934593504002767
129.63963963963965,-4.934776650176743
129.6896896896897,-4.925144286791565
129.73973973973975,-4.973566236105816
129.78978978978978,-4.971854399594207
129.83983983983984,-4.984592543757225
129.8898898898899,-5.014940789160687
129.93993993993993,-5.040682027566055
129.98998998999,-5.105612260701842
130.04004004004003,-5.130215771971708
130.0900900900901,-5.191781867293359
130.14014014014015,-5.210005897369207
130.1901901901902,-5.309668174408709
130.24024024024024,-5.383293510550436
130.2902902902903,-5.40978638593875
130.34034034034033,-5.457298361800678
130.3903903903904,-5.531878871938915
130.44044044044045,-5.63609983891842
130.4904904904905,-5.681898095354483
130.54054054054055,-5.773474395175929
130.59059059059058,-5.828059319920209
130.64064064064064,-5.91337453680913
130.6906906906907,-6.031438301778399
130.74074074074073,-6.139165180218633
130.7907907907908,-6.209226776606502
130.84084084084083,-6.279444025764225
130.8908908908909,-6.4134015455647315
130.94094094094095,-6.485067977437141
130.990990990991,-6.590613242508257
131.04104104104104,-6.6668159652726455
131.0910910910911,-6.780944025203071
131.14114114114113,-6.893983349766103
131.1911911911912,-6.989315867985566
131.24124124124126,-7.133041203211094
131.2912912912913,-7.20669053641131
131.34134134134135,-7.332312464586975
131.39139139139138,-7.435370109296532
131.44144144144144,-7.558211364765834
131.4914914914915,-7.627902734460889
131.54154154154153,-7.733242813994614
131.5915915915916,-7.826838512686075
131.64164164164163,-7.923294646912676
131.6916916916917,-8.044534657907827
131.74174174174175,-8.141084983387811
131.7917917917918,-8.262608735766722
131.84184184184184,-8.35864852155457
131.8918918918919,-8.506155589935416
131.94194194194193,-8.605597190586014
131.991991991992,-8.68078279325444
132.04204204204206,-8.777744953546295
132.0920920920921,-8.877728426798623
132.14214214214215,-8.988378336587788
132.19219219219218,-9.034520727743773
132.24224224224224,-9.168479182164791
132.2922922922923,-9.25747414504787
132.34234234234233,-9.346581157303541
132.3923923923924,-9.426970648932455
132.44244244244243,-9.507277275194014
132.4924924924925,-9.591035682868831
132.54254254254255,-9.691716407662453
132.5925925925926,-9.768811307934428
132.64264264264264,-9.808615931504509
132.6926926926927,-9.909166581665202
132.74274274274273,-9.966338047111895
132.7927927927928,-10.0674460160315
132.84284284284286,-10.145046694551898
132.8928928928929,-10.221174883870457
132.94294294294295,-10.266501343520968
132.99299299299298,-10.353812834358935
133.04304304304304,-10.453254652135072
133.0930930930931,-10.476876318199684
133.14314314314316,-10.53523189086723
133.1931931931932,-10.55250679071077
133.24324324324326,-10.603823736764598
133.2932932932933,-10.689928059634882
133.34334334334335,-10.737337921961018
133.3933933933934,-10.756290492915772
133.44344344344344,-10.81892648084156
133.4934934934935,-10.901811456318391
133.54354354354354,-10.95480036383194
133.5935935935936,-11.003699189747119
133.64364364364366,-11.01076077004908
133.6936936936937,-11.049499565556095
133.74374374374375,-11.111220938752798
133.79379379379378,-11.158808152399992
133.84384384384384,-11.165820877053852
133.8938938938939,-11.157389889778711
133.94394394394396,-11.232991749270703
133.993993993994,-11.272030920229144
134.04404404404406,-11.316302294813742
134.0940940940941,-11.32067365709388
134.14414414414415,-11.326548289344938
134.1941941941942,-11.338099666281341
134.24424424424424,-11.374598420491804
134.2942942942943,-11.420306216489298
134.34434434434434,-11.398338078245889
134.3943943943944,-11.404202609785205
134.44444444444446,-11.416479361266646
134.4944944944945,-11.48405577505894
134.54454454454455,-11.474375449605182
134.59459459459458,-11.484495195657404
134.64464464464464,-11.482094344065736
134.6946946946947,-11.515836983767402
134.74474474474476,-11.530308666759504
134.7947947947948,-11.561549430068336
134.84484484484486,-11.516090987242974
134.8948948948949,-11.471506261521919
134.94494494494495,-11.505667885114182
134.994994994995,-11.513252636671815
135.04504504504504,-11.508454780617923
135.0950950950951,-11.521382250667928
135.14514514514514,-11.488979773540471
135.1951951951952,-11.487019576630003
135.24524524524526,-11.508260848945385
135.2952952952953,-11.5150311603705
135.34534534534535,-11.443427698427167
135.39539539539538,-11.429055645730307
135.44544544544544,-11.450181956797847
135.4954954954955,-11.434505238884391
135.54554554554556,-11.398750079598361
135.5955955955956,-11.399606346074137
135.64564564564566,-11.363154800628578
135.6956956956957,-11.354832654735308
135.74574574574575,-11.35287577206767
135.7957957957958,-11.31153394754621
135.84584584584584,-11.284818737195225
135.8958958958959,-11.235470434599934
135.94594594594594,-11.257203730629202
135.995995995996,-11.220085058882267
136.04604604604606,-11.178439668642108
136.0960960960961,-11.147175019800386
136.14614614614615,-11.0947715371355
136.19619619619618,-11.076831129374117
136.24624624624624,-11.064711131258724
136.2962962962963,-11.01914238248579
136.34634634634637,-10.950125483202203
136.3963963963964,-10.934349551055075
136.44644644644646,-10.945580228725502
136.4964964964965,-10.89701732638625
136.54654654654655,-10.820078989380724
136.5965965965966,-10.78087512922703
136.64664664664664,-10.744335208934315
136.6966966966967,-10.688192476478461
136.74674674674674,-10.651518538931784
136.7967967967968,-10.578963222918663
136.84684684684686,-10.526260844453944
136.8968968968969,-10.497908921452966
136.94694694694695,-10.463232612071467
136.99699699699698,-10.397732507542372
137.04704704704704,-10.335195714696564
137.0970970970971,-10.276092543009172
137.14714714714717,-10.219544416167267
137.1971971971972,-10.18497333762354
137.24724724724726,-10.111531125165692
137.2972972972973,-10.041312835545265
137.34734734734735,-9.968417003001253
137.3973973973974,-9.955754427327664
137.44744744744744,-9.890430011575964
137.4974974974975,-9.820278347633916
137.54754754754754,-9.747148694041524
137.5975975975976,-9.658103082560297
137.64764764764766,-9.607397091719095
137.6976976976977,-9.54633289047341
137.74774774774775,-9.467829274797094
137.79779779779778,-9.381999548512034
137.84784784784785,-9.313192234354439
137.8978978978979,-9.270173307240785
137.94794794794797,-9.191045661664035
137.997997997998,-9.094070524345192
138.04804804804806,-9.013915343178562
138.0980980980981,-8.927371891202323
138.14814814814815,-8.879733956965389
138.1981981981982,-8.780979083032214
138.24824824824825,-8.712467184212832
138.2982982982983,-8.631018950613374
138.34834834834834,-8.556066134941055
138.3983983983984,-8.489693739469018
138.44844844844846,-8.385653562306942
138.4984984984985,-8.267195710558864
138.54854854854855,-8.157528255293249
138.59859859859858,-8.099330399456825
138.64864864864865,-8.031660981699174
138.6986986986987,-7.905090584900579
138.74874874874877,-7.838543812080339
138.7987987987988,-7.745915382824319
138.84884884884886,-7.651097831012546
138.8988988988989,-7.566986258846701
138.94894894894895,-7.473166710105568
138.998998998999,-7.363456009143462
139.04904904904905,-7.251486138267884
139.0990990990991,-7.184037182800288
139.14914914914914,-7.093863676962349
139.1991991991992,-6.980087956891633
139.24924924924926,-6.879221365247538
139.2992992992993,-6.784944267147026
139.34934934934935,-6.687986546015059
139.39939939939939,-6.582911160701162
139.44944944944945,-6.492624523706711
139.4994994994995,-6.384426480570718
139.54954954954957,-6.306397341614431
139.5995995995996,-6.2100143372716525
139.64964964964966,-6.0914482586928855
139.6996996996997,-6.002303112909048
139.74974974974975,-5.935443867247505
139.7997997997998,-5.800614013625537
139.84984984984985,-5.707892051427082
139.8998998998999,-5.629025558671083
139.94994994994994,-5.524443275320319
140.0,-5.40473220963433
