freq,trans_dB
90.0,-6.253250626508114
90.05005005005005,-6.193246807579097
90.10010010010011,-6.1098342245178845
90.15015015015015,-6.028963163561089
90.2002002002002,-5.90279427161223
90.25025025025025,-5.888079846182709
90.30030030030031,-5.821118201099597
90.35035035035035,-5.717833942691749
90.4004004004004,-5.644868072854952
90.45045045045045,-5.588300497897188
90.50050050050051,-5.526580211476754
90.55055055055055,-5.442481228236085
90.6006006006006,-5.362469451781863
90.65065065065065,-5.326116130498983
90.70070070070071,-5.2000661761225
90.75075075075075,-5.212728805886099
90.8008008008008,-5.173626951175418
90.85085085085085,-5.081109233590685
90.90090090090091,-5.055697960743967
90.95095095095095,-4.993509766738478
91.001001001001,-4.948371650185439
91.05105105105105,-4.886534561781608
91.10110110110111,-4.872979290368328
91.15115115115115,-4.761752775180763
91.2012012012012,-4.739721592842149
91.25125125125125,-4.736913766496955
91.30130130130131,-4.725271136521051
91.35135135135135,-4.6206949721868025
91.4014014014014,-4.617314074968835
91.45145145145145,-4.612610440540893
91.50150150150151,-4.570228083513159
91.55155155155155,-4.559420586851863
91.6016016016016,-4.526293295427538
91.65165165165165,-4.495373741706977
91.70170170170171,-4.460083922552815
91.75175175175175,-4.49804741379335
91.8018018018018,-4.516645105036969
91.85185185185185,-4.460126934243789
91.90190190190191,-4.467580499384813
91.95195195195195,-4.477463627089683
92.002002002002,-4.483631722558447
92.05205205205205,-4.4767726684028695
92.10210210210211,-4.497153850839958
92.15215215215215,-4.456766513091763
92.2022022022022,-4.509537456322271
92.25225225225225,-4.525530712528929
92.30230230230231,-4.576176097128445
92.35235235235236,-4.5751256946171175
92.4024024024024,-4.57079073914296
92.45245245245245,-4.646973954835227
92.50250250250251,-4.665731972093804
92.55255255255256,-4.720537667887357
92.6026026026026,-4.720477721401267
92.65265265265265,-4.762116360151227
92.70270270270271,-4.806775277824371
92.75275275275276,-4.880287996166797
92.8028028028028,-4.916805952237001
92.85285285285285,-4.961415738885419
92.90290290290291,-5.006939723437609
92.95295295295296,-5.075083243786757
93.003003003003,-5.148339706883989
93.05305305305305,-5.263295266113887
93.10310310310311,-5.256894355727008
93.15315315315316,-5.3070575753796945
93.2032032032032,-5.3912373978128425
93.25325325325325,-5.553190759537463
93.30330330330331,-5.586709777452401
93.35335335335336,-5.65795464991526
93.4034034034034,-5.6940320658151125
93.45345345345345,-5.857696721891263
93.50350350350351,-5.961065205264887
93.55355355355356,-6.067519184085023
93.6036036036036,-6.132109206032126
93.65365365365365,-6.214597465088804
93.70370370370371,-6.371267989629524
93.75375375375376,-6.468391079651422
93.8038038038038,-6.570784719159536
93.85385385385385,-6.6705702435380525
93.90390390390391,-6.782896175817471
93.95395395395396,-6.909842977113461
94.004004004004,-7.108393905996632
94.05405405405405,-7.2280519176437155
94.10410410410411,-7.305627196671279
94.15415415415416,-7.432560505392622
94.2042042042042,-7.652603773236246
94.25425425425425,-7.7748356389340785
94.30430430430431,-7.873459767128252
94.35435435435436,-8.000832324735073
94.4044044044044,-8.141668016076315
94.45445445445445,-8.311764626751843
94.50450450450451,-8.512442850660834
94.55455455455456,-8.632541766491059
94.6046046046046,-8.741142222673531
94.65465465465465,-8.934191629044296
94.70470470470471,-9.1310495377985
94.75475475475476,-9.265276477890417
94.8048048048048,-9.413655852338335
94.85485485485485,-9.570808436912241
94.90490490490491,-9.669466573062698
94.95495495495496,-9.834222958590674
95.005005005005,-10.016894882693187
95.05505505505505,-10.142713896039544
95.10510510510511,-10.214016881163548
95.15515515515516,-10.370273698915048
95.2052052052052,-10.632495314942556
95.25525525525525,-10.756378367184748
95.30530530530531,-10.828655159186725
95.35535535535536,-10.965696323327991
95.4054054054054,-11.107153423616577
95.45545545545545,-11.202216715594453
95.50550550550551,-11.35555163290372
95.55555555555556,-11.477274139562985
95.6056056056056,-11.543848056610477
95.65565565565565,-11.670473633127479
95.70570570570571,-11.855798558966766
95.75575575575576,-11.94188156992765
95.8058058058058,-12.008119752409176
95.85585585585585,-12.068120959351704
95.90590590590591,-12.158282290188534
95.95595595595596,-12.269233792732505
96.006006006006,-12.36166293925567
96.05605605605605,-12.3953193883803
96.10610610610611,-12.440804341882894
96.15615615615616,-12.533890025790123
96.2062062062062,-12.586234912277382
96.25625625625625,-12.612508824480647
96.30630630630631,-12.742112936080968
96.35635635635636,-12.747841105046648
96.4064064064064,-12.83336315688797
96.45645645645645,-12.866401827523154
96.50650650650651,-12.957252120769317
96.55655655655656,-12.923937348667154
96.6066066066066,-12.924778100578003
96.65665665665665,-12.98679734317104
96.70670670670671,-12.995858329226383
96.75675675675676,-13.001671318477811
96.8068068068068,-13.03444484637852
96.85685685685685,-12.9711454255152
96.90690690690691,-13.102819916110594
96.95695695695696,-13.096178700996209
97.007007007007,-13.106171544310484
97.05705705705705,-13.080964876019186
97.10710710710711,-13.096513439417416
97.15715715715716,-13.125357549861246
97.2072072072072,-13.108957574652386
97.25725725725725,-13.153980624903802
97.30730730730731,-13.11644427763198
97.35735735735736,-13.08691787131197
97.4074074074074,-13.120836648319017
97.45745745745745,-13.100102951876442
97.50750750750751,-13.115286244082673
97.55755755755756,-13.069739815827582
97.6076076076076,-13.028534494376117
97.65765765765767,-13.058811231879977
97.70770770770771,-13.026098421031142
97.75775775775776,-13.009170497019586
97.8078078078078,-12.95609578220143
97.85785785785785,-12.966442936610033
97.90790790790791,-12.945124450341613
97.95795795795796,-12.957128431703357
98.008008008008,-12.945224869857253
98.05805805805807,-12.901223236374856
98.10810810810811,-12.91613655497022
98.15815815815816,-12.896827466856049
98.2082082082082,-12.829912790418506
98.25825825825825,-12.794195180428733
98.30830830830831,-12.76852194398253
98.35835835835836,-12.724274144825602
98.4084084084084,-12.708682685953624
98.45845845845847,-12.694099710478024
98.50850850850851,-12.636909926246636
98.55855855855856,-12.563652226467608
98.6086086086086,-12.600007237221867
98.65865865865865,-12.556170913715357
98.70870870870871,-12.496178375122955
98.75875875875876,-12.468456961931084
98.8088088088088,-12.437381819893963
98.85885885885887,-12.406584683401912
98.90890890890891,-12.37323978130213
98.95895895895896,-12.360736789447662
99.009009009009,-12.277715961504748
99.05905905905905,-12.281936772110837
99.10910910910911,-12.240383231754354
99.15915915915916,-12.174608399186994
99.2092092092092,-12.155353183978505
99.25925925925927,-12.086080404870696
99.30930930930931,-12.05004219824219
99.35935935935936,-11.988332013708474
99.4094094094094,-11.930989092086538
99.45945945945945,-11.903727369791342
99.50950950950951,-11.828925369206384
99.55955955955956,-11.77980235701948
99.6096096096096,-11.762634992121805
99.65965965965967,-11.749295975853338
99.70970970970971,-11.691733546970001
99.75975975975976,-11.642387872356151
99.8098098098098,-11.62946054050126
99.85985985985985,-11.573975894284033
99.90990990990991,-11.49606848159375
99.95995995995996,-11.468900279846618
100.01001001001,-11.361804405213668
100.06006006006007,-11.306449242758408
100.11011011011011,-11.255915271618004
100.16016016016016,-11.23674564024234
100.2102102102102,-11.170059383315662
100.26026026026025,-11.117107227603944
100.31031031031031,-11.088175481431907
100.36036036036036,-10.999827183398635
100.4104104104104,-10.95866960417987
100.46046046046047,-10.899415024302506
100.51051051051051,-10.824375338138207
100.56056056056056,-10.765739007959969
100.6106106106106,-10.688404246816344
100.66066066066065,-10.647813955055463
100.71071071071071,-10.589059231483127
100.76076076076076,-10.521134615039331
100.8108108108108,-10.468824828429026
100.86086086086087,-10.410122021897731
100.91091091091091,-10.32794371851822
100.96096096096096,-10.297342842307371
101.011011011011,-10.228197402091089
101.06106106106107,-10.15617339873635
101.11111111111111,-10.0867437895143
101.16116116116116,-10.028013663989146
101.21121121121121,-9.944092360244472
101.26126126126127,-9.868526077049006
101.31131131131131,-9.83562359132267
101.36136136136136,-9.758415489618883
101.41141141141141,-9.664744037512508
101.46146146146147,-9.605817572815925
101.51151151151151,-9.569796346784099
101.56156156156156,-9.490081792219486
101.61161161161161,-9.393092511083676
101.66166166166167,-9.331715001065326
101.71171171171171,-9.307518211980936
101.76176176176176,-9.200268840054433
101.81181181181181,-9.144420659712658
101.86186186186187,-9.078696690942131
101.91191191191191,-8.978036446944532
101.96196196196196,-8.892159349486482
102.01201201201201,-8.845301715340508
102.06206206206207,-8.78122449573195
102.11211211211211,-8.693415118940642
102.16216216216216,-8.60960955726202
102.21221221221221,-8.559395816015577
102.26226226226227,-8.498129521087561
102.31231231231232,-8.397787844471372
102.36236236236236,-8.317039833728979
102.41241241241241,-8.243242142975642
102.46246246246247,-8.179805000571925
102.51251251251252,-8.124105702182462
102.56256256256256,-8.05641744204046
102.61261261261261,-7.980783598241963
102.66266266266267,-7.921739739374212
102.71271271271272,-7.86484235013225
102.76276276276276,-7.796593893139983
102.81281281281281,-7.7087644694935165
102.86286286286287,-7.633023543550159
102.91291291291292,-7.569150758668507
102.96296296296296,-7.50635363433947
103.01301301301301,-7.429040979042591
103.06306306306307,-7.336323530360775
103.11311311311312,-7.277139049128814
103.16316316316316,-7.248233175191155
103.21321321321321,-7.216056083800896
103.26326326326327,-7.189153080699504
103.31331331331332,-7.107204536799915
103.36336336336336,-7.0268869214739125
103.41341341341341,-6.975103693197432
103.46346346346347,-6.926315704456286
103.51351351351352,-6.8845303214198275
103.56356356356356,-6.812454922405648
103.61361361361361,-6.7730228934570444
103.66366366366367,-6.728888327897933
103.71371371371372,-6.701558380193776
103.76376376376376,-6.66525600251967
103.81381381381381,-6.602325294494032
103.86386386386387,-6.576482500649643
103.91391391391392,-6.547828083101375
103.96396396396396,-6.525726133755149
104.01401401401401,-6.487668618104084
104.06406406406407,-6.454170531902496
104.11411411411412,-6.43383559311681
104.16416416416416,-6.444615693483177
104.21421421421421,-6.457779279452606
104.26426426426427,-6.443160276330743
104.31431431431432,-6.409459659939841
104.36436436436436,-6.392287250608058
104.41441441441441,-6.41354817799848
104.46446446446447,-6.403079358051739
104.51451451451452,-6.418949726432132
104.56456456456456,-6.419801620443346
104.61461461461461,-6.44939209667567
104.66466466466467,-6.468842424250533
104.71471471471472,-6.49420310456548
104.76476476476476,-6.498563776718658
104.81481481481481,-6.490572847592617
104.86486486486487,-6.536922293219287
104.91491491491492,-6.607376219258018
104.96496496496496,-6.690598609894042
105.01501501501502,-6.729884435037541
105.06506506506507,-6.770137264296141
105.11511511511512,-6.838233301195874
105.16516516516516,-6.913600886295809
105.21521521521521,-6.981267222254902
105.26526526526527,-7.0153893123896385
105.31531531531532,-7.08010931759247
105.36536536536536,-7.128539935331431
105.41541541541542,-7.246569120989209
105.46546546546547,-7.360370589538205
105.51551551551552,-7.434552758225782
105.56556556556556,-7.518814186063919
105.61561561561561,-7.641492895978997
105.66566566566567,-7.762965228257497
105.71571571571572,-7.832819982905375
105.76576576576576,-7.94221114889472
105.81581581581582,-8.020744689232703
105.86586586586587,-8.155019529500782
105.91591591591592,-8.300994533100061
105.96596596596596,-8.43357599442685
106.01601601601601,-8.518050447348253
106.06606606606607,-8.625570328504145
106.11611611611612,-8.791926430135367
106.16616616616616,-8.894155594278917
106.21621621621622,-9.028533596773505
106.26626626626627,-9.131177391448933
106.31631631631632,-9.254071836342462
106.36636636636636,-9.35056267209075
106.41641641641641,-9.498610815775413
106.46646646646647,-9.666315060605859
106.51651651651652,-9.750989658159215
106.56656656656656,-9.872236348778857
106.61661661661662,-9.999109526509043
106.66666666666667,-10.17014976301131
106.71671671671672,-10.262554436529635
106.76676676676676,-10.354291971165496
106.81681681681681,-10.468015241004021
106.86686686686687,-10.58077035877539
106.91691691691692,-10.728941226659765
106.96696696696696,-10.831862270034403
107.01701701701703,-10.890620188205235
107.06706706706707,-10.91568661481277
107.11711711711712,-11.054371550370787
107.16716716716716,-11.16920814165635
107.21721721721721,-11.272656637607396
107.26726726726727,-11.367553082017778
107.31731731731732,-11.427395200111595
107.36736736736736,-11.543332143213695
107.41741741741743,-11.623684420103723
107.46746746746747,-11.68997814561538
107.51751751751752,-11.695940509332651
107.56756756756756,-11.775923922109854
107.61761761761761,-11.844570943686515
107.66766766766767,-11.917954955564277
107.71771771771772,-11.950893074052974
107.76776776776777,-11.969339636504053
107.81781781781783,-12.058348001997475
107.86786786786787,-12.131355436307317
107.91791791791792,-12.220937114535399
107.96796796796797,-12.232399003915635
108.01801801801801,-12.225805453217006
108.06806806806807,-12.290126869753236
108.11811811811812,-12.336213512622443
108.16816816816817,-12.385611837344277
108.21821821821823,-12.389926451919926
108.26826826826827,-12.404499064559069
108.31831831831832,-12.445542332728781
108.36836836836837,-12.531728388516388
108.41841841841841,-12.557149339215984
108.46846846846847,-12.584873432278313
108.51851851851852,-12.61542747549392
108.56856856856857,-12.633881622857889
108.61861861861863,-12.648088558220316
108.66866866866867,-12.686435546261837
108.71871871871872,-12.703895163453774
108.76876876876877,-12.670058398498368
108.81881881881881,-12.698367498488075
108.86886886886887,-12.7601084122084
108.91891891891892,-12.793087159804319
108.96896896896897,-12.763986471085014
109.01901901901903,-12.767926733311008
109.06906906906907,-12.812866342157436
109.11911911911912,-12.827321368630662
109.16916916916917,-12.872964518006505
109.21921921921921,-12.86293355870568
109.26926926926927,-12.835396698266209
109.31931931931932,-12.846240794271482
109.36936936936937,-12.919968938365692
109.41941941941943,-12.909457971984219
109.46946946946947,-12.852614258960187
109.51951951951952,-12.888119010686783
109.56956956956957,-12.948032236686782
109.61961961961961,-12.943875966678462
109.66966966966967,-12.924692262285234
109.71971971971972,-12.927341371810654
109.76976976976977,-12.912012928600214
109.81981981981983,-12.91635184018973
109.86986986986987,-12.95260711980184
109.91991991991992,-12.94025717309192
109.96996996996997,-12.915956267124796
110.02002002002001,-12.958496795025345
110.07007007007007,-13.0102014328436
110.12012012012012,-12.988568276868394
110.17017017017017,-12.963029818060201
110.22022022022023,-12.945985639461515
110.27027027027027,-12.935976772567543
110.32032032032032,-12.973729233063988
110.37037037037037,-12.990755410477707
110.42042042042041,-12.942560732688472
110.47047047047047,-12.917385508957402
110.52052052052052,-12.9569033162934
110.57057057057057,-12.95794415253802
110.62062062062063,-12.928571176380663
110.67067067067067,-12.923077232602482
110.72072072072072,-12.913284773588924
110.77077077077077,-12.911595088845049
110.82082082082081,-12.916611185308762
110.87087087087087,-12.903210008069893
110.92092092092092,-12.886361356756314
110.97097097097097,-12.85544773541191
111.02102102102103,-12.85912752825055
111.07107107107107,-12.890741177202125
111.12112112112112,-12.857436819034929
111.17117117117117,-12.808497606722682
111.22122122122121,-12.810623063994125
111.27127127127127,-12.832072475376984
111.32132132132132,-12.812222171200636
111.37137137137137,-12.797903187654919
111.42142142142143,-12.785298389927378
111.47147147147147,-12.76607883862566
111.52152152152152,-12.761242844392449
111.57157157157158,-12.722434845128967
111.62162162162163,-12.698208286682608
111.67167167167167,-12.690045789795725
111.72172172172172,-12.683177506012271
111.77177177177177,-12.674240187351357
111.82182182182183,-12.684156104384963
111.87187187187187,-12.649684871949953
111.92192192192192,-12.582340154972885
111.97197197197198,-12.565817211163784
112.02202202202203,-12.561320559318057
112.07207207207207,-12.523656905307941
112.12212212212212,-12.509395501833165
112.17217217217217,-12.487799822997259
112.22222222222223,-12.477360906843852
112.27227227227228,-12.473599247297445
112.32232232232232,-12.452140469182705
112.37237237237238,-12.394778744151873
112.42242242242243,-12.346393483578884
112.47247247247248,-12.32558573473795
112.52252252252252,-12.288896254399305
112.57257257257257,-12.272098643560751
112.62262262262263,-12.247141685112034
112.67267267267268,-12.19353760684703
112.72272272272272,-12.183136643883415
112.77277277277278,-12.170521571751406
112.82282282282283,-12.13053624277991
112.87287287287288,-12.08979441043139
112.92292292292292,-12.06976861374045
112.97297297297297,-12.058899543093135
113.02302302302303,-12.01520594215849
113.07307307307308,-11.971300034728902
113.12312312312312,-11.932036406900552
113.17317317317318,-11.904947351916729
113.22322322322323,-11.893206595088374
113.27327327327328,-11.857686208801992
113.32332332332332,-11.801017618568439
113.37337337337337,-11.749876372266703
113.42342342342343,-11.709379876126217
113.47347347347348,-11.681119534285866
113.52352352352352,-11.627624478577314
113.57357357357358,-11.570104969425662
113.62362362362363,-11.535399998720834
113.67367367367368,-11.513714019421247
113.72372372372372,-11.484038532284039
113.77377377377377,-11.437674639474551
113.82382382382383,-11.391322905497494
113.87387387387388,-11.3444200192728
113.92392392392392,-11.308503378723861
113.97397397397398,-11.272696594016807
114.02402402402403,-11.221595856063491
114.07407407407408,-11.172746705096513
114.12412412412412,-11.116966760543761
114.17417417417417,-11.073392767667421
114.22422422422423,-11.040727597788608
114.27427427427428,-10.997356333226975
114.32432432432432,-10.932201811362571
114.37437437437438,-10.898025982018545
114.42442442442443,-10.882280749057653
114.47447447447448,-10.821645409891463
114.52452452452452,-10.752847867759614
114.57457457457457,-10.702335422640358
114.62462462462463,-10.66810330768705
114.67467467467468,-10.631127579355882
114.72472472472472,-10.593349437568785
114.77477477477478,-10.54244156599546
114.82482482482483,-10.4830061201952
114.87487487487488,-10.430288237897763
114.92492492492492,-10.394354533508958
114.97497497497497,-10.349530280587503
115.02502502502503,-10.27977833630344
115.07507507507508,-10.212855324702478
115.12512512512512,-10.168424586459041
115.17517517517518,-10.140584770501766
115.22522522522523,-10.107741042998468
115.27527527527528,-10.048894719132965
115.32532532532532,-9.996459200637426
115.37537537537537,-9.981066305952918
115.42542542542543,-9.944928367364213
115.47547547547548,-9.875706096660108
115.52552552552552,-9.81176016529646
115.57557557557558,-9.763211536265086
115.62562562562563,-9.733665103086539
115.67567567567568,-9.697969046106474
115.72572572572572,-9.648801109368389
115.77577577577577,-9.588653384942068
115.82582582582583,-9.540676947547329
115.87587587587588,-9.524417749231507
115.92592592592592,-9.506326864860341
115.97597597597598,-9.465607215216446
116.02602602602603,-9.405458443081919
116.07607607607608,-9.37592672832568
116.12612612612612,-9.3681814529853
116.17617617617617,-9.356093168097063
116.22622622622623,-9.298048140819384
116.27627627627628,-9.251449667798719
116.32632632632632,-9.2415374589271
116.37637637637638,-9.221649860725211
116.42642642642643,-9.1728822952044
116.47647647647648,-9.121400358010227
116.52652652652652,-9.10093129861756
116.57657657657657,-9.08769808260136
116.62662662662663,-9.103494473258063
116.67667667667668,-9.099072069909164
116.72672672672672,-9.045139113377424
116.77677677677679,-8.99967480085694
116.82682682682683,-9.019526987269852
116.87687687687688,-9.03290262396338
116.92692692692692,-8.99785202395528
116.97697697697697,-8.97006853575458
117.02702702702703,-8.960692350672316
117.07707707707708,-8.988531473699314
117.12712712712712,-9.002099940378258
117.17717717717719,-8.983196471820495
117.22722722722723,-8.91972659959192
117.27727727727728,-8.897593274597563
117.32732732732732,-8.938186187947887
117.37737737737737,-8.951115513736774
117.42742742742743,-8.946777661438206
117.47747747747748,-8.933570013729337
117.52752752752752,-8.961748529537932
117.57757757757759,-9.005639415979276
117.62762762762763,-9.04204583560883
117.67767767767768,-9.010463229436452
117.72772772772772,-8.956310856543128
117.77777777777777,-8.976915879075767
117.82782782782783,-9.027945801145759
117.87787787787788,-9.038964584580334
117.92792792792793,-8.997661921143616
117.97797797797799,-9.010162843574253
118.02802802802803,-9.032199282882864
118.07807807807808,-9.068516704508424
118.12812812812813,-9.102433087699154
118.17817817817817,-9.093592640960477
118.22822822822823,-9.078144721201665
118.27827827827828,-9.116089891672672
118.32832832832833,-9.173061866732594
118.37837837837839,-9.156919528904277
118.42842842842843,-9.128089987181898
118.47847847847848,-9.144210271209662
118.52852852852853,-9.19533952311775
118.57857857857857,-9.260995966093631
118.62862862862863,-9.300035231215935
118.67867867867868,-9.291395973896465
118.72872872872873,-9.274013895623197
118.77877877877879,-9.331451685775392
118.82882882882883,-9.369843277117775
118.87887887887888,-9.354268152254937
118.92892892892893,-9.328252917082047
118.97897897897897,-9.349308912723188
119.02902902902903,-9.388410717538772
119.07907907907908,-9.452905527106235
119.12912912912913,-9.52198757711063
119.17917917917919,-9.526184773653474
119.22922922922923,-9.551921064906379
119.27927927927928,-9.612965892232502
119.32932932932933,-9.684289821814408
119.37937937937937,-9.68676437790803
119.42942942942943,-9.672789589294254
119.47947947947948,-9.699932477379333
119.52952952952953,-9.740852944150236
119.57957957957959,-9.800859925765906
119.62962962962963,-9.855538883616337
119.67967967967968,-9.878087740675957
119.72972972972973,-9.892085193375296
119.77977977977977,-9.965061217418105
119.82982982982983,-10.023317288187187
119.87987987987988,-10.045983461847378
119.92992992992993,-10.082046499271362
119.97997997997999,-10.112891465328138
120.03003003003003,-10.153532383084336
120.08008008008008,-10.251589845899508
120.13013013013014,-10.326778018082946
120.18018018018019,-10.304240319188878
120.23023023023023,-10.337476260721402
120.28028028028028,-10.428828489393494
120.33033033033033,-10.468769075446657
120.38038038038039,-10.492932966180236
120.43043043043043,-10.526463349061991
120.48048048048048,-10.544921195278418
120.53053053053054,-10.585739383937693
120.58058058058059,-10.67908470160352
120.63063063063063,-10.726638467291293
120.68068068068068,-10.716031296397496
120.73073073073073,-10.765422724240931
120.78078078078079,-10.857133454671752
120.83083083083083,-10.90524484973999
120.88088088088088,-10.958979735965247
120.93093093093094,-11.001228338330018
120.98098098098099,-11.002445843116746
121.03103103103103,-11.059324041288052
121.08108108108108,-11.146966269605311
121.13113113113113,-11.172336587753836
121.18118118118119,-11.151094243950325
121.23123123123123,-11.19963318187715
121.28128128128128,-11.272343707189304
121.33133133133134,-11.325732118690055
121.38138138138139,-11.374682186456111
121.43143143143143,-11.400284495912485
121.48148148148148,-11.42397832549319
121.53153153153153,-11.487833339979824
121.58158158158159,-11.562212809516934
121.63163163163163,-11.556752237738067
121.68168168168168,-11.546516508004915
121.73173173173174,-11.617790519245228
121.78178178178179,-11.67217584173567
121.83183183183183,-11.716676843713694
121.88188188188188,-11.756413121491592
121.93193193193193,-11.784228508416955
121.98198198198199,-11.785899802712674
122.03203203203203,-11.855819020869157
122.08208208208208,-11.923121736019299
122.13213213213214,-11.900545967861307
122.18218218218217,-11.907005394642864
122.23223223223223,-11.967734028659146
122.28228228228228,-12.018918021353564
122.33233233233233,-12.04855800862132
122.38238238238239,-12.088676305291948
122.43243243243244,-12.07682475108623
122.48248248248248,-12.116593636139685
122.53253253253254,-12.210371238020455
122.58258258258257,-12.224307936516082
122.63263263263264,-12.194689801359935
122.68268268268268,-12.238476901418288
122.73273273273273,-12.295301791639039
122.78278278278279,-12.321466741162656
122.83283283283284,-12.364974097375457
122.88288288288288,-12.387244210559622
122.93293293293294,-12.38746349971513
122.98298298298297,-12.393789850162312
123.03303303303304,-12.489223233980164
123.08308308308308,-12.501715825233005
123.13313313313313,-12.457703527753688
123.18318318318319,-12.478055752824016
123.23323323323324,-12.538665550065147
123.28328328328328,-12.568705876493118
123.33333333333334,-12.585194324301426
123.38338338338338,-12.60852288539221
123.43343343343344,-12.606191739461003
123.48348348348348,-12.642232886064354
123.53353353353353,-12.720604279100463
123.58358358358359,-12.690196742126084
123.63363363363364,-12.650616833377086
123.68368368368368,-12.717847435095512
123.73373373373374,-12.733397237785935
123.78378378378378,-12.730089577981493
123.83383383383384,-12.772228668998139
123.88388388388388,-12.773243845013077
123.93393393393393,-12.754280107094695
123.98398398398399,-12.814196988350828
124.03403403403404,-12.893818210910238
124.08408408408408,-12.82385507957386
124.13413413413414,-12.794129089667619
124.18418418418419,-12.860487156523744
124.23423423423424,-12.839868801636948
124.2842842842843,-12.834138117534472
124.33433433433433,-12.862580337368337
124.38438438438439,-12.87990652107676
124.43443443443444,-12.89042056699617
124.48448448448448,-12.944220027554847
124.53453453453454,-12.962544469682495
124.58458458458459,-12.938248924918982
124.63463463463464,-12.917711034673161
124.6846846846847,-12.932077910023397
124.73473473473473,-12.93803126153669
124.78478478478479,-12.942816989124871
124.83483483483484,-12.934333175508357
124.88488488488488,-12.923254468321018
124.93493493493494,-12.959790446000612
124.98498498498499,-12.972066820077854
125.03503503503504,-12.957649313036598
125.0850850850851,-12.916543019432378
125.13513513513513,-12.921829891546503
125.18518518518519,-12.96154420737854
125.23523523523524,-12.936186431189785
125.28528528528528,-12.934968710249851
125.33533533533534,-12.954779117561918
125.38538538538539,-12.93581192223831
125.43543543543544,-12.924829312376088
125.4854854854855,-12.960299626107284
125.53553553553553,-12.962288137213244
125.58558558558559,-12.888322095546648
125.63563563563564,-12.907780578718095
125.68568568568568,-12.946406263588205
125.73573573573574,-12.914546929881014
125.78578578578579,-12.882057087887956
125.83583583583584,-12.897903901054935
125.8858858858859,-12.8761062312357
125.93593593593593,-12.8647534318413
125.98598598598599,-12.878660862770392
126.03603603603604,-12.816770419052794
126.08608608608608,-12.779716416112413
126.13613613613614,-12.826370764363334
126.18618618618619,-12.816283749265317
126.23623623623624,-12.800911199246752
126.2862862862863,-12.834027788617066
126.33633633633633,-12.813029808120085
126.38638638638639,-12.774003680490527
126.43643643643644,-12.764416519968167
126.48648648648648,-12.752614785830778
126.53653653653654,-12.662221417081131
126.58658658658659,-12.64588648601182
126.63663663663664,-12.658988766574973
126.6866866866867,-12.623433114802475
126.73673673673673,-12.611700251080748
126.78678678678679,-12.60249377605627
126.83683683683684,-12.586099895924436
126.88688688688688,-12.55872220803121
126.93693693693695,-12.54159065539671
126.98698698698699,-12.49503950012325
127.03703703703704,-12.440094910711895
127.0870870870871,-12.444268232184665
127.13713713713713,-12.428734889948517
127.18718718718719,-12.397073840052085
127.23723723723724,-12.36206305353439
127.28728728728728,-12.318779755622252
127.33733733733735,-12.289444147523753
127.38738738738739,-12.257992845424196
127.43743743743744,-12.237256161323348
127.4874874874875,-12.204625013972096
127.53753753753753,-12.12215178348866
127.58758758758759,-12.104522371223608
127.63763763763764,-12.05652983002504
127.68768768768768,-11.992857397083716
127.73773773773775,-11.945726406899741
127.78778778778779,-11.87704165350678
127.83783783783784,-11.82896896697478
127.8878878878879,-11.767018520848824
127.93793793793793,-11.729403203736965
127.98798798798799,-11.685563216854892
128.03803803803805,-11.606944970198244
128.08808808808809,-11.555637296000578
128.13813813813815,-11.48689933834753
128.18818818818818,-11.410104686206736
128.23823823823824,-11.297549094421424
128.2882882882883,-11.20911396915356
128.33833833833833,-11.122352797929803
128.3883883883884,-11.063419442464415
128.43843843843842,-10.979515396947322
128.48848848848849,-10.884896686409181
128.53853853853855,-10.797280077352191
128.5885885885886,-10.697857983871813
128.63863863863864,-10.609860893597666
128.6886886886887,-10.487618280147588
128.73873873873873,-10.399021682562411
128.7887887887888,-10.30085831991303
128.83883883883885,-10.203154615304639
128.88888888888889,-10.106002709977561
128.93893893893895,-9.982236458321678
128.98898898898898,-9.822915179674318
129.03903903903904,-9.728815483556456
129.0890890890891,-9.621989095522096
129.13913913913913,-9.48105024455272
129.1891891891892,-9.377124053429473
129.23923923923923,-9.287104867149646
129.2892892892893,-9.185337353220046
129.33933933933935,-9.037541558484754
129.3893893893894,-8.933249764693569
129.43943943943944,-8.808197009760619
129.4894894894895,-8.68377586357118
129.53953953953953,-8.596688072966268
129.5895895895896,-8.455683330390473
129.63963963963965,-8.344646862322035
129.6896896896897,-8.202134405000745
129.73973973973975,-8.155380308597962
129.78978978978978,-8.036305454006328
129.83983983983984,-7.936931010655899
129.8898898898899,-7.8493994362307395
129.93993993993993,-7.732230793165038
129.98998998999,-7.648125703289
130.04004004004003,-7.564594289013365
130.0900900900901,-7.478910341557688
130.14014014014015,-7.362910645576846
130.1901901901902,-7.312158628536587
130.24024024024024,-7.26779139935705
130.2902902902903,-7.191959781807916
130.34034034034033,-7.11096004913945
130.3903903903904,-7.0587257347035095
130.44044044044045,-7.02876985363617
130.4904904904905,-6.957894996609504
130.54054054054055,-6.931115445155664
130.59059059059058,-6.861358306850961
130.64064064064064,-6.820082678514485
130.6906906906907,-6.791768139690275
130.74074074074073,-6.773352083855325
130.7907907907908,-6.76024985034523
130.84084084084083,-6.707049179321193
130.8908908908909,-6.713236808871968
130.94094094094095,-6.697606992544791
130.990990990991,-6.714821937684358
131.04104104104104,-6.690321912648992
131.0910910910911,-6.684365608076913
131.14114114114113,-6.655751102294664
131.1911911911912,-6.685712057989311
131.24124124124126,-6.700158944849791
131.2912912912913,-6.690777921984992
131.34134134134135,-6.7103273403107275
131.39139139139138,-6.70954485061556
131.44144144144144,-6.7605567446029715
131.4914914914915,-6.763651666893512
131.54154154154153,-6.832562533092122
131.5915915915916,-6.8667815447634855
131.64164164164163,-6.860991278992937
131.6916916916917,-6.930076133239995
131.74174174174175,-6.938277887718435
131.7917917917918,-6.995750732245894
131.84184184184184,-6.997223432027259
131.8918918918919,-7.067620196036487
131.94194194194193,-7.122239723374801
131.991991991992,-7.169804295950587
132.04204204204206,-7.232315004975571
132.0920920920921,-7.264718192615931
132.14214214214215,-7.346948461716826
132.19219219219218,-7.386586422685276
132.24224224224224,-7.4368949678129646
132.2922922922923,-7.48663358612827
132.34234234234233,-7.552607363443004
132.3923923923924,-7.603604915259983
132.44244244244243,-7.650832205168088
132.4924924924925,-7.725802514997901
132.54254254254255,-7.797873797871103
132.5925925925926,-7.88755335005814
132.64264264264264,-7.927551601012916
132.6926926926927,-8.025293530906863
132.74274274274273,-8.066860601070958
132.7927927927928,-8.157014618127448
132.84284284284286,-8.222581373993586
132.8928928928929,-8.27593943488003
132.94294294294295,-8.316359445363851
132.99299299299298,-8.358302078166748
133.04304304304304,-8.460481046247173
133.0930930930931,-8.529961573715795
133.14314314314316,-8.622225514999393
133.1931931931932,-8.673694037041713
133.24324324324326,-8.794422611232182
133.2932932932933,-8.8731229035961
133.34334334334335,-8.946676925371282
133.3933933933934,-8.956018396147238
133.44344344344344,-9.008345353774414
133.4934934934935,-9.11648539979211
133.54354354354354,-9.16947027878173
133.5935935935936,-9.267835327574913
133.64364364364366,-9.294522887537891
133.6936936936937,-9.34266342361447
133.74374374374375,-9.413894029430336
133.79379379379378,-9.53877408826643
133.84384384384384,-9.623941062752085
133.8938938938939,-9.634640339352057
133.94394394394396,-9.699133200867228
133.993993993994,-9.783178983458633
134.04404404404406,-9.857825620115705
134.0940940940941,-9.928114563611796
134.14414414414415,-9.96494524839521
134.1941941941942,-10.018121332214175
134.24424424424424,-10.102645887878888
134.2942942942943,-10.178607307071578
134.34434434434434,-10.2541994633689
134.3943943943944,-10.283536988932452
134.44444444444446,-10.337629886766644
134.4944944944945,-10.427549471095773
134.54454454454455,-10.474225274036408
134.59459459459458,-10.561892232819552
134.64464464464464,-10.604076929031697
134.6946946946947,-10.612230862999438
134.74474474474476,-10.740593464033424
134.7947947947948,-10.807705121129493
134.84484484484486,-10.851646991698358
134.8948948948949,-10.852855813723712
134.94494494494495,-10.945088243419274
134.994994994995,-11.011717718335596
135.04504504504504,-11.07379830239178
135.0950950950951,-11.115959953084952
135.14514514514514,-11.174241078013518
135.1951951951952,-11.199544466140507
135.24524524524526,-11.288207041512567
135.2952952952953,-11.352470072126836
135.34534534534535,-11.35448846703799
135.39539539539538,-11.400777709196554
135.44544544544544,-11.461809362225662
135.4954954954955,-11.5260465119835
135.54554554554556,-11.570194969651428
135.5955955955956,-11.647930284042815
135.64564564564566,-11.700827120170034
135.6956956956957,-11.700385099143917
135.74574574574575,-11.827184977440654
135.7957957957958,-11.858598737321591
135.84584584584584,-11.843031901397827
135.8958958958959,-11.884648828805847
135.94594594594594,-11.953652005183235
135.995995995996,-12.014798065787373
136.04604604604606,-12.0363522811328
136.0960960960961,-12.053406049443328
136.14614614614615,-12.102935029387853
136.19619619619618,-12.156815206182287
136.24624624624624,-12.22794780657103
136.2962962962963,-12.26989115817097
136.34634634634637,-12.285075464415156
136.3963963963964,-12.312913320274891
136.44644644644646,-12.357179673433608
136.4964964964965,-12.42459887358373
136.54654654654655,-12.435265603293928
136.5965965965966,-12.467975018500333
136.64664664664664,-12.499291994704075
136.6966966966967,-12.548217495682048
136.74674674674674,-12.595557123852286
136.7967967967968,-12.615079196737064
136.84684684684686,-12.614431016243149
136.8968968968969,-12.672723826383775
136.94694694694695,-12.735665222890562
136.99699699699698,-12.7634996886964
137.04704704704704,-12.753620934821578
137.0970970970971,-12.776749872813753
137.14714714714717,-12.812096071420743
137.1971971971972,-12.860878963307398
137.24724724724726,-12.89419642649084
137.2972972972973,-12.873271529015518
137.34734734734735,-12.895220287336755
137.3973973973974,-12.952041083956635
137.44744744744744,-13.006730706153546
137.4974974974975,-13.006800561351405
137.54754754754754,-13.02378978942663
137.5975975975976,-13.003367445808287
137.64764764764766,-13.031493796841875
137.6976976976977,-13.072664273702571
137.74774774774775,-13.104165781803589
137.79779779779778,-13.09047259652249
137.84784784784785,-13.101864171795759
137.8978978978979,-13.125219685498385
137.94794794794797,-13.186032086038955
137.997997997998,-13.154743192701138
138.04804804804806,-13.159577519219793
138.0980980980981,-13.162994242838167
138.14814814814815,-13.196730813955757
138.1981981981982,-13.193393848605995
138.24824824824825,-13.179127093789816
138.2982982982983,-13.199935548250814
138.34834834834834,-13.157111594567795
138.3983983983984,-13.186050175858467
138.44844844844846,-13.18737201351585
138.4984984984985,-13.146979352373567
138.54854854854855,-13.141896528979121
138.59859859859858,-13.158411810218093
138.64864864864865,-13.162733309640782
138.6986986986987,-13.139411650238328
138.74874874874877,-13.10841277355974
138.7987987987988,-13.103149634530666
138.84884884884886,-13.055251870122305
138.8988988988989,-13.019025285341446
138.94894894894895,-13.001139933892457
138.998998998999,-12.96546576187806
139.04904904904905,-12.923465686889326
139.0990990990991,-12.90539080389802
139.14914914914914,-12.88956836825675
139.1991991991992,-12.823840022192266
139.24924924924926,-12.761472894248536
139.2992992992993,-12.702079675250605
139.34934934934935,-12.662524537180852
139.39939939939939,-12.629467566182994
139.44944944944945,-12.544406757041983
139.4994994994995,-12.457526093304786
139.54954954954957,-12.441472214832189
139.5995995995996,-12.326734651437466
139.64964964964966,-12.232945905973247
139.6996996996997,-12.157146499109341
139.74974974974975,-12.084812436390207
139.7997997997998,-11.927396042816133
139.84984984984985,-11.828465403126755
139.8998998998999,-11.758165879360364
139.94994994994994,-11.658052877609215
140.0,-11.51763389722433
