freq,trans_dB
90.0,-7.124741581868115
90.05005005005005,-7.144106331815013
90.10010010010011,-7.095967970843338
90.15015015015015,-7.055815735486882
90.2002002002002,-7.0038034987521645
90.25025025025025,-6.930350787716078
90.30030030030031,-6.9127523715317265
90.35035035035035,-6.827248319227478
90.4004004004004,-6.726987885689851
90.45045045045045,-6.724557617970255
90.50050050050051,-6.629017873289657
90.55055055055055,-6.54717011797728
90.6006006006006,-6.510942970886792
90.65065065065065,-6.456092295203789
90.70070070070071,-6.313377428204334
90.75075075075075,-6.2362226385426185
90.8008008008008,-6.240660264471616
90.85085085085085,-6.134767175348924
90.90090090090091,-6.029084514780724
90.95095095095095,-5.98254924128143
91.001001001001,-5.901538297782646
91.05105105105105,-5.805025842252421
91.10110110110111,-5.784260061768628
91.15115115115115,-5.684984570206804
91.2012012012012,-5.563252001912872
91.25125125125125,-5.5215429863807435
91.30130130130131,-5.457684890973205
91.35135135135135,-5.33484324874627
91.4014014014014,-5.257488229018514
91.45145145145145,-5.169887129559323
91.50150150150151,-5.036163932369906
91.55155155155155,-4.945368192367477
91.6016016016016,-4.918555481213762
91.65165165165165,-4.79584271634645
91.70170170170171,-4.687865032177154
91.75175175175175,-4.64416033455773
91.8018018018018,-4.5670149304804095
91.85185185185185,-4.439888358133064
91.90190190190191,-4.379561571779356
91.95195195195195,-4.279068552422266
92.002002002002,-4.171424505820161
92.05205205205205,-4.074304577028007
92.10210210210211,-4.051343286546569
92.15215215215215,-3.907801783319148
92.2022022022022,-3.816270625673177
92.25225225225225,-3.7538649224690324
92.30230230230231,-3.670446534335972
92.35235235235236,-3.563697264467908
92.4024024024024,-3.4673412813824664
92.45245245245245,-3.4165851125306506
92.50250250250251,-3.3044314377796846
92.55255255255256,-3.2323521132330457
92.6026026026026,-3.1568105868109124
92.65265265265265,-3.0632971784508616
92.70270270270271,-2.98247887424247
92.75275275275276,-2.9271798014501154
92.8028028028028,-2.8294372973428144
92.85285285285285,-2.7624894525829586
92.90290290290291,-2.681993851423563
92.95295295295296,-2.6002724778744546
93.003003003003,-2.5313937743124324
93.05305305305305,-2.512184741972993
93.10310310310311,-2.4164817881658736
93.15315315315316,-2.326904229529702
93.2032032032032,-2.2832579932570316
93.25325325325325,-2.2478775152930126
93.30330330330331,-2.148168141003224
93.35335335335336,-2.105487640707824
93.4034034034034,-2.0416719248295574
93.45345345345345,-1.9840575822036846
93.50350350350351,-1.9567831565168177
93.55355355355356,-1.9435640622186499
93.6036036036036,-1.879420063551697
93.65365365365365,-1.8460141359987672
93.70370370370371,-1.8406230606665506
93.75375375375376,-1.773728780057575
93.8038038038038,-1.7437351117708413
93.85385385385385,-1.742890788578865
93.90390390390391,-1.6966682547761183
93.95395395395396,-1.6405710953849635
94.004004004004,-1.7082318233448162
94.05405405405405,-1.6938385164624128
94.10410410410411,-1.6294080015710926
94.15415415415416,-1.6713550043657688
94.2042042042042,-1.6855540918495906
94.25425425425425,-1.671357424294872
94.30430430430431,-1.6717263272359646
94.35435435435436,-1.7413529090708957
94.4044044044044,-1.6904084270242645
94.45445445445445,-1.7143193461697377
94.50450450450451,-1.8127358559287523
94.55455455455456,-1.8192524653157642
94.6046046046046,-1.8096325860092295
94.65465465465465,-1.8853693345627336
94.70470470470471,-1.9382053432310742
94.75475475475476,-1.9293202878072326
94.8048048048048,-1.9924603263157077
94.85485485485485,-2.09108527145172
94.90490490490491,-2.08199558027434
94.95495495495496,-2.1393435964075223
95.005005005005,-2.2437506243719008
95.05505505505505,-2.280991309284531
95.10510510510511,-2.284196037157362
95.15515515515516,-2.3866750953358227
95.2052052052052,-2.4678465625464265
95.25525525525525,-2.525984568703576
95.30530530530531,-2.603502463050766
95.35535535535536,-2.6853468722888243
95.4054054054054,-2.7395556181490113
95.45545545545545,-2.8107322302189135
95.50550550550551,-2.9243168063952365
95.55555555555556,-2.989975094656318
95.6056056056056,-3.048310199237834
95.65565565565565,-3.1247203028347057
95.70570570570571,-3.2346860411930107
95.75575575575576,-3.2974328540126567
95.8058058058058,-3.394880857169245
95.85585585585585,-3.4864193799429746
95.90590590590591,-3.543613204440898
95.95595595595596,-3.6198599781221747
96.006006006006,-3.7131283198873772
96.05605605605605,-3.804007430083966
96.10610610610611,-3.8424299875735226
96.15615615615616,-3.949413570563634
96.2062062062062,-4.051152747669028
96.25625625625625,-4.126128785848283
96.30630630630631,-4.218810728988163
96.35635635635636,-4.301970509350803
96.4064064064064,-4.384477736074277
96.45645645645645,-4.470425464528262
96.50650650650651,-4.56476323690636
96.55655655655656,-4.640582077743706
96.6066066066066,-4.7095742826897995
96.65665665665665,-4.800305678585743
96.70670670670671,-4.862335974776317
96.75675675675676,-4.943362730031593
96.8068068068068,-5.0176440246873355
96.85685685685685,-5.081845372706182
96.90690690690691,-5.135542155827888
96.95695695695696,-5.25409998324875
97.007007007007,-5.322208889821075
97.05705705705705,-5.388533287209707
97.10710710710711,-5.4539646993480355
97.15715715715716,-5.528342797613418
97.2072072072072,-5.6140861988587805
97.25725725725725,-5.68398461929572
97.30730730730731,-5.736931713193627
97.35735735735736,-5.816477574944757
97.4074074074074,-5.913311995440484
97.45745745745745,-5.974176545552895
97.50750750750751,-6.017128561868748
97.55755755755756,-6.086498421489603
97.6076076076076,-6.1355166816134945
97.65765765765767,-6.187200092101968
97.70770770770771,-6.2628297135631765
97.75775775775776,-6.320994885588153
97.8078078078078,-6.365461420469409
97.85785785785785,-6.420510078509834
97.90790790790791,-6.489538533852912
97.95795795795796,-6.552463618805608
98.008008008008,-6.597704222012549
98.05805805805807,-6.632988507052351
98.10810810810811,-6.699112576611294
98.15815815815816,-6.778243467344185
98.2082082082082,-6.825952262609431
98.25825825825825,-6.859834019037369
98.30830830830831,-6.913098529790944
98.35835835835836,-6.957253599937566
98.4084084084084,-6.994323097526764
98.45845845845847,-7.053709289079003
98.50850850850851,-7.08033579739526
98.55855855855856,-7.103239058344547
98.6086086086086,-7.1492844483487525
98.65865865865865,-7.203941269874516
98.70870870870871,-7.226421821751907
98.75875875875876,-7.2814618814289
98.8088088088088,-7.312701900287141
98.85885885885887,-7.340276603143801
98.90890890890891,-7.389239666456313
98.95895895895896,-7.427026240089799
99.009009009009,-7.4321530137272696
99.05905905905905,-7.46076188277253
99.10910910910911,-7.507639003889541
99.15915915915916,-7.53339857342834
99.2092092092092,-7.558048370110131
99.25925925925927,-7.596102532964403
99.30930930930931,-7.607746785840227
99.35935935935936,-7.637061853529054
99.4094094094094,-7.683263310388814
99.45945945945945,-7.691893506162677
99.50950950950951,-7.689622002896758
99.55955955955956,-7.697199059927906
99.6096096096096,-7.727946411940508
99.65965965965967,-7.749357231038807
99.70970970970971,-7.762315678583115
99.75975975975976,-7.767418690646693
99.8098098098098,-7.779933342864688
99.85985985985985,-7.811893564301293
99.90990990990991,-7.802660701154202
99.95995995995996,-7.802836859470917
100.01001001001,-7.834359790053182
100.06006006006007,-7.829405787344377
100.11011011011011,-7.845381296943234
100.16016016016016,-7.875595828961072
100.2102102102102,-7.871614731303825
100.26026026026025,-7.862882694800167
100.31031031031031,-7.873245202946195
100.36036036036036,-7.875836742181156
100.4104104104104,-7.857874981431009
100.46046046046047,-7.86076259853977
100.51051051051051,-7.847610332734424
100.56056056056056,-7.831441769010874
100.6106106106106,-7.847381400233276
100.66066066066065,-7.827923561933775
100.71071071071071,-7.803251378050395
100.76076076076076,-7.798617710796736
100.8108108108108,-7.802444165267658
100.86086086086087,-7.801007660888542
100.91091091091091,-7.7637519561165975
100.96096096096096,-7.761354276633402
101.011011011011,-7.76684098273784
101.06106106106107,-7.7353560880006595
101.11111111111111,-7.71541188581096
101.16116116116116,-7.704147847005976
101.21121121121121,-7.674186505257457
101.26126126126127,-7.64796728335279
101.31131131131131,-7.644465646995993
101.36136136136136,-7.633357125041769
101.41141141141141,-7.579033954470132
101.46146146146147,-7.53815398532811
101.51151151151151,-7.52961023562681
101.56156156156156,-7.493737158573617
101.61161161161161,-7.4553195793283376
101.66166166166167,-7.428616222139359
101.71171171171171,-7.395067219667966
101.76176176176176,-7.378378665364982
101.81181181181181,-7.339031779031326
101.86186186186187,-7.312720561236964
101.91191191191191,-7.271020148339265
101.96196196196196,-7.225678148611208
102.01201201201201,-7.167864982669035
102.06206206206207,-7.1371939762975805
102.11211211211211,-7.09902514333174
102.16216216216216,-7.042968703383371
102.21221221221221,-6.992561535215607
102.26226226226227,-6.959168990257867
102.31231231231232,-6.929976181241971
102.36236236236236,-6.8581250869733825
102.41241241241241,-6.783648066988095
102.46246246246247,-6.729577198708563
102.51251251251252,-6.7112291897485274
102.56256256256256,-6.665825360515389
102.61261261261261,-6.578611672856467
102.66266266266267,-6.525882296404653
102.71271271271272,-6.47133124573362
102.76276276276276,-6.400614142154516
102.81281281281281,-6.331903477160615
102.86286286286287,-6.271660741653653
102.91291291291292,-6.190954838519469
102.96296296296296,-6.134976572423542
103.01301301301301,-6.0934023704964275
103.06306306306307,-6.027526140821407
103.11311311311312,-5.932831654650955
103.16316316316316,-5.8407328198550195
103.21321321321321,-5.787862740862044
103.26326326326327,-5.721652458965901
103.31331331331332,-5.640308164642408
103.36336336336336,-5.554427888742533
103.41341341341341,-5.4909397850472335
103.46346346346347,-5.417615320780565
103.51351351351352,-5.327704954235503
103.56356356356356,-5.255324843876255
103.61361361361361,-5.155376304764121
103.66366366366367,-5.064461265125379
103.71371371371372,-4.97909512608723
103.76376376376376,-4.9149822115885495
103.81381381381381,-4.822638408222432
103.86386386386387,-4.734610619503349
103.91391391391392,-4.6505951539527395
103.96396396396396,-4.568495346732989
104.01401401401401,-4.48644215236041
104.06406406406407,-4.391934768419258
104.11411411411412,-4.30284571079436
104.16416416416416,-4.208519636392998
104.21421421421421,-4.137943087263729
104.26426426426427,-4.0509636754703795
104.31431431431432,-3.9607913432652326
104.36436436436436,-3.8793479688423873
104.41441441441441,-3.789689627355517
104.46446446446447,-3.7060283186040515
104.51451451451452,-3.610963703482053
104.56456456456456,-3.5345379139711888
104.61461461461461,-3.4394639900112676
104.66466466466467,-3.371619557415437
104.71471471471472,-3.302713143873287
104.76476476476476,-3.2209560849429377
104.81481481481481,-3.133923051430069
104.86486486486487,-3.047390241362806
104.91491491491492,-2.990985051867269
104.96496496496496,-2.910996404460798
105.01501501501502,-2.832839528656329
105.06506506506507,-2.768452896462999
105.11511511511512,-2.7207805064732677
105.16516516516516,-2.6546693891008153
105.21521521521521,-2.5905519618481256
105.26526526526527,-2.5330004353254885
105.31531531531532,-2.479970608238607
105.36536536536536,-2.433490136805759
105.41541541541542,-2.378826358197504
105.46546546546547,-2.3436665664773857
105.51551551551552,-2.2933736145020127
105.56556556556556,-2.2556897015053337
105.61561561561561,-2.2229257926723225
105.66566566566567,-2.195367656945354
105.71571571571572,-2.1770696683927135
105.76576576576576,-2.145529626645626
105.81581581581582,-2.1414863856809085
105.86586586586587,-2.1166110782517307
105.91591591591592,-2.1133393362115145
105.96596596596596,-2.106841237978107
106.01601601601601,-2.110595808958777
106.06606606606607,-2.1006278008421577
106.11611611611612,-2.10729295532261
106.16616616616616,-2.1252951827978506
106.21621621621622,-2.126190652240798
106.26626626626627,-2.171935614356669
106.31631631631632,-2.1950904590211264
106.36636636636636,-2.1998374477385467
106.41641641641641,-2.2269929970164966
106.46646646646647,-2.282837122416868
106.51651651651652,-2.308905645710273
106.56656656656656,-2.3232987316578027
106.61661661661662,-2.3835446188800717
106.66666666666667,-2.431405583627977
106.71671671671672,-2.4737929976588546
106.76676676676676,-2.5441235569298573
106.81681681681681,-2.599401513901126
106.86686686686687,-2.633750779091643
106.91691691691692,-2.7025802067723483
106.96696696696696,-2.789609150235639
107.01701701701703,-2.8353329513876524
107.06706706706707,-2.8754721504839202
107.11711711711712,-2.9440468131780904
107.16716716716716,-3.0231890754824917
107.21721721721721,-3.094829621344169
107.26726726726727,-3.1819044388056468
107.31731731731732,-3.240101262992174
107.36736736736736,-3.30730309034791
107.41741741741743,-3.4049452821445323
107.46746746746747,-3.49558996270974
107.51751751751752,-3.5451363404710547
107.56756756756756,-3.598826240661732
107.61761761761761,-3.7017887667368217
107.66766766766767,-3.790651674143878
107.71771771771772,-3.870400173771049
107.76776776776777,-3.944659496925138
107.81781781781783,-4.0101185390847425
107.86786786786787,-4.0895207568125995
107.91791791791792,-4.201299050127848
107.96796796796797,-4.27460366127007
108.01801801801801,-4.3298860658098945
108.06806806806807,-4.401573923873839
108.11811811811812,-4.492690300488356
108.16816816816817,-4.592578652735672
108.21821821821823,-4.677078184723436
108.26826826826827,-4.7392801638002595
108.31831831831832,-4.8000177593360265
108.36836836836837,-4.898726376970353
108.41841841841841,-4.988041910754569
108.46846846846847,-5.0350957483997565
108.51851851851852,-5.109148165907248
108.56856856856857,-5.182444426886304
108.61861861861863,-5.2502295089687845
108.66866866866867,-5.346157067309565
108.71871871871872,-5.42901821808256
108.76876876876877,-5.471903907502776
108.81881881881881,-5.540192860135435
108.86886886886887,-5.646046786022062
108.91891891891892,-5.709125995213237
108.96896896896897,-5.7378265254406084
109.01901901901903,-5.80875101964399
109.06906906906907,-5.89741810039412
109.11911911911912,-5.964717828353626
109.16916916916917,-6.026808722753723
109.21921921921921,-6.0832991302501735
109.26926926926927,-6.131239071851653
109.31931931931932,-6.195386939889021
109.36936936936937,-6.2828552383525285
109.41941941941943,-6.337087186028647
109.46946946946947,-6.366528902808847
109.51951951951952,-6.428465511452761
109.56956956956957,-6.493237020729591
109.61961961961961,-6.551723620495918
109.66966966966967,-6.605348234294663
109.71971971971972,-6.666615235407829
109.76976976976977,-6.697591188526715
109.81981981981983,-6.745253002178014
109.86986986986987,-6.823217497694239
109.91991991991992,-6.8428357918789535
109.96996996996997,-6.865998439030406
110.02002002002001,-6.943390464977005
110.07007007007007,-7.005654529413116
110.12012012012012,-7.022568991481448
110.17017017017017,-7.069584416491287
110.22022022022023,-7.138086044044175
110.27027027027027,-7.162639666085382
110.32032032032032,-7.195333915345965
110.37037037037037,-7.249170985847694
110.42042042042041,-7.2556514322117325
110.47047047047047,-7.272124713337341
110.52052052052052,-7.324699711065433
110.57057057057057,-7.373275499001021
110.62062062062063,-7.413496364831405
110.67067067067067,-7.436272261878518
110.72072072072072,-7.472485575968562
110.77077077077077,-7.490055764086447
110.82082082082081,-7.527633047200311
110.87087087087087,-7.543923709785
110.92092092092092,-7.545619170606929
110.97097097097097,-7.5812719048810715
111.02102102102103,-7.6098532128310294
111.07107107107107,-7.642314620480138
111.12112112112112,-7.670804592004186
111.17117117117117,-7.68315336896529
111.22122122122121,-7.692111033061406
111.27127127127127,-7.710662167083398
111.32132132132132,-7.7361304062689396
111.37137137137137,-7.744604616010202
111.42142142142143,-7.7351374812326466
111.47147147147147,-7.744393027869505
111.52152152152152,-7.792860826668511
111.57157157157158,-7.810403957842361
111.62162162162163,-7.782028268876121
111.67167167167167,-7.8056193344696085
111.72172172172172,-7.824734762793599
111.77177177177177,-7.815563643568933
111.82182182182183,-7.812175441089576
111.87187187187187,-7.818784815216674
111.92192192192192,-7.813667598463809
111.97197197197198,-7.812477932945909
112.02202202202203,-7.833523505008102
112.07207207207207,-7.843461578040378
112.12212212212212,-7.82119826187262
112.17217217217217,-7.8083204912911635
112.22222222222223,-7.804752213402743
112.27227227227228,-7.831666578917693
112.32232232232232,-7.82306829466266
112.37237237237238,-7.7826480879285125
112.42242242242243,-7.775581623408934
112.47247247247248,-7.786107875220383
112.52252252252252,-7.777811040557415
112.57257257257257,-7.741574890886287
112.62262262262263,-7.728056136077278
112.67267267267268,-7.71257266266709
112.72272272272272,-7.69756975529871
112.77277277277278,-7.70247801673973
112.82282282282283,-7.679272406949731
112.87287287287288,-7.641149410592267
112.92292292292292,-7.615760627820156
112.97297297297297,-7.592414970658806
113.02302302302303,-7.5834660352324725
113.07307307307308,-7.568109848177357
113.12312312312312,-7.525534873186893
113.17317317317318,-7.4787867018688585
113.22322322322323,-7.474610653892
113.27327327327328,-7.477005573248507
113.32332332332332,-7.425406779628621
113.37337337337337,-7.369512147067973
113.42342342342343,-7.3530289602091
113.47347347347348,-7.324148159197498
113.52352352352352,-7.289657894722173
113.57357357357358,-7.25333076153404
113.62362362362363,-7.203510734510575
113.67367367367368,-7.160411699578565
113.72372372372372,-7.139228739508723
113.77377377377377,-7.112408272972506
113.82382382382383,-7.059433594495756
113.87387387387388,-7.002101969868472
113.92392392392392,-6.969806539516957
113.97397397397398,-6.933695224817719
114.02402402402403,-6.880119000358295
114.07407407407408,-6.82670255320503
114.12412412412412,-6.77592941507486
114.17417417417417,-6.72805811895175
114.22422422422423,-6.701762216212352
114.27427427427428,-6.663802191838061
114.32432432432432,-6.582557910783386
114.37437437437438,-6.506413860854839
114.42442442442443,-6.462958655478655
114.47447447447448,-6.41524788534834
114.52452452452452,-6.349829223724397
114.57457457457457,-6.286796963176113
114.62462462462463,-6.2187683869936885
114.67467467467468,-6.160264099139965
114.72472472472472,-6.113584870066506
114.77477477477478,-6.050650055637624
114.82482482482483,-5.978153158980187
114.87487487487488,-5.916223133596833
114.92492492492492,-5.856965601618542
114.97497497497497,-5.799197310490531
115.02502502502503,-5.726599617342612
115.07507507507508,-5.640524148195153
115.12512512512512,-5.56630986608952
115.17517517517518,-5.521933847279276
115.22522522522523,-5.4655817786252285
115.27527527527528,-5.37628131650387
115.32532532532532,-5.286448673045902
115.37537537537537,-5.221589670046349
115.42542542542543,-5.155970013565264
115.47547547547548,-5.081080675480348
115.52552552552552,-4.99628579113954
115.57557557557558,-4.908636018248028
115.62562562562563,-4.835540672692866
115.67567567567568,-4.771727029649716
115.72572572572572,-4.708175757781912
115.77577577577577,-4.609647429584125
115.82582582582583,-4.52561868927682
115.87587587587588,-4.4662442913337355
115.92592592592592,-4.398838320961827
115.97597597597598,-4.30690925066122
116.02602602602603,-4.217097388768537
116.07607607607608,-4.147323451203931
116.12612612612612,-4.069756551796303
116.17617617617617,-4.002768168415109
116.22622622622623,-3.920225315676642
116.27627627627628,-3.8299520135263636
116.32632632632632,-3.761311703036599
116.37637637637638,-3.689770929929183
116.42642642642643,-3.611115923489773
116.47647647647648,-3.5443804682237037
116.52652652652652,-3.4718698190315576
116.57657657657657,-3.3929917886891268
116.62662662662663,-3.3363845942403887
116.67667667667668,-3.2738877676213383
116.72672672672672,-3.1953442172163466
116.77677677677679,-3.1131977504956136
116.82682682682683,-3.064440334567629
116.87687687687688,-3.0132853112953377
116.92692692692692,-2.9502756704772435
116.97697697697697,-2.8958026709967952
117.02702702702703,-2.83610008510692
117.07707707707708,-2.795019566900821
117.12712712712712,-2.7493854226686056
117.17717717717719,-2.7098139820724167
117.22722722722723,-2.6506553229861844
117.27727727727728,-2.6128726893262693
117.32732732732732,-2.5942431598273368
117.37737737737737,-2.5580484268364896
117.42742742742743,-2.524199351925423
117.47747747747748,-2.4937555986625815
117.52752752752752,-2.4922628029741922
117.57757757757759,-2.4699760785405913
117.62762762762763,-2.464283987916128
117.67767767767768,-2.448343001590214
117.72772772772772,-2.4279159271431507
117.77777777777777,-2.429852342968012
117.82782782782783,-2.434977754187974
117.87787787787788,-2.4439809168834246
117.92792792792793,-2.434842807542438
117.97797797797799,-2.464046808427907
118.02802802802803,-2.4793767789229064
118.07807807807808,-2.493181171813805
118.12812812812813,-2.5262599888660877
118.17817817817817,-2.5516200006776137
118.22822822822823,-2.5733660933204905
118.27827827827828,-2.6051981278917613
118.32832832832833,-2.6650805513428355
118.37837837837839,-2.676899398904007
118.42842842842843,-2.7293478037505166
118.47847847847848,-2.7892867973885944
118.52852852852853,-2.8289238155629475
118.57857857857857,-2.8621080552092737
118.62862862862863,-2.9404767794555986
118.67867867867868,-3.011109719789284
118.72872872872873,-3.0363853948820583
118.77877877877879,-3.122674010856081
118.82882882882883,-3.187815786830295
118.87887887887888,-3.236338001291303
118.92892892892893,-3.307915793903693
118.97897897897897,-3.3918281112419764
119.02902902902903,-3.4417016674639793
119.07907907907908,-3.5056540287022107
119.12912912912913,-3.614157639469777
119.17917917917919,-3.670212592439493
119.22922922922923,-3.730160043402102
119.27927927927928,-3.8087054364227697
119.32932932932933,-3.886135466760114
119.37937937937937,-3.9480415860013056
119.42942942942943,-4.047143514318129
119.47947947947948,-4.125231613984767
119.52952952952953,-4.166158028091709
119.57957957957959,-4.274506998988244
119.62962962962963,-4.389491402365965
119.67967967967968,-4.457898436404473
119.72972972972973,-4.49806502260097
119.77977977977977,-4.602677738640159
119.82982982982983,-4.680852617777748
119.87987987987988,-4.7335158452334385
119.92992992992993,-4.832154256357938
119.97997997997999,-4.882542126054486
120.03003003003003,-4.936776959986854
120.08008008008008,-5.03351186984908
120.13013013013014,-5.147277877863072
120.18018018018019,-5.181758771148251
120.23023023023023,-5.235214912640051
120.28028028028028,-5.332833258914242
120.33033033033033,-5.396341063799589
120.38038038038039,-5.481375659696352
120.43043043043043,-5.573422929682251
120.48048048048048,-5.613996888533614
120.53053053053054,-5.648897585324621
120.58058058058059,-5.773637325925227
120.63063063063063,-5.854134748440033
120.68068068068068,-5.87661631461612
120.73073073073073,-5.934577041759605
120.78078078078079,-6.025811643856737
120.83083083083083,-6.079176258938428
120.88088088088088,-6.134852806991852
120.93093093093094,-6.215694132608224
120.98098098098099,-6.237078133728558
121.03103103103103,-6.29645024277774
121.08108108108108,-6.393684573184769
121.13113113113113,-6.45781307663036
121.18118118118119,-6.469633797085762
121.23123123123123,-6.50971893819361
121.28128128128128,-6.58620454362212
121.33133133133134,-6.6378780310767915
121.38138138138139,-6.706020550563559
121.43143143143143,-6.74939986663623
121.48148148148148,-6.769883841385414
121.53153153153153,-6.833397108235407
121.58158158158159,-6.932571637453568
121.63163163163163,-6.946163091964833
121.68168168168168,-6.9572707375964145
121.73173173173174,-7.023299632661614
121.78178178178179,-7.076843812489943
121.83183183183183,-7.112951728229612
121.88188188188188,-7.178683028060944
121.93193193193193,-7.204079763301436
121.98198198198199,-7.188875782971414
122.03203203203203,-7.246395287528699
122.08208208208208,-7.320270547566131
122.13213213213214,-7.317579537130528
122.18218218218217,-7.3259394167577705
122.23223223223223,-7.3816477430673055
122.28228228228228,-7.417818269602369
122.33233233233233,-7.465100166385063
122.38238238238239,-7.5035574101253415
122.43243243243244,-7.492589662859202
122.48248248248248,-7.520450183305516
122.53253253253254,-7.597244458920015
122.58258258258257,-7.615247172212563
122.63263263263264,-7.589376272609495
122.68268268268268,-7.626533063679561
122.73273273273273,-7.647761031883888
122.78278278278279,-7.641460762136423
122.83283283283284,-7.684630424099449
122.88288288288288,-7.7059806778160205
122.93293293293294,-7.676284855182692
122.98298298298297,-7.695480073999625
123.03303303303304,-7.762625682849337
123.08308308308308,-7.7811162092091415
123.13313313313313,-7.739764487458225
123.18318318318319,-7.744060229328399
123.23323323323324,-7.777932057370257
123.28328328328328,-7.7908674688419675
123.33333333333334,-7.793847933268092
123.38338338338338,-7.808990272844292
123.43343343343344,-7.794148617220072
123.48348348348348,-7.807049136744601
123.53353353353353,-7.842778047109149
123.58358358358359,-7.814153979470206
123.63363363363364,-7.781237304403693
123.68368368368368,-7.818284230432314
123.73373373373374,-7.821991853395824
123.78378378378378,-7.785088259289352
123.83383383383384,-7.813064790319831
123.88388388388388,-7.819052035249604
123.93393393393393,-7.756571896765189
123.98398398398399,-7.786749968005563
124.03403403403404,-7.829470772382402
124.08408408408408,-7.744468366993799
124.13413413413414,-7.696878461033885
124.18418418418419,-7.751814959586297
124.23423423423424,-7.743483614772891
124.2842842842843,-7.697787303968217
124.33433433433433,-7.71697881897557
124.38438438438439,-7.677343246678896
124.43443443443444,-7.630983478494438
124.48448448448448,-7.663477980871205
124.53453453453454,-7.63596197630496
124.58458458458459,-7.555283861345183
124.63463463463464,-7.544926378583557
124.6846846846847,-7.537784709187353
124.73473473473473,-7.522911895694512
124.78478478478479,-7.499665462174285
124.83483483483484,-7.478640481873162
124.88488488488488,-7.422223263371449
124.93493493493494,-7.404800483767725
124.98498498498499,-7.415005596047672
125.03503503503504,-7.3631959891705945
125.0850850850851,-7.291488025649183
125.13513513513513,-7.262897940271647
125.18518518518519,-7.257862738398908
125.23523523523524,-7.211911893708618
125.28528528528528,-7.153096055445879
125.33533533533534,-7.124794291309737
125.38538538538539,-7.081383840904045
125.43543543543544,-7.034495687072096
125.4854854854855,-7.028060888860777
125.53553553553553,-6.968968960875271
125.58558558558559,-6.877783796706197
125.63563563563564,-6.83907797163445
125.68568568568568,-6.855897766334881
125.73573573573574,-6.785899981917685
125.78578578578579,-6.7174809301968
125.83583583583584,-6.693208148410987
125.8858858858859,-6.624875034839901
125.93593593593593,-6.578448936020005
125.98598598598599,-6.550039212295304
126.03603603603604,-6.449891230768299
126.08608608608608,-6.357452431520976
126.13613613613614,-6.357806011979648
126.18618618618619,-6.311900211062345
126.23623623623624,-6.204153781559315
126.2862862862863,-6.173242679624804
126.33633633633633,-6.119906569194357
126.38638638638639,-6.0398224282005275
126.43643643643644,-6.014269228388238
126.48648648648648,-5.95392148979674
126.53653653653654,-5.840863998415346
126.58658658658659,-5.765207091013109
126.63663663663664,-5.738616047031073
126.6866866866867,-5.6522796331256595
126.73673673673673,-5.574853582347749
126.78678678678679,-5.515986624635619
126.83683683683684,-5.4385069050956565
126.88688688688688,-5.385736345945757
126.93693693693695,-5.334699548290671
126.98698698698699,-5.2310101877291935
127.03703703703704,-5.136356652211533
127.0870870870871,-5.0706114008444505
127.13713713713713,-5.008826394112759
127.18718718718719,-4.925860247771654
127.23723723723724,-4.858210995462413
127.28728728728728,-4.787645235178657
127.33733733733735,-4.685853839972984
127.38738738738739,-4.6146102145207735
127.43743743743744,-4.556662920863851
127.4874874874875,-4.459589731772147
127.53753753753753,-4.36743525116358
127.58758758758759,-4.299077576501021
127.63763763763764,-4.241700242293117
127.68768768768768,-4.141915951000388
127.73773773773775,-4.06653350951763
127.78778778778779,-3.990508593872316
127.83783783783784,-3.899437721376683
127.8878878878879,-3.828154537725751
127.93793793793793,-3.7643836981751018
127.98798798798799,-3.6630679055592408
128.03803803803805,-3.571590406096992
128.08808808808809,-3.5156186282378448
128.13813813813815,-3.4509863721073826
128.18818818818818,-3.3736121568287802
128.23823823823824,-3.30024906167994
128.2882882882883,-3.221643930825991
128.33833833833833,-3.1390779982590327
128.3883883883884,-3.0859930719885695
128.43843843843842,-3.0262230313702796
128.48848848848849,-2.934036696038141
128.53853853853855,-2.8675865495665356
128.5885885885886,-2.8133184956682906
128.63863863863864,-2.7553845992094583
128.6886886886887,-2.700007857188073
128.73873873873873,-2.6522204479972697
128.7887887887888,-2.585270408999793
128.83883883883885,-2.524352494526272
128.88888888888889,-2.488112352041995
128.93893893893895,-2.4359341746020484
128.98898898898898,-2.388212968961481
129.03903903903904,-2.35967470676837
129.0890890890891,-2.3439033494318826
129.13913913913913,-2.297956370966105
129.1891891891892,-2.277345227252429
129.23923923923923,-2.248098571164791
129.2892892892893,-2.2168812627089163
129.33933933933935,-2.199010193939435
129.3893893893894,-2.1970004428798933
129.43943943943944,-2.1775103572073826
129.4894894894895,-2.1620788320849798
129.53953953953953,-2.1774225029758156
129.5895895895896,-2.1731681272330317
129.63963963963965,-2.1752554793982735
129.6896896896897,-2.1899508165733854
129.73973973973975,-2.214224799048005
129.78978978978978,-2.2202042874296346
129.83983983983984,-2.244971168700329
129.8898898898899,-2.272217650205761
129.93993993993993,-2.2919433849937154
129.98998998999,-2.338445718006377
130.04004004004003,-2.3741781025975537
130.0900900900901,-2.413847077644081
130.14014014014015,-2.447448234016126
130.1901901901902,-2.5090266138274746
130.24024024024024,-2.5702395675322074
130.2902902902903,-2.6039161343259782
130.34034034034033,-2.655850993440557
130.3903903903904,-2.72179504877459
130.44044044044045,-2.782486881381484
130.4904904904905,-2.8401848491974224
130.54054054054055,-2.9133504257624168
130.59059059059058,-2.982840529012657
130.64064064064064,-3.058483864516838
130.6906906906907,-3.1341319776537495
130.74074074074073,-3.210177085537528
130.7907907907908,-3.2783057468491648
130.84084084084083,-3.3560957600351533
130.8908908908909,-3.451002895512597
130.94094094094095,-3.5207570900947265
130.990990990991,-3.592763537523921
131.04104104104104,-3.6713730946528833
131.0910910910911,-3.767189186741713
131.14114114114113,-3.849814426411305
131.1911911911912,-3.9329433025540457
131.24124124124126,-4.027495805818159
131.2912912912913,-4.1000159382626284
131.34134134134135,-4.196648534701673
131.39139139139138,-4.296067859871255
131.44144144144144,-4.384411880072063
131.4914914914915,-4.437634373525963
131.54154154154153,-4.538618581417949
131.5915915915916,-4.617664362227756
131.64164164164163,-4.701633075404591
131.6916916916917,-4.782328612314551
131.74174174174175,-4.8622016608092515
131.7917917917918,-4.9424777532029225
131.84184184184184,-5.036743219819686
131.8918918918919,-5.134566728312164
131.94194194194193,-5.201355961864125
131.991991991992,-5.28317433885334
132.04204204204206,-5.359238583255301
132.0920920920921,-5.437727258391416
132.14214214214215,-5.534267721823763
132.19219219219218,-5.583931315771997
132.24224224224224,-5.653189963351942
132.2922922922923,-5.738834999623705
132.34234234234233,-5.844085417387684
132.3923923923924,-5.899558615754728
132.44244244244243,-5.95007391886251
132.4924924924925,-6.014501065099765
132.54254254254255,-6.097690720365856
132.5925925925926,-6.174008681077392
132.64264264264264,-6.214607338273456
132.6926926926927,-6.268148048767871
132.74274274274273,-6.3258902859081285
132.7927927927928,-6.423983963836996
132.84284284284286,-6.484123680882312
132.8928928928929,-6.554749712123101
132.94294294294295,-6.585783805087189
132.99299299299298,-6.6392879060833
133.04304304304304,-6.7206978713741465
133.0930930930931,-6.77792580410459
133.14314314314316,-6.815552403499944
133.1931931931932,-6.835468141105144
133.24324324324326,-6.897562114810547
133.2932932932933,-6.970437562061264
133.34334334334335,-7.02159005003402
133.3933933933934,-7.034683430700155
133.44344344344344,-7.0668796217957235
133.4934934934935,-7.118883431043832
133.54354354354354,-7.171370280113438
133.5935935935936,-7.231616252891464
133.64364364364366,-7.2523146465110635
133.6936936936937,-7.283764506419522
133.74374374374375,-7.31862926621832
133.79379379379378,-7.383091694406299
133.84384384384384,-7.413558031290041
133.8938938938939,-7.415924571865819
133.94394394394396,-7.458999211303611
133.993993993994,-7.489666985626351
134.04404404404406,-7.546475788572111
134.0940940940941,-7.579748155117364
134.14414414414415,-7.594713899203497
134.1941941941942,-7.587553065339058
134.24424424424424,-7.619045308150482
134.2942942942943,-7.677988263617495
134.34434434434434,-7.677951149283032
134.3943943943944,-7.663612761976558
134.44444444444446,-7.67970274447109
134.4944944944945,-7.739935459776669
134.54454454454455,-7.764483106974957
134.59459459459458,-7.780121062687943
134.64464464464464,-7.7664337400546355
134.6946946946947,-7.77438478145335
134.74474474474476,-7.793354506107253
134.7947947947948,-7.842639875739104
134.84484484484486,-7.821529656586063
134.8948948948949,-7.796113872963415
134.94494494494495,-7.828475136992302
134.994994994995,-7.85655370518733
135.04504504504504,-7.856815048501797
135.0950950950951,-7.867272317757176
135.14514514514514,-7.857169531800045
135.1951951951952,-7.830992326880552
135.24524524524526,-7.851820882524934
135.2952952952953,-7.888890746797685
135.34534534534535,-7.827601757545336
135.39539539539538,-7.818933344494378
135.44544544544544,-7.845899332804962
135.4954954954955,-7.850596071009167
135.54554554554556,-7.83844867076268
135.5955955955956,-7.842974512747661
135.64564564564566,-7.792885363462663
135.6956956956957,-7.784663392979133
135.74574574574575,-7.8064679732460105
135.7957957957958,-7.795780797220596
135.84584584584584,-7.763096740695755
135.8958958958959,-7.7328038166067525
135.94594594594594,-7.7451095551402895
135.995995995996,-7.728300425139105
136.04604604604606,-7.714032552051699
136.0960960960961,-7.682514504176964
136.14614614614615,-7.6447853838802855
136.19619619619618,-7.624134629838655
136.24624624624624,-7.618253546192327
136.2962962962963,-7.590693705445417
136.34634634634637,-7.548289278848673
136.3963963963964,-7.5221008536866965
136.44644644644646,-7.523308794250899
136.4964964964965,-7.508692239006104
136.54654654654655,-7.44986150422871
136.5965965965966,-7.406901063241003
136.64664664664664,-7.390484001354973
136.6966966966967,-7.36810839148164
136.74674674674674,-7.339301870895785
136.7967967967968,-7.288938983431961
136.84684684684686,-7.24579677086755
136.8968968968969,-7.205305825360837
136.94694694694695,-7.187284612163414
136.99699699699698,-7.158475074527166
137.04704704704704,-7.086061241875166
137.0970970970971,-7.0388773724870655
137.14714714714717,-6.9930261560863105
137.1971971971972,-6.965499684454819
137.24724724724726,-6.932174562045431
137.2972972972973,-6.873744061724989
137.34734734734735,-6.80202574869922
137.3973973973974,-6.766359520848953
137.44744744744744,-6.728234606850515
137.4974974974975,-6.6664246915887615
137.54754754754754,-6.606325030986354
137.5975975975976,-6.558645159918868
137.64764764764766,-6.512019318100868
137.6976976976977,-6.459791542801904
137.74774774774775,-6.4145168013353855
137.79779779779778,-6.3438882188348495
137.84784784784785,-6.279798533914296
137.8978978978979,-6.232291915695619
137.94794794794797,-6.181886431768741
137.997997997998,-6.0997022069789155
138.04804804804806,-6.006932024334807
138.0980980980981,-5.948839701950695
138.14814814814815,-5.916226110408352
138.1981981981982,-5.848609223665277
138.24824824824825,-5.7677043490651965
138.2982982982983,-5.69348994994021
138.34834834834834,-5.6331407901322486
138.3983983983984,-5.58562865172267
138.44844844844846,-5.5071317943657565
138.4984984984985,-5.4207682928245635
138.54854854854855,-5.3209027671032985
138.59859859859858,-5.273379507221563
138.64864864864865,-5.224977943964575
138.6986986986987,-5.1270861323846475
138.74874874874877,-5.04742537926687
138.7987987987988,-4.97429794305014
138.84884884884886,-4.8949716973612105
138.8988988988989,-4.822931765248981
138.94894894894895,-4.7625394521055
138.998998998999,-4.666462842411124
139.04904904904905,-4.554145582058265
139.0990990990991,-4.51664592985109
139.14914914914914,-4.449414933634774
139.1991991991992,-4.331411346681194
139.24924924924926,-4.2397213358001835
139.2992992992993,-4.166509037041052
139.34934934934935,-4.087119494635333
139.39939939939939,-4.014755751720938
139.44944944944945,-3.929257593663516
139.4994994994995,-3.82382377863229
139.54954954954957,-3.7524497232071363
139.5995995995996,-3.7066091751126597
139.64964964964966,-3.5992250223971407
139.6996996996997,-3.504215835620852
139.74974974974975,-3.450853926807416
139.7997997997998,-3.330434257971132
139.84984984984985,-3.2568047019045196
139.8998998998999,-3.1990595311200827
139.94994994994994,-3.117477903360636
140.0,-2.9970023455143298
