freq,trans_dB
140.0,-5.952738115094657
140.08008008008008,-5.845502378561928
140.16016016016016,-5.7755585788300765
140.24024024024024,-5.692843276708992
140.32032032032032,-5.591489255502388
140.4004004004004,-5.46615059413166
140.48048048048048,-5.4107436986247155
140.56056056056056,-5.323360809308179
140.64064064064064,-5.216294929945902
140.72072072072072,-5.128691263081534
140.8008008008008,-5.009934233046446
140.88088088088088,-4.9217571403430735
140.96096096096096,-4.8388469619801135
141.04104104104104,-4.730172244926619
141.12112112112112,-4.636554951276595
141.2012012012012,-4.541669656555431
141.28128128128128,-4.446076400927576
141.36136136136136,-4.353232914507329
141.44144144144144,-4.273461039794827
141.52152152152152,-4.157020407254815
141.6016016016016,-4.084885912404294
141.68168168168168,-4.018274065552972
141.76176176176176,-3.913955877303663
141.84184184184184,-3.859627266189932
141.92192192192192,-3.76190981386512
142.002002002002,-3.6821563153259134
142.08208208208208,-3.608869769608386
142.16216216216216,-3.5752041710044438
142.24224224224224,-3.4836799838699695
142.32232232232232,-3.4432875491619033
142.4024024024024,-3.3828780306174475
142.48248248248248,-3.338609180344503
142.56256256256256,-3.2816682973141256
142.64264264264264,-3.2808572032007515
142.72272272272272,-3.2101632729541483
142.8028028028028,-3.2134966509209413
142.88288288288288,-3.130065365693341
142.96296296296296,-3.1434140166414544
143.04304304304304,-3.0952158802092216
143.12312312312312,-3.144304417766915
143.2032032032032,-3.066950553796026
143.28328328328328,-3.1026784036512787
143.36336336336336,-3.0567557306772875
143.44344344344344,-3.113867124087343
143.52352352352352,-3.0888982556219426
143.6036036036036,-3.118883575723183
143.68368368368368,-3.11563531190863
143.76376376376376,-3.177002872827083
143.84384384384384,-3.1889754556697736
143.92392392392392,-3.212487713644624
144.004004004004,-3.2226836051121195
144.08408408408408,-3.2792348602935664
144.16416416416416,-3.3116542763696657
144.24424424424424,-3.3527845723142824
144.32432432432432,-3.4072989782164953
144.4044044044044,-3.457625577711279
144.48448448448448,-3.518223386703131
144.56456456456456,-3.567111915378524
144.64464464464464,-3.6467497759769305
144.72472472472472,-3.6813673901243638
144.8048048048048,-3.7740485317227845
144.88488488488488,-3.790187891636268
144.96496496496496,-3.8840093194952754
145.04504504504504,-3.9238458591334893
145.12512512512512,-4.018988153441473
145.2052052052052,-4.057739031399678
145.28528528528528,-4.1621143231075575
145.36536536536536,-4.194633396102281
145.44544544544544,-4.2946614719606355
145.52552552552552,-4.347863396337853
145.6056056056056,-4.463590683009639
145.68568568568568,-4.505887832389008
145.76576576576576,-4.619605378600256
145.84584584584584,-4.642945750741062
145.92592592592592,-4.759145861389456
146.006006006006,-4.809304738073958
146.08608608608608,-4.895920969702923
146.16616616616616,-4.947776175434688
146.24624624624624,-5.034490426880284
146.32632632632632,-5.068481318639981
146.4064064064064,-5.160609919707143
146.48648648648648,-5.238552866060833
146.56656656656656,-5.3040641145570255
146.64664664664664,-5.3667465903031655
146.72672672672672,-5.433548465886885
146.8068068068068,-5.485831441354977
146.88688688688688,-5.554693423168576
146.96696696696696,-5.643996631333554
147.04704704704704,-5.696309014842403
147.12712712712712,-5.75309182408321
147.2072072072072,-5.823043454167736
147.28728728728728,-5.869602169923814
147.36736736736736,-5.912329013224065
147.44744744744744,-6.005758304227764
147.52752752752752,-6.030610195488738
147.6076076076076,-6.094023005468782
147.68768768768768,-6.152007496790243
147.76776776776777,-6.221202614445083
147.84784784784785,-6.230405880295339
147.92792792792793,-6.323935943906827
148.008008008008,-6.343450926735872
148.08808808808809,-6.390403276512361
148.16816816816817,-6.44071184026059
148.24824824824825,-6.474563840922775
148.32832832832833,-6.4930588703779
148.4084084084084,-6.555323691968552
148.48848848848849,-6.582340890650741
148.56856856856857,-6.603140028020039
148.64864864864865,-6.6481643089230555
148.72872872872873,-6.700044076008652
148.8088088088088,-6.711598731061692
148.88888888888889,-6.7583824476872065
148.96896896896897,-6.771763295537691
149.04904904904905,-6.76994383789902
149.12912912912913,-6.817265099968143
149.2092092092092,-6.823314234948355
149.2892892892893,-6.836536986992741
149.36936936936937,-6.867138686391148
149.44944944944945,-6.905977075684952
149.52952952952953,-6.879080374294601
149.6096096096096,-6.900310623018472
149.6896896896897,-6.933570053438813
149.76976976976977,-6.94445026496437
149.84984984984985,-6.94663394071512
149.92992992992993,-6.957631918850613
150.01001001001,-6.9055497721225825
150.0900900900901,-6.924283621985306
150.17017017017017,-6.907915656389032
150.25025025025025,-6.905432192859173
150.33033033033033,-6.9060197789876065
150.4104104104104,-6.89956734860516
150.4904904904905,-6.8717016564339435
150.57057057057057,-6.86981450482025
150.65065065065065,-6.852043869141291
150.73073073073073,-6.822568954384339
150.8108108108108,-6.797965038230486
150.8908908908909,-6.772645698692732
150.97097097097097,-6.7042405888392
151.05105105105105,-6.679660109042894
151.13113113113113,-6.634038705679491
151.2112112112112,-6.584336967577167
151.2912912912913,-6.529260141859061
151.37137137137137,-6.48636116505128
151.45145145145145,-6.4286413880263895
151.53153153153153,-6.370097007844956
151.6116116116116,-6.335951291931074
151.6916916916917,-6.273804846260082
151.77177177177177,-6.184055843569968
151.85185185185185,-6.113740588227259
151.93193193193193,-6.0229222976451116
152.012012012012,-5.938194038052408
152.0920920920921,-5.885831246247892
152.17217217217217,-5.792716282647011
152.25225225225225,-5.716959626238692
152.33233233233233,-5.62950751012673
152.4124124124124,-5.546222280832954
152.4924924924925,-5.438739976694928
152.57257257257257,-5.383779151851451
152.65265265265265,-5.264212536950383
152.73273273273273,-5.171710212569034
152.8128128128128,-5.081763979319082
152.8928928928929,-4.984420898513956
152.97297297297297,-4.874970213685925
153.05305305305305,-4.809496342900433
153.13313313313313,-4.717349520440094
153.2132132132132,-4.621954222602134
153.2932932932933,-4.552651561247038
153.37337337337337,-4.4435855519213066
153.45345345345345,-4.327967810606554
153.53353353353353,-4.277986702349416
153.6136136136136,-4.185496578256879
153.6936936936937,-4.085938620555755
153.77377377377377,-4.022774278395007
153.85385385385385,-3.9369250696917675
153.93393393393393,-3.841860248965925
154.014014014014,-3.7798057259402635
154.0940940940941,-3.7083425584275567
154.17417417417417,-3.611530938371546
154.25425425425425,-3.56679917083696
154.33433433433433,-3.4993560650547653
154.4144144144144,-3.410262323320351
154.4944944944945,-3.36558925656322
154.57457457457457,-3.318518480466725
154.65465465465465,-3.236433960671663
154.73473473473473,-3.1972318383215437
154.8148148148148,-3.1547808326017273
154.8948948948949,-3.086604176699933
154.97497497497497,-3.0446154275797523
155.05505505505505,-3.0028397190389975
155.13513513513513,-2.932996048818121
155.2152152152152,-2.9031781855783723
155.2952952952953,-2.8692048869683755
155.37537537537537,-2.8293715105403154
155.45545545545545,-2.8060529678806128
155.53553553553553,-2.7795429772887323
155.6156156156156,-2.7425812244720995
155.6956956956957,-2.720997013240767
155.77577577577577,-2.7201049303059275
155.85585585585585,-2.689108588552175
155.93593593593593,-2.6627042535170955
156.016016016016,-2.6676599109003893
156.0960960960961,-2.6607398224413576
156.17617617617617,-2.658486441475852
156.25625625625625,-2.6594769313466498
156.33633633633633,-2.674568972565644
156.4164164164164,-2.678810729483192
156.4964964964965,-2.6981844350915796
156.57657657657657,-2.7155670540014887
156.65665665665665,-2.7278988635540964
156.73673673673673,-2.743266027070788
156.8168168168168,-2.7754757805853747
156.8968968968969,-2.7991926163923515
156.97697697697697,-2.827272952074829
157.05705705705705,-2.8768494768950723
157.13713713713713,-2.9211059061617606
157.2172172172172,-2.9600209063305445
157.2972972972973,-3.013258371918845
157.37737737737737,-3.0565963221090136
157.45745745745745,-3.1131036248165502
157.53753753753753,-3.15917441366955
157.6176176176176,-3.2176327001691893
157.6976976976977,-3.269101370659294
157.77777777777777,-3.3261561616704647
157.85785785785785,-3.3888252918282826
157.93793793793793,-3.4350911144744627
158.018018018018,-3.5093583288163255
158.0980980980981,-3.566788568123306
158.17817817817817,-3.6428730212492657
158.25825825825825,-3.702425704981633
158.33833833833833,-3.779555248888257
158.4184184184184,-3.8366389613929597
158.4984984984985,-3.9101924216011072
158.57857857857857,-3.9855861605058958
158.65865865865865,-4.067781203858039
158.73873873873873,-4.12148096949433
158.8188188188188,-4.21593138360571
158.8988988988989,-4.289168193971253
158.97897897897897,-4.357178271518537
159.05905905905905,-4.4345779595523975
159.13913913913913,-4.497721243355669
159.2192192192192,-4.564113027974253
159.2992992992993,-4.640427760777812
159.37937937937937,-4.706316452696277
159.45945945945945,-4.7581414460045846
159.53953953953953,-4.833419774711982
159.6196196196196,-4.901072155864243
159.6996996996997,-4.95274507151948
159.77977977977977,-5.022780950542188
159.85985985985985,-5.0860574396277
159.93993993993993,-5.140166638496522
160.02002002002,-5.21884631714342
160.1001001001001,-5.269612972952373
160.18018018018017,-5.331478117052781
160.26026026026025,-5.377453337722867
160.34034034034033,-5.443546447584193
160.4204204204204,-5.502764315611043
160.5005005005005,-5.569579821063539
160.58058058058057,-5.629108320751997
160.66066066066065,-5.673394888287341
160.74074074074073,-5.732775999047129
160.8208208208208,-5.787880272532319
160.9009009009009,-5.8081471116558365
160.98098098098097,-5.8543229235362
161.06106106106105,-5.902913639163524
161.14114114114113,-5.946161388610162
161.2212212212212,-5.982669675538876
161.3013013013013,-6.021347941656697
161.38138138138137,-6.051444228730295
161.46146146146145,-6.0793973361767915
161.54154154154153,-6.108132682410676
161.6216216216216,-6.127784548364761
161.7017017017017,-6.155030278303806
161.78178178178177,-6.1913110213136955
161.86186186186185,-6.200687678013628
161.94194194194193,-6.229393808706749
162.022022022022,-6.248866629438105
162.1021021021021,-6.259954859735063
162.18218218218217,-6.282802357588067
162.26226226226225,-6.284943407403547
162.34234234234233,-6.2884425582386605
162.42242242242241,-6.290081708616569
162.5025025025025,-6.289169321781882
162.58258258258257,-6.285372514165454
162.66266266266265,-6.277994882620526
162.74274274274273,-6.2852499582061245
162.82282282282281,-6.265169412392485
162.9029029029029,-6.232277006520887
162.98298298298297,-6.206230920258373
163.06306306306305,-6.174347441497009
163.14314314314313,-6.137746647142779
163.22322322322321,-6.101321035075657
163.3033033033033,-6.071447853433789
163.38338338338338,-6.0300731510014804
163.46346346346346,-6.007648262582124
163.54354354354354,-5.96122378204936
163.62362362362362,-5.918402748299734
163.7037037037037,-5.8553290666513576
163.78378378378378,-5.817319014762684
163.86386386386386,-5.741023580189654
163.94394394394394,-5.686302579213138
164.02402402402402,-5.628046590874881
164.1041041041041,-5.563709047463621
164.18418418418418,-5.484683293371214
164.26426426426426,-5.426326050125242
164.34434434434434,-5.3343769777844035
164.42442442442442,-5.281443250725586
164.5045045045045,-5.205922211992036
164.58458458458458,-5.136164384350023
164.66466466466466,-5.039382014853718
164.74474474474474,-4.986331965908479
164.82482482482482,-4.896266993079786
164.9049049049049,-4.818675568372942
164.98498498498498,-4.756492374384519
165.06506506506506,-4.696503349442181
165.14514514514514,-4.610240142599771
165.22522522522522,-4.551156045747708
165.3053053053053,-4.4797110018347945
165.38538538538538,-4.423273110250203
165.46546546546546,-4.355148327081214
165.54554554554554,-4.289660957461453
165.62562562562562,-4.203830604076634
165.7057057057057,-4.147487721212131
165.78578578578578,-4.098882861758208
165.86586586586586,-4.017205285605354
165.94594594594594,-3.964557648457857
166.02602602602602,-3.913654682610819
166.1061061061061,-3.8360759994293017
166.18618618618618,-3.7785227547419518
166.26626626626626,-3.7324608468810223
166.34634634634634,-3.6634546200936637
166.42642642642642,-3.6154812581579487
166.5065065065065,-3.5523111826478697
166.58658658658658,-3.499100552767889
166.66666666666666,-3.4309263676417654
166.74674674674674,-3.4002819592357207
166.82682682682682,-3.331792490569566
166.9069069069069,-3.302760778397594
166.98698698698698,-3.2474452021962277
167.06706706706706,-3.210968029460395
167.14714714714714,-3.1411914776324066
167.22722722722722,-3.110466348021349
167.3073073073073,-3.0476355984561976
167.38738738738738,-3.013611730535305
167.46746746746746,-2.9564712525241372
167.54754754754754,-2.9356127700045325
167.62762762762762,-2.872555339944673
167.7077077077077,-2.843333036677942
167.78778778778778,-2.7922629319824095
167.86786786786786,-2.760585757493288
167.94794794794794,-2.712436907556626
168.02802802802802,-2.692299199714025
168.1081081081081,-2.645993065917511
168.18818818818818,-2.6215703944789164
168.26826826826826,-2.590126179898085
168.34834834834834,-2.570108909697952
168.42842842842842,-2.5354225313808936
168.5085085085085,-2.526215843875267
168.58858858858858,-2.4964399347323494
168.66866866866866,-2.476884772177713
168.74874874874874,-2.461934197354785
168.82882882882882,-2.4483095605576803
168.9089089089089,-2.43098807274487
168.98898898898898,-2.4238534563879113
169.06906906906906,-2.436153478230386
169.14914914914914,-2.4148861310440255
169.22922922922922,-2.418308748370572
169.3093093093093,-2.4211297884099268
169.38938938938938,-2.4411905167028927
169.46946946946946,-2.443046150363382
169.54954954954954,-2.460282505200422
169.62962962962962,-2.457849394285463
169.7097097097097,-2.493956901669431
169.78978978978978,-2.510849405538584
169.86986986986986,-2.5334937381795313
169.94994994994994,-2.5430114385138016
170.03003003003002,-2.597117681129461
170.1101101101101,-2.625089479868493
170.19019019019018,-2.6683626084578647
170.27027027027026,-2.6959507581680517
170.35035035035034,-2.74218305897257
170.43043043043042,-2.7720594642046126
170.5105105105105,-2.831125909822147
170.59059059059058,-2.8684872168577047
170.67067067067066,-2.920039228627379
170.75075075075074,-2.9705840923879503
170.83083083083082,-3.0237459310223564
170.9109109109109,-3.074187557059255
170.99099099099098,-3.1426578496955444
171.07107107107106,-3.188319225740086
171.15115115115114,-3.2482704806100613
171.23123123123122,-3.3136222935147854
171.3113113113113,-3.366749036055682
171.39139139139138,-3.4279886209618318
171.47147147147146,-3.4975605813086212
171.55155155155154,-3.558702091012666
171.63163163163162,-3.627015260845669
171.7117117117117,-3.6904099309884333
171.79179179179178,-3.7514588805876445
171.87187187187186,-3.8205417760515554
171.95195195195194,-3.884004155202966
172.03203203203202,-3.937615890794715
172.11211211211213,-4.004717477740932
172.19219219219218,-4.078894506341897
172.2722722722723,-4.130771675344512
172.35235235235234,-4.196318507400309
172.43243243243245,-4.257428090404572
172.5125125125125,-4.331857015315977
172.5925925925926,-4.386213226901551
172.67267267267266,-4.440180113877272
172.75275275275277,-4.491500754461885
172.83283283283282,-4.55606528093383
172.91291291291293,-4.608855773223548
172.99299299299298,-4.665100917518577
173.0730730730731,-4.728522592262732
173.15315315315314,-4.788854512732502
173.23323323323325,-4.828126456397492
173.3133133133133,-4.874733392302985
173.3933933933934,-4.921798161534975
173.47347347347346,-4.985234814102287
173.55355355355357,-5.0205953961859136
173.63363363363362,-5.052773891264633
173.71371371371373,-5.071608568425746
173.79379379379378,-5.1133493679626945
173.8738738738739,-5.1478066067082295
173.95395395395394,-5.16626198330849
174.03403403403405,-5.186982656128857
174.1141141141141,-5.2185997016518195
174.1941941941942,-5.240277685015848
174.27427427427426,-5.25868313741299
174.35435435435437,-5.27800710369978
174.43443443443442,-5.308048128300044
174.51451451451453,-5.3186301815407395
174.59459459459458,-5.318975160677379
174.6746746746747,-5.307638377632602
174.75475475475474,-5.314355091062863
174.83483483483485,-5.32458987376884
174.9149149149149,-5.3281512507812545
174.994994994995,-5.330201970005589
175.07507507507506,-5.3175256076730895
175.15515515515517,-5.308807565797608
175.23523523523522,-5.286608971847755
175.31531531531533,-5.26917996143763
175.39539539539538,-5.248830253132042
175.4754754754755,-5.222613781759696
175.55555555555554,-5.189931766903595
175.63563563563565,-5.158495644534013
175.7157157157157,-5.133649237986857
175.7957957957958,-5.110059780613173
175.87587587587586,-5.074376469232453
175.95595595595597,-5.0403816529412415
176.03603603603602,-4.978902989275004
176.11611611611613,-4.933635007858474
176.19619619619618,-4.904876544210262
176.2762762762763,-4.865326796198158
176.35635635635634,-4.804299777925884
176.43643643643645,-4.766699825564665
176.5165165165165,-4.736196894797995
176.5965965965966,-4.679934995651402
176.67667667667666,-4.629711533513207
176.75675675675677,-4.590731767643886
176.83683683683682,-4.540612830965335
176.91691691691693,-4.498227629901513
176.99699699699698,-4.454309209093837
177.0770770770771,-4.402325703034304
177.15715715715714,-4.357569266042158
177.23723723723725,-4.321003536724738
177.3173173173173,-4.273633223125352
177.3973973973974,-4.231991979295958
177.47747747747746,-4.197743653133806
177.55755755755757,-4.160041713510792
177.63763763763762,-4.121379314451674
177.71771771771773,-4.0918731300344
177.79779779779778,-4.044274315391145
177.8778778778779,-3.997545921949749
177.95795795795794,-3.966098566358391
178.03803803803805,-3.9202727081812965
178.1181181181181,-3.8855934643374455
178.1981981981982,-3.8570493728191226
178.27827827827826,-3.8197903482372557
178.35835835835837,-3.778529984030595
178.43843843843842,-3.743689532671374
178.51851851851853,-3.703147776198798
178.59859859859858,-3.6667279492418614
178.6786786786787,-3.6408799851504043
178.75875875875874,-3.6013944060695104
178.83883883883885,-3.5532887667670687
178.9189189189189,-3.520899458636064
178.998998998999,-3.48854265987939
179.07907907907907,-3.453855950323141
179.15915915915917,-3.421370763916686
179.23923923923923,-3.38712493819932
179.31931931931933,-3.3386335554567013
179.39939939939939,-3.2982295639734454
179.4794794794795,-3.268698688309512
179.55955955955955,-3.227527839383489
179.63963963963965,-3.1847412980463043
179.7197197197197,-3.134334358778803
179.7997997997998,-3.0843060060302023
179.87987987987987,-3.0524500381131503
179.95995995995997,-3.014746896452081
180.04004004004003,-2.9767678445632475
180.12012012012013,-2.937757340807729
180.2002002002002,-2.8980705869364907
180.2802802802803,-2.8534159323902917
180.36036036036035,-2.8159600742908073
180.44044044044045,-2.78074325599867
180.5205205205205,-2.7400748857245802
180.60060060060061,-2.7091422538432335
180.68068068068067,-2.665621812465277
180.76076076076077,-2.6257840746432013
180.84084084084083,-2.6027120382266813
180.92092092092093,-2.56313186552885
181.001001001001,-2.528574047820552
181.0810810810811,-2.503788357749498
181.16116116116115,-2.4654366652812145
181.24124124124126,-2.430075010679217
181.3213213213213,-2.409355753430192
181.40140140140142,-2.379155518306223
181.48148148148147,-2.350615252465566
181.56156156156158,-2.3317234569564183
181.64164164164163,-2.306540358444626
181.72172172172174,-2.288296449593043
181.8018018018018,-2.278354348243952
181.8818818818819,-2.260033202968409
181.96196196196195,-2.2464993660284787
182.04204204204206,-2.248894331369643
182.1221221221221,-2.2355629471870877
182.20220220220222,-2.2149756615757292
182.28228228228227,-2.216900557048352
182.36236236236238,-2.2217274135166476
182.44244244244243,-2.2168504436086804
182.52252252252254,-2.2236051072259557
182.6026026026026,-2.2319172377240486
182.6826826826827,-2.2390906333206777
182.76276276276275,-2.258070886366312
182.84284284284286,-2.2741581968598017
182.9229229229229,-2.278821755708636
183.00300300300302,-2.304544094945113
183.08308308308307,-2.326109392569428
183.16316316316318,-2.342003110305654
183.24324324324323,-2.370439716087492
183.32332332332334,-2.4114557764410107
183.4034034034034,-2.4413286535624206
183.4834834834835,-2.472557752097346
183.56356356356355,-2.507092348829343
183.64364364364366,-2.5372154326788197
183.7237237237237,-2.58074362173785
183.80380380380382,-2.62350534843686
183.88388388388387,-2.664297571671648
183.96396396396398,-2.7184423949131618
184.04404404404403,-2.7714513330405133
184.12412412412414,-2.816886664122026
184.2042042042042,-2.8635857597945287
184.2842842842843,-2.915005809727981
184.36436436436435,-2.967434961266877
184.44444444444446,-3.014084654396656
184.5245245245245,-3.0708375667728567
184.60460460460462,-3.1125375157692137
184.68468468468467,-3.159274922616822
184.76476476476478,-3.2127316188102264
184.84484484484483,-3.2728351591053846
184.92492492492494,-3.320539902334042
185.005005005005,-3.3736399485246635
185.0850850850851,-3.425407937469686
185.16516516516515,-3.4757248297351966
185.24524524524526,-3.52739541837969
185.3253253253253,-3.5768263505431457
185.40540540540542,-3.609902974683623
185.48548548548547,-3.6647394207236883
185.56556556556558,-3.7126013686125945
185.64564564564563,-3.747033243145794
185.72572572572574,-3.787815829871023
185.8058058058058,-3.8378990661932737
185.8858858858859,-3.881876396605094
185.96596596596595,-3.9225863302238015
186.04604604604606,-3.964220494891663
186.1261261261261,-3.9899884439571967
186.20620620620622,-4.024970781591379
186.28628628628627,-4.056347394222108
186.36636636636638,-4.075002690909034
186.44644644644643,-4.102650477928809
186.52652652652654,-4.130628804443373
186.6066066066066,-4.149742108877274
186.6866866866867,-4.173362226660095
186.76676676676675,-4.1976173304769375
186.84684684684686,-4.210012372457086
186.9269269269269,-4.217675637716903
187.00700700700702,-4.232786633557241
187.08708708708707,-4.231954266350265
187.16716716716718,-4.227791193756848
187.24724724724723,-4.229454643262304
187.32732732732734,-4.2345209737063785
187.4074074074074,-4.238859843376765
187.4874874874875,-4.2379287718694005
187.56756756756755,-4.226816866593931
187.64764764764766,-4.227698515772022
187.7277277277277,-4.224445892930049
187.80780780780782,-4.206250147112502
187.88788788788787,-4.195214214608129
187.96796796796798,-4.195878196588993
188.04804804804803,-4.179151875276429
188.12812812812814,-4.165101402561941
188.2082082082082,-4.153608365538844
188.2882882882883,-4.126633950052102
188.36836836836835,-4.118230459990903
188.44844844844846,-4.104594070594741
188.5285285285285,-4.081552812878865
188.60860860860862,-4.073362477395254
188.68868868868867,-4.056539152212555
188.76876876876878,-4.0301230160114185
188.84884884884883,-4.00711536955809
188.92892892892894,-4.00625703689697
189.009009009009,-3.9875868291444085
189.0890890890891,-3.9772837015675204
189.16916916916915,-3.9664532086824598
189.24924924924926,-3.9459025469245534
189.3293293293293,-3.9304691149591613
189.40940940940942,-3.9238830302283554
189.48948948948947,-3.902945402013383
189.56956956956958,-3.888726334054744
189.64964964964963,-3.8806962538975234
189.72972972972974,-3.866441469288607
189.8098098098098,-3.8470845021006763
189.8898898898899,-3.846625721151307
189.96996996996995,-3.8356793583259
190.05005005005006,-3.82168634559956
190.1301301301301,-3.8166131888583745
190.21021021021022,-3.799682223951435
190.29029029029027,-3.781279714889798
190.37037037037038,-3.7751881211537577
190.45045045045043,-3.7560954255244687
190.53053053053054,-3.731870178444299
190.6106106106106,-3.7174974482507372
190.6906906906907,-3.7016967132834004
190.77077077077075,-3.6829031553267986
190.85085085085086,-3.6736109469991733
190.9309309309309,-3.64802536771936
191.01101101101102,-3.6142913151731304
191.09109109109107,-3.5994800994639293
191.17117117117118,-3.5753616135461823
191.25125125125123,-3.55817144141185
191.33133133133134,-3.531442867768249
191.41141141141142,-3.5011355274075875
191.4914914914915,-3.4784143291277356
191.57157157157158,-3.4588773454865915
191.65165165165166,-3.429756882753117
191.73173173173174,-3.4111007927941492
191.81181181181182,-3.38151325321495
191.8918918918919,-3.342298344833611
191.97197197197198,-3.3098473155574437
192.05205205205206,-3.287255787874769
192.13213213213214,-3.261990885563297
192.21221221221222,-3.228879845710441
192.2922922922923,-3.19972582624219
192.37237237237238,-3.166432337327403
192.45245245245246,-3.1377205877785346
192.53253253253254,-3.105109901204656
192.61261261261262,-3.070969251087076
192.6926926926927,-3.0311668553597055
192.77277277277278,-2.9988257878114912
192.85285285285286,-2.9513789069486887
192.93293293293294,-2.9171542133092485
193.01301301301302,-2.8860818460245654
193.0930930930931,-2.8485403845640755
193.17317317317318,-2.8100514802665533
193.25325325325326,-2.7724659867517656
193.33333333333334,-2.733190906542723
193.41341341341342,-2.6928908417172415
193.4934934934935,-2.6665838437343394
193.57357357357358,-2.6216166528637324
193.65365365365366,-2.593059276215448
193.73373373373374,-2.5552819403683387
193.81381381381382,-2.5105344058357284
193.8938938938939,-2.4726111321176525
193.97397397397398,-2.4423133987977272
194.05405405405406,-2.39849008365476
194.13413413413414,-2.3704084759017436
194.21421421421422,-2.338635884237075
194.2942942942943,-2.3062454779959043
194.37437437437438,-2.2682714852450845
194.45445445445446,-2.243393531685381
194.53453453453454,-2.212510978675705
194.61461461461462,-2.1848104534773034
194.6946946946947,-2.152568847454937
194.77477477477478,-2.1347925404737444
194.85485485485486,-2.1074236271306295
194.93493493493494,-2.088495170259229
195.01501501501502,-2.070602559262867
195.0950950950951,-2.0540482626797383
195.17517517517518,-2.038209976448307
195.25525525525526,-2.027917284131383
195.33533533533534,-2.013374078902936
195.41541541541542,-2.003230574370627
195.4954954954955,-2.003742310586339
195.57557557557558,-1.9953565841748973
195.65565565565566,-1.9951798369647278
195.73573573573574,-1.996009972799907
195.81581581581582,-2.0078440064010508
195.8958958958959,-2.007594471646877
195.97597597597598,-2.0212465449574726
196.05605605605606,-2.0207163166292683
196.13613613613614,-2.032415260904765
196.21621621621622,-2.0470743813135113
196.2962962962963,-2.0651210747628297
196.37637637637638,-2.0760288904241335
196.45645645645646,-2.10635939965793
196.53653653653654,-2.1132836091305203
196.61661661661662,-2.1386512371994577
196.6966966966967,-2.157467233694414
196.77677677677679,-2.1848437031976675
196.85685685685687,-2.2162319458996804
196.93693693693695,-2.256044324347404
197.01701701701703,-2.2805805864731328
197.0970970970971,-2.3067512921925712
197.17717717717719,-2.341956974857596
197.25725725725727,-2.3742051072565693
197.33733733733735,-2.4001026353134627
197.41741741741743,-2.4348953337162174
197.4974974974975,-2.465274310475422
197.57757757757759,-2.5058377910118845
197.65765765765767,-2.536130577742986
197.73773773773775,-2.5702501184359248
197.81781781781783,-2.6043296304399486
197.8978978978979,-2.6330724223219577
197.977977977978,-2.6695106705504696
198.05805805805807,-2.703673386211456
198.13813813813815,-2.7406676360791846
198.21821821821823,-2.776516851163665
198.2982982982983,-2.7973713212544857
198.3783783783784,-2.8360660954589454
198.45845845845847,-2.8535817820968363
198.53853853853855,-2.8838242057949124
198.61861861861863,-2.9160100250554035
198.6986986986987,-2.9382810847454586
198.7787787787788,-2.96202052527483
198.85885885885887,-2.9961443224999056
198.93893893893895,-3.0252420954361874
199.01901901901903,-3.040896157048914
199.0990990990991,-3.0537411743464693
199.1791791791792,-3.0786240584864024
199.25925925925927,-3.1004230983997987
199.33933933933935,-3.132033975426677
199.41941941941943,-3.1433297314991244
199.4994994994995,-3.156541091518585
199.5795795795796,-3.178199400385527
199.65965965965967,-3.201160041178882
199.73973973973975,-3.2005832258021387
199.81981981981983,-3.2241103860315325
199.8998998998999,-3.2399444223763467
199.97997997998,-3.2517500438293796
200.06006006006007,-3.249861342389457
200.14014014014015,-3.266065612938334
200.22022022022023,-3.281502198092945
200.3003003003003,-3.302560527128029
200.3803803803804,-3.31327348899221
200.46046046046047,-3.310715960719031
200.54054054054055,-3.317646365491534
200.62062062062063,-3.3289049909314845
200.7007007007007,-3.333485868906766
200.7807807807808,-3.3603636721810144
200.86086086086087,-3.3807643945697494
200.94094094094095,-3.3881957386378714
201.02102102102103,-3.3959786784303585
201.1011011011011,-3.4076971999571057
201.1811811811812,-3.422344834095963
201.26126126126127,-3.438520289147479
201.34134134134135,-3.4560052490465405
201.42142142142143,-3.4690374633895678
201.5015015015015,-3.487341417108439
201.5815815815816,-3.4936033921919534
201.66166166166167,-3.5037074083628625
201.74174174174175,-3.514763074700389
201.82182182182183,-3.5376369663324017
201.9019019019019,-3.5373085923217613
201.981981981982,-3.536518431250707
202.06206206206207,-3.5344874911288535
202.14214214214215,-3.5669561730966093
202.22222222222223,-3.5604222921864883
202.3023023023023,-3.5906720640099308
202.3823823823824,-3.5723836633381816
202.46246246246247,-3.5821891156550447
202.54254254254255,-3.5835140446407294
202.62262262262263,-3.5858513278819095
202.7027027027027,-3.6026445998332695
202.7827827827828,-3.6136928379490874
202.86286286286287,-3.616573276154204
202.94294294294295,-3.622980631510585
203.02302302302303,-3.601061027981589
203.1031031031031,-3.6054641834980035
203.1831831831832,-3.6127460400946214
203.26326326326327,-3.61491757619674
203.34334334334335,-3.615872636775268
203.42342342342343,-3.609296127403392
203.5035035035035,-3.600737899510283
203.5835835835836,-3.593057938542266
203.66366366366367,-3.5878860855684453
203.74374374374375,-3.591425572144483
203.82382382382383,-3.566287153867931
203.9039039039039,-3.5683973803525175
203.983983983984,-3.546313213124591
204.06406406406407,-3.525131650299868
204.14414414414415,-3.5258068966123868
204.22422422422423,-3.505925653519652
204.3043043043043,-3.4820791195675276
204.3843843843844,-3.4668793572563477
204.46446446446447,-3.4478630761793903
204.54454454454455,-3.4324732008904006
204.62462462462463,-3.4154476524472424
204.7047047047047,-3.3757209310703753
204.7847847847848,-3.341200419521926
204.86486486486487,-3.346322120017065
204.94494494494495,-3.3165143695881847
205.02502502502503,-3.2880362048839413
205.1051051051051,-3.2599602809268795
205.1851851851852,-3.2301287588770307
205.26526526526527,-3.1982377994633215
205.34534534534535,-3.1588851811457697
205.42542542542543,-3.1335550128438108
205.5055055055055,-3.083411319502505
205.5855855855856,-3.0712179241032844
205.66566566566567,-3.0265646935301898
205.74574574574575,-3.004835648652519
205.82582582582583,-2.9567555195892257
205.9059059059059,-2.9454836821512007
205.985985985986,-2.8790055649664215
206.06606606606607,-2.865146179753668
206.14614614614615,-2.8121775340068855
206.22622622622623,-2.7835596850177136
206.3063063063063,-2.7068182180150964
206.3863863863864,-2.7112065825714757
206.46646646646647,-2.642358259777198
206.54654654654655,-2.6191353304010216
206.62662662662663,-2.557966384106901
206.7067067067067,-2.5667606037366535
206.7867867867868,-2.4888786606528694
206.86686686686687,-2.4887423102582447
206.94694694694695,-2.4281508576219304
207.02702702702703,-2.4008692884560516
207.1071071071071,-2.3248257964200323
207.1871871871872,-2.3192509309169167
207.26726726726727,-2.2587612318777532
207.34734734734735,-2.2388140990601304
207.42742742742743,-2.187360529371388
207.5075075075075,-2.1581193559470466
207.5875875875876,-2.119976363485504
207.66766766766767,-2.1146443299774424
207.74774774774775,-2.062554921370543
207.82782782782783,-2.0299355537738046
207.9079079079079,-1.9897399415675343
207.987987987988,-1.9802224868853817
208.06806806806807,-1.9298386052824044
208.14814814814815,-1.9094713272281425
208.22822822822823,-1.8755428504311196
208.3083083083083,-1.8500042210720649
208.3883883883884,-1.8380876317833683
208.46846846846847,-1.8069741707179732
208.54854854854855,-1.7995359102510917
208.62862862862863,-1.7756560495464968
208.7087087087087,-1.7931550982151558
208.7887887887888,-1.7491601481097665
208.86886886886887,-1.7445187968740488
208.94894894894895,-1.731318900790498
209.02902902902903,-1.7270803273053255
209.1091091091091,-1.710039664767329
209.1891891891892,-1.708848648781174
209.26926926926927,-1.6971534285914183
209.34934934934935,-1.7322474318439576
209.42942942942943,-1.6973634227972039
209.5095095095095,-1.7190145016286684
209.5895895895896,-1.6935733335608985
209.66966966966967,-1.73616868769108
209.74974974974975,-1.7209649820222868
209.82982982982983,-1.7455889674694913
209.9099099099099,-1.7325034712200127
209.98998998999,-1.7727737037550368
210.07007007007007,-1.761748209643646
210.15015015015015,-1.7850430987290469
210.23023023023023,-1.7880187578157782
210.3103103103103,-1.8162043874940097
210.3903903903904,-1.8211247085436593
210.47047047047047,-1.858244433986921
210.55055055055055,-1.8478213719499044
210.63063063063063,-1.901536603019637
210.7107107107107,-1.9089757484709342
210.7907907907908,-1.9414976066569896
210.87087087087087,-1.9423690604401456
210.95095095095095,-1.9724884883874114
211.03103103103103,-1.988687543125205
211.11111111111111,-2.016526789731811
211.1911911911912,-2.0306731475479554
211.27127127127127,-2.0493079035701833
211.35135135135135,-2.0836414995398798
211.43143143143143,-2.1135967884788642
211.51151151151151,-2.120907564356353
211.5915915915916,-2.1459487790173997
211.67167167167167,-2.178951661103409
211.75175175175175,-2.201443627789975
211.83183183183183,-2.227588241239242
211.91191191191191,-2.23777030355963
211.991991991992,-2.2924725316983676
212.07207207207207,-2.2974891927576295
212.15215215215215,-2.353282396915149
212.23223223223223,-2.338477726110928
212.31231231231232,-2.393949763090269
212.3923923923924,-2.417776384046128
212.47247247247248,-2.464745524566389
212.55255255255256,-2.481617091135565
212.63263263263264,-2.523486619226419
212.71271271271272,-2.5212037456144305
212.7927927927928,-2.5867334819063745
212.87287287287288,-2.6061697337851433
212.95295295295296,-2.6203084286890936
213.03303303303304,-2.654283450395333
213.11311311311312,-2.7161667382474772
213.1931931931932,-2.7352398285845343
213.27327327327328,-2.7691817891693606
213.35335335335336,-2.8342307749465214
213.43343343343344,-2.851388859752319
213.51351351351352,-2.8674782123770113
213.5935935935936,-2.9234110532652786
213.67367367367368,-2.914038688301664
213.75375375375376,-2.9937709315126235
213.83383383383384,-3.042895023119074
213.91391391391392,-3.0395192637495576
213.993993993994,-3.0671529029232794
214.07407407407408,-3.1041030265338945
214.15415415415416,-3.1306997216986883
214.23423423423424,-3.1715230753834063
214.31431431431432,-3.198706401243775
214.3943943943944,-3.233743556829947
214.47447447447448,-3.243624674103526
214.55455455455456,-3.297913246815358
214.63463463463464,-3.289459778554434
214.71471471471472,-3.303846516754971
214.7947947947948,-3.3695864075257402
214.87487487487488,-3.3790574547446623
214.95495495495496,-3.3933541053997605
215.03503503503504,-3.4003012651128968
215.11511511511512,-3.441756482840218
215.1951951951952,-3.4389967430802235
215.27527527527528,-3.4759982172034127
215.35535535535536,-3.4847824215164356
215.43543543543544,-3.500358348067136
215.51551551551552,-3.517287747901545
215.5955955955956,-3.5517387569083403
215.67567567567568,-3.54338001316372
215.75575575575576,-3.587853377785447
215.83583583583584,-3.5592584675927657
215.91591591591592,-3.586296311457313
215.995995995996,-3.582899326420815
216.07607607607608,-3.5978125528119547
216.15615615615616,-3.5956373050532995
216.23623623623624,-3.63352239192511
216.31631631631632,-3.6116510175636605
216.3963963963964,-3.623539248105697
216.47647647647648,-3.614209558594902
216.55655655655656,-3.6316081492603294
216.63663663663664,-3.613484895505016
216.71671671671672,-3.640791928534068
216.7967967967968,-3.597637205619588
216.87687687687688,-3.610350051986544
216.95695695695696,-3.598681586380055
217.03703703703704,-3.5630575544758964
217.11711711711712,-3.5562725260973793
217.1971971971972,-3.5674643617842654
217.27727727727728,-3.5465175140014313
217.35735735735736,-3.5228774243306593
217.43743743743744,-3.5035470415602687
217.51751751751752,-3.488779999501382
217.5975975975976,-3.452258628336043
217.67767767767768,-3.4596064640053283
217.75775775775776,-3.401881728801262
217.83783783783784,-3.4083625613937305
217.91791791791792,-3.3877936157156308
217.997997997998,-3.350053865371197
218.07807807807808,-3.3131740376307937
218.15815815815816,-3.2884358142353647
218.23823823823824,-3.25462329160381
218.31831831831832,-3.208137587475906
218.3983983983984,-3.2020651962443747
218.47847847847848,-3.1565932038461093
218.55855855855856,-3.1072256789860164
218.63863863863864,-3.1073641528742875
218.71871871871872,-3.053827499945216
218.7987987987988,-3.0003315689039063
218.87887887887888,-2.9592349606355945
218.95895895895896,-2.940243701367846
219.03903903903904,-2.909172358577226
219.11911911911912,-2.8601138796920327
219.1991991991992,-2.8214272373741527
219.27927927927928,-2.7302506346034128
219.35935935935936,-2.735074547402656
219.43943943943944,-2.6998738073815916
219.51951951951952,-2.6504554983675344
219.5995995995996,-2.629102051061608
219.67967967967968,-2.5462533416263646
219.75975975975976,-2.538316712070329
219.83983983983984,-2.4399065048322024
219.91991991991992,-2.4376552372924367
220.0,-2.3648735713243
