freq,trans_dB
140.0,-4.442590066694656
140.08008008008008,-4.364457835039877
140.16016016016016,-4.2833278088357725
140.24024024024024,-4.205551618469977
140.32032032032032,-4.14531202825822
140.4004004004004,-3.9956761569404393
140.48048048048048,-3.9314076724279845
140.56056056056056,-3.8584345626674588
140.64064064064064,-3.7359211068110034
140.72072072072072,-3.672751804782254
140.8008008008008,-3.5642626348106305
140.88088088088088,-3.4715001681233733
140.96096096096096,-3.3944539307444366
141.04104104104104,-3.2970682694538374
141.12112112112112,-3.1978667076780862
141.2012012012012,-3.1134106482789394
141.28128128128128,-3.0404171484707496
141.36136136136136,-2.943589346790108
141.44144144144144,-2.8317018808981613
141.52152152152152,-2.7527429818691034
141.6016016016016,-2.6500726420592127
141.68168168168168,-2.6049401841816793
141.76176176176176,-2.5104980643472947
141.84184184184184,-2.424097102929471
141.92192192192192,-2.3381733561558082
142.002002002002,-2.2703269802452324
142.08208208208208,-2.1863232349225834
142.16216216216216,-2.135483591904985
142.24224224224224,-2.067262483954739
142.32232232232232,-1.9906514613026853
142.4024024024024,-1.9261731495170853
142.48248248248248,-1.9015290522943171
142.56256256256256,-1.8246452565271187
142.64264264264264,-1.8173939698076278
142.72272272272272,-1.7508864986861106
142.8028028028028,-1.7407732979080566
142.88288288288288,-1.6716379472382965
142.96296296296296,-1.69168009191627
143.04304304304304,-1.6337614813385588
143.12312312312312,-1.6540981407215078
143.2032032032032,-1.6006082725035762
143.28328328328328,-1.6276449920210871
143.36336336336336,-1.6017697891734466
143.44344344344344,-1.6428239281580135
143.52352352352352,-1.6143090155361774
143.6036036036036,-1.6397463365729996
143.68368368368368,-1.64841246393703
143.76376376376376,-1.6989466959399184
143.84384384384384,-1.7030451546183607
143.92392392392392,-1.7552475328323411
144.004004004004,-1.7685408611181557
144.08408408408408,-1.8166920683105308
144.16416416416416,-1.863407410348474
144.24424424424424,-1.9027008978276148
144.32432432432432,-1.9641827740608238
144.4044044044044,-2.0020296483674627
144.48448448448448,-2.0847079198566982
144.56456456456456,-2.1205886313237485
144.64464464464464,-2.208166398138891
144.72472472472472,-2.25144881837099
144.8048048048048,-2.3626910730719137
144.88488488488488,-2.382781840039872
144.96496496496496,-2.4908830453642654
145.04504504504504,-2.5277942740020447
145.12512512512512,-2.6351455813630054
145.2052052052052,-2.669427272031764
145.28528528528528,-2.8017573378396294
145.36536536536536,-2.8388599445377567
145.44544544544544,-2.941386417037031
145.52552552552552,-2.9900001426779723
145.6056056056056,-3.1083626037955034
145.68568568568568,-3.156257852196805
145.76576576576576,-3.2728796698671845
145.84584584584584,-3.325306407482516
145.92592592592592,-3.4241882970661175
146.006006006006,-3.4952860826117367
146.08608608608608,-3.571109316617519
146.16616616616616,-3.6166756311443375
146.24624624624624,-3.7244256120472476
146.32632632632632,-3.7774622175905224
146.4064064064064,-3.868080061075302
146.48648648648648,-3.9461049768897514
146.56656656656656,-4.0146630754471655
146.64664664664664,-4.075366441667908
146.72672672672672,-4.154241889470968
146.8068068068068,-4.242482002328956
146.88688688688688,-4.282246414658766
146.96696696696696,-4.373738889135174
147.04704704704704,-4.429860940921823
147.12712712712712,-4.48265974563352
147.2072072072072,-4.555649830782507
147.28728728728728,-4.62075290876928
147.36736736736736,-4.662934798311455
147.44744744744744,-4.741401198487343
147.52752752752752,-4.777661146204213
147.6076076076076,-4.84440242751114
147.68768768768768,-4.888569168901861
147.76776776776777,-4.982319568270457
147.84784784784785,-4.994817290114231
147.92792792792793,-5.061212747169255
148.008008008008,-5.098696424243549
148.08808808808809,-5.144304595375787
148.16816816816817,-5.179268497366957
148.24824824824825,-5.219823555473343
148.32832832832833,-5.247359738208153
148.4084084084084,-5.301265067434138
148.48848848848849,-5.328716041874981
148.56856856856857,-5.364759004027828
148.64864864864865,-5.402091127359271
148.72872872872873,-5.458909793781545
148.8088088088088,-5.4751359685325856
148.88888888888889,-5.50489088707054
148.96896896896897,-5.537584561999383
149.04904904904905,-5.534044147508833
149.12912912912913,-5.568891409659133
149.2092092092092,-5.582035998489345
149.2892892892893,-5.59960827103031
149.36936936936937,-5.610670987454123
149.44944944944945,-5.645495334828425
149.52952952952953,-5.646920490527656
149.6096096096096,-5.655251048330609
149.6896896896897,-5.6740186490784525
149.76976976976977,-5.687721485511918
149.84984984984985,-5.689031728761519
149.92992992992993,-5.69351423069464
150.01001001001,-5.66531713884775
150.0900900900901,-5.662286927474852
150.17017017017017,-5.662783353770964
150.25025025025025,-5.664012480400948
150.33033033033033,-5.650248915274095
150.4104104104104,-5.635839447382036
150.4904904904905,-5.611119878574906
150.57057057057057,-5.602456327765176
150.65065065065065,-5.577052812682333
150.73073073073073,-5.5803819355141995
150.8108108108108,-5.544826637816701
150.8908908908909,-5.52822952148039
150.97097097097097,-5.476424849565859
151.05105105105105,-5.438919311502623
151.13113113113113,-5.39919789973208
151.2112112112112,-5.375796131800928
151.2912912912913,-5.329718246619993
151.37137137137137,-5.284535178768988
151.45145145145145,-5.226024751322505
151.53153153153153,-5.168599719409826
151.6116116116116,-5.116080014357691
151.6916916916917,-5.07980758820134
151.77177177177177,-5.008988786809489
151.85185185185185,-4.9407267244879955
151.93193193193193,-4.879309075165403
152.012012012012,-4.789033896355981
152.0920920920921,-4.737081915265677
152.17217217217217,-4.658182564220715
152.25225225225225,-4.5811326347535575
152.33233233233233,-4.488309917473045
152.4124124124124,-4.409504434867304
152.4924924924925,-4.321407721539381
152.57257257257257,-4.247251200674951
152.65265265265265,-4.165059098457809
152.73273273273273,-4.0793880742312885
152.8128128128128,-3.9774629183166645
152.8928928928929,-3.9053300073361585
152.97297297297297,-3.786314651676202
153.05305305305305,-3.693574720027153
153.13313313313313,-3.597146179590509
153.2132132132132,-3.524516177147309
153.2932932932933,-3.425224925253861
153.37337337337337,-3.350112705284159
153.45345345345345,-3.2332655660830434
153.53353353353353,-3.1547447668230864
153.6136136136136,-3.0794445960306494
153.6936936936937,-2.9870998723944084
153.77377377377377,-2.8977037835801247
153.85385385385385,-2.80931757733756
153.93393393393393,-2.731939786633585
154.014014014014,-2.656458186736802
154.0940940940941,-2.574575969807391
154.17417417417417,-2.4964047409661125
154.25425425425425,-2.418742033189746
154.33433433433433,-2.343556296943467
154.4144144144144,-2.269074339732787
154.4944944944945,-2.2005789076370594
154.57457457457457,-2.1394365409876435
154.65465465465465,-2.0707891574692945
154.73473473473473,-2.0097034085233787
154.8148148148148,-1.938240681432838
154.8948948948949,-1.8685727416639575
154.97497497497497,-1.8072723600557508
155.05505505505505,-1.7618012804869996
155.13513513513513,-1.7089836964919045
155.2152152152152,-1.672523665853165
155.2952952952953,-1.6126437943041805
155.37537537537537,-1.5710216866605917
155.45545545545545,-1.5224522969696423
155.53553553553553,-1.4886183465664904
155.6156156156156,-1.451777886518376
155.6956956956957,-1.4212520062750003
155.77577577577577,-1.3888199071962792
155.85585585585585,-1.3804203764688427
155.93593593593593,-1.3415810099474428
156.016016016016,-1.3182245684558573
156.0960960960961,-1.2979905920386507
156.17617617617617,-1.3100906725296269
156.25625625625625,-1.2990298316088122
156.33633633633633,-1.3099902511609027
156.4164164164164,-1.30365657135097
156.4964964964965,-1.318683576668829
156.57657657657657,-1.3325334991640991
156.65665665665665,-1.3552135418605773
156.73673673673673,-1.3550930091772937
156.8168168168168,-1.3956436839424293
156.8968968968969,-1.4287010896466332
156.97697697697697,-1.4614075299924574
157.05705705705705,-1.5059805047826724
157.13713713713713,-1.5432622880100593
157.2172172172172,-1.584049672330293
157.2972972972973,-1.6426567758553308
157.37737737737737,-1.6884981729206163
157.45745745745745,-1.7439352637898329
157.53753753753753,-1.8009011935372634
157.6176176176176,-1.8720740612367093
157.6976976976977,-1.9226112459774487
157.77777777777777,-1.9948734400482404
157.85785785785785,-2.069658580204915
157.93793793793793,-2.135700001591679
158.018018018018,-2.2156527472748824
158.0980980980981,-2.282792128094658
158.17817817817817,-2.3577323140355713
158.25825825825825,-2.4299365510394066
158.33833833833833,-2.5238813303662013
158.4184184184184,-2.5916986831082434
158.4984984984985,-2.6742345112527874
158.57857857857857,-2.751309836680743
158.65865865865865,-2.8256305852327896
158.73873873873873,-2.8932944201262214
158.8188188188188,-2.9882405802109764
158.8988988988989,-3.061584702323223
158.97897897897897,-3.1316655858007323
159.05905905905905,-3.2020370196503194
159.13913913913913,-3.2825093459521044
159.2192192192192,-3.3578332976789906
159.2992992992993,-3.4542232872453007
159.37937937937937,-3.5192863812036017
159.45945945945945,-3.587030087822421
159.53953953953953,-3.6699537352291602
159.6196196196196,-3.7409354349453254
159.6996996996997,-3.8136927112537444
159.77977977977977,-3.8899341051361276
159.85985985985985,-3.9641301269575804
159.93993993993993,-4.016092120710817
160.02002002002,-4.097097872112967
160.1001001001001,-4.154018257986551
160.18018018018017,-4.207352559075301
160.26026026026025,-4.269985169420336
160.34034034034033,-4.328297337410353
160.4204204204204,-4.3817462466808905
160.5005005005005,-4.453375674790452
160.58058058058057,-4.501171183810954
160.66066066066065,-4.553131025395513
160.74074074074073,-4.602909875845275
160.8208208208208,-4.668434430223361
160.9009009009009,-4.689489496921327
160.98098098098097,-4.746920672362315
161.06106106106105,-4.796207014174058
161.14114114114113,-4.835235135668175
161.2212212212212,-4.887939060637282
161.3013013013013,-4.9340993991314415
161.38138138138137,-4.968339056960923
161.46146146146145,-5.000498280542037
161.54154154154153,-5.029397178584905
161.6216216216216,-5.057423140337196
161.7017017017017,-5.078666760113023
161.78178178178177,-5.117543792191183
161.86186186186185,-5.125955060802216
161.94194194194193,-5.156369485669171
162.022022022022,-5.174024680957835
162.1021021021021,-5.174134943764586
162.18218218218217,-5.191575242849466
162.26226226226225,-5.209180683979745
162.34234234234233,-5.211571902014602
162.42242242242241,-5.225405310706829
162.5025025025025,-5.227160033520049
162.58258258258257,-5.228241027550228
162.66266266266265,-5.2235025369353005
162.74274274274273,-5.232290935629727
162.82282282282281,-5.218496843372393
162.9029029029029,-5.199829947640865
162.98298298298297,-5.192347467026626
163.06306306306305,-5.152786205500966
163.14314314314313,-5.134878626282617
163.22322322322321,-5.10820164204873
163.3033033033033,-5.082938499140452
163.38338338338338,-5.049336608965848
163.46346346346346,-5.018060023415848
163.54354354354354,-4.972809905456896
163.62362362362362,-4.943234071477082
163.7037037037037,-4.896388066175064
163.78378378378378,-4.8492423603834975
163.86386386386386,-4.7764378902585465
163.94394394394394,-4.739580047868318
164.02402402402402,-4.673293673114638
164.1041041041041,-4.624356538924251
164.18418418418418,-4.552420455072802
164.26426426426426,-4.515093087507372
164.34434434434434,-4.433786417214261
164.42442442442442,-4.389175908997639
164.5045045045045,-4.309421418323392
164.58458458458458,-4.235142332918266
164.66466466466466,-4.163871337528109
164.74474474474474,-4.120737734935208
164.82482482482482,-4.029566464103708
164.9049049049049,-3.955988684674466
164.98498498498498,-3.890257423195509
165.06506506506506,-3.824646071221015
165.14514514514514,-3.733475723158435
165.22522522522522,-3.681391139957986
165.3053053053053,-3.592071629399618
165.38538538538538,-3.543950802163455
165.46546546546546,-3.466385606011549
165.54554554554554,-3.3845453812250095
165.62562562562562,-3.319921899836989
165.7057057057057,-3.2729653860329733
165.78578578578578,-3.2159408553624758
165.86586586586586,-3.1307022201760812
165.94594594594594,-3.085042013461104
166.02602602602602,-3.019078946665867
166.1061061061061,-2.937057772156335
166.18618618618618,-2.8791620099389537
166.26626626626626,-2.806150768481543
166.34634634634634,-2.7388386553380464
166.42642642642642,-2.6916234024332666
166.5065065065065,-2.617893679512958
166.58658658658658,-2.555130397576399
166.66666666666666,-2.4810135811550995
166.74674674674674,-2.434102670215767
166.82682682682682,-2.335687988587797
166.9069069069069,-2.2984634446077767
166.98698698698698,-2.226170820981233
167.06706706706706,-2.165676621171995
167.14714714714714,-2.1010424354345676
167.22722722722722,-2.0655442828151096
167.3073073073073,-1.9833728578485612
167.38738738738738,-1.9414282579150368
167.46746746746746,-1.8716572863519785
167.54754754754754,-1.8275830803642696
167.62762762762762,-1.7528356287875817
167.7077077077077,-1.7220109557813632
167.78778778778778,-1.646224038513786
167.86786786786786,-1.6035766538594138
167.94794794794794,-1.5492750645233082
168.02802802802802,-1.5073233275465718
168.1081081081081,-1.4496837120650754
168.18818818818818,-1.420276851304847
168.26826826826826,-1.354453029397373
168.34834834834834,-1.3171512176814928
168.42842842842842,-1.2830072481913675
168.5085085085085,-1.255280540055354
168.58858858858858,-1.2138276152633674
168.66866866866866,-1.1970145372459955
168.74874874874874,-1.1626085118685527
168.82882882882882,-1.1303546444175907
168.9089089089089,-1.1110287441688833
168.98898898898898,-1.0919561539589622
169.06906906906906,-1.0855371459426952
169.14914914914914,-1.0713909106551955
169.22922922922922,-1.0714923535917074
169.3093093093093,-1.0606316818920005
169.38938938938938,-1.076635372127246
169.46946946946946,-1.0742677053780492
169.54954954954954,-1.0799294432023137
169.62962962962962,-1.082409900543607
169.7097097097097,-1.119111906320898
169.78978978978978,-1.1268599550888214
169.86986986986986,-1.1661712596161704
169.94994994994994,-1.1901980705443653
170.03003003003002,-1.231380233260124
170.1101101101101,-1.2537758314457987
170.19019019019018,-1.305329794792027
170.27027027027026,-1.344603321392103
170.35035035035034,-1.401982648978192
170.43043043043042,-1.444785687142367
170.5105105105105,-1.5126398944598647
170.59059059059058,-1.5547375500513563
170.67067067067066,-1.6209703470453811
170.75075075075074,-1.6876476543201113
170.83083083083082,-1.7490396921595193
170.9109109109109,-1.8100889839246475
170.99099099099098,-1.8873194665488742
171.07107107107106,-1.9426565143388825
171.15115115115114,-2.0132644472471646
171.23123123123122,-2.092071432950788
171.3113113113113,-2.1551743990410457
171.39139139139138,-2.2247977358130613
171.47147147147146,-2.306932132185195
171.55155155155154,-2.3788525816539474
171.63163163163162,-2.4597425260407935
171.7117117117117,-2.5386898496260932
171.79179179179178,-2.60171144757795
171.87187187187186,-2.6861109239096104
171.95195195195194,-2.7642176292119407
172.03203203203202,-2.825232369083975
172.11211211211213,-2.8968968475482617
172.19219219219218,-2.988726408268862
172.2722722722723,-3.0476230300133813
172.35235235235234,-3.121141709689747
172.43243243243245,-3.198004727514842
172.5125125125125,-3.264681442018562
172.5925925925926,-3.3251845874263677
172.67267267267266,-3.4046043717590373
172.75275275275277,-3.4670739063799214
172.83283283283282,-3.5311278089854956
172.91291291291293,-3.600835384390095
172.99299299299298,-3.662439573112395
173.0730730730731,-3.7154447635255545
173.15315315315314,-3.7848634179353753
173.23323323323325,-3.8311025765745472
173.3133133133133,-3.8814894249754044
173.3933933933934,-3.9558502156207087
173.47347347347346,-4.0101155679579525
173.55355355355357,-4.040856892459947
173.63363363363362,-4.084401085210321
173.71371371371373,-4.124591343600649
173.79379379379378,-4.159294385622321
173.8738738738739,-4.20956544711634
173.95395395395394,-4.245975973692733
174.03403403403405,-4.267726285426264
174.1141141141141,-4.320935980921738
174.1941941941942,-4.365096195734588
174.27427427427426,-4.374847159674907
174.35435435435437,-4.403437651855937
174.43443443443442,-4.432288903302047
174.51451451451453,-4.440240390568857
174.59459459459458,-4.459654777864125
174.6746746746747,-4.473059723204775
174.75475475475474,-4.47327300116603
174.83483483483485,-4.492086831347578
174.9149149149149,-4.507872321738982
174.994994994995,-4.493304385829573
175.07507507507506,-4.494649959022928
175.15515515515517,-4.506920000133604
175.23523523523522,-4.477627539396168
175.31531531531533,-4.455797563535739
175.39539539539538,-4.446121456458216
175.4754754754755,-4.427790469334981
175.55555555555554,-4.410248865735807
175.63563563563565,-4.404604994122843
175.7157157157157,-4.365767295641288
175.7957957957958,-4.328745860086057
175.87587587587586,-4.310014482940613
175.95595595595597,-4.277462191179581
176.03603603603602,-4.237399243693015
176.11611611611613,-4.211805243626172
176.19619619619618,-4.165350470004044
176.2762762762763,-4.111129354781972
176.35635635635634,-4.076509104829326
176.43643643643645,-4.0410261590935415
176.5165165165165,-4.000758752705166
176.5965965965966,-3.972094732229684
176.67667667667666,-3.9272814640074696
176.75675675675677,-3.8794109807855106
176.83683683683682,-3.847762820676319
176.91691691691693,-3.8114561134524743
176.99699699699698,-3.7538200231424024
177.0770770770771,-3.7067012455718023
177.15715715715714,-3.671124593067909
177.23723723723725,-3.6163139738693006
177.3173173173173,-3.5808895117233583
177.3973973973974,-3.555888632954204
177.47747747747746,-3.502582815270658
177.55755755755757,-3.4680054926511525
177.63763763763762,-3.436140309435485
177.71771771771773,-3.3822874712534987
177.79779779779778,-3.339027775466928
177.8778778778779,-3.307122000882341
177.95795795795794,-3.25612956415041
178.03803803803805,-3.2125784017978867
178.1181181181181,-3.188926900749193
178.1981981981982,-3.129185756050115
178.27827827827826,-3.0761654815706416
178.35835835835837,-3.0378838818612053
178.43843843843842,-2.9931161009063896
178.51851851851853,-2.9511615375087983
178.59859859859858,-2.9092596688675
178.6786786786787,-2.8593689189522022
178.75875875875874,-2.812377258580896
178.83883883883885,-2.777179234814496
178.9189189189189,-2.721843450582027
178.998998998999,-2.6646673495686293
179.07907907907907,-2.6263710867830725
179.15915915915917,-2.5754736084383665
179.23923923923923,-2.5177812175621472
179.31931931931933,-2.4665606344347806
179.39939939939939,-2.41332190020907
179.4794794794795,-2.3613214123329245
179.55955955955955,-2.3176310914226566
179.63963963963965,-2.2682592511253135
179.7197197197197,-2.2038659649044625
179.7997997997998,-2.143449496774976
179.87987987987987,-2.0962451569342075
179.95995995995997,-2.045074314399498
180.04004004004003,-1.9882340617949574
180.12012012012013,-1.932265629815387
180.2002002002002,-1.879293412308142
180.2802802802803,-1.8300281623547456
180.36036036036035,-1.7797863697813618
180.44044044044045,-1.7202025498094804
180.5205205205205,-1.6692519914526915
180.60060060060061,-1.6273301932182778
180.68068068068067,-1.568341457518726
180.76076076076077,-1.5088549434143506
180.84084084084083,-1.461599047301948
180.92092092092093,-1.4098659232038753
181.001001001001,-1.366430715951961
181.0810810810811,-1.3242037804700384
181.16116116116115,-1.2739185410006972
181.24124124124126,-1.227998272018566
181.3213213213213,-1.1896395982969556
181.40140140140142,-1.1477624587377249
181.48148148148147,-1.1109590999148293
181.56156156156158,-1.0739605827387013
181.64164164164163,-1.040512373646727
181.72172172172174,-1.0146700980946646
181.8018018018018,-0.9873780086118316
181.8818818818819,-0.9598417354410007
181.96196196196195,-0.9379031657985881
182.04204204204206,-0.9269722240469539
182.1221221221221,-0.9115845859371258
182.20220220220222,-0.8962880776824205
182.28228228228227,-0.8933612744016395
182.36236236236238,-0.8931264124942618
182.44244244244243,-0.8941841708621878
182.52252252252254,-0.8976238570050901
182.6026026026026,-0.901012998015655
182.6826826826827,-0.9159134768784601
182.76276276276275,-0.9325767922515288
182.84284284284286,-0.9493115082305844
182.9229229229229,-0.9695896897831889
183.00300300300302,-1.0015495003831552
183.08308308308307,-1.0327399285918732
183.16316316316318,-1.0629578683290173
183.24324324324323,-1.0930169399907366
183.32332332332334,-1.1293011822224217
183.4034034034034,-1.1759181469931925
183.4834834834835,-1.224728892272181
183.56356356356355,-1.2717764120054103
183.64364364364366,-1.3209086706190099
183.7237237237237,-1.3745695860468878
183.80380380380382,-1.4284695631503437
183.88388388388387,-1.4861613358359773
183.96396396396398,-1.548183868585504
184.04404404404403,-1.6079219861477874
184.12412412412414,-1.6710424400229953
184.2042042042042,-1.7358489403975559
184.2842842842843,-1.8002620006432155
184.36436436436435,-1.8705679073076695
184.44444444444446,-1.9311212274866554
184.5245245245245,-2.004949798302048
184.60460460460462,-2.070525701097833
184.68468468468467,-2.132221343061775
184.76476476476478,-2.1996649795154437
184.84484484484483,-2.2727595114418273
184.92492492492494,-2.3394980076703478
185.005005005005,-2.4024095058232735
185.0850850850851,-2.467052219041168
185.16516516516515,-2.536165460266033
185.24524524524526,-2.599776315061332
185.3253253253253,-2.6625463629166344
185.40540540540542,-2.715796760571193
185.48548548548547,-2.787223575131453
185.56556556556558,-2.8491772309436545
185.64564564564563,-2.8987885696449176
185.72572572572574,-2.955304356879161
185.8058058058058,-3.010670258723495
185.8858858858859,-3.0640636917832027
185.96596596596595,-3.1140446113234908
186.04604604604606,-3.164095810994356
186.1261261261261,-3.2035796415430466
186.20620620620622,-3.255700854820507
186.28628628628627,-3.298918088724889
186.36636636636638,-3.3213989661606855
186.44644644644643,-3.3557235807606367
186.52652652652654,-3.3967225952661972
186.6066066066066,-3.421832610486343
186.6866866866867,-3.4563344820478843
186.76676676676675,-3.4907467271113304
186.84684684684686,-3.508614465906546
186.9269269269269,-3.5241137556116438
187.00700700700702,-3.5576686055770397
187.08708708708707,-3.575143731382753
187.16716716716718,-3.5769274248141247
187.24724724724723,-3.5894307385041606
187.32732732732734,-3.587352946680341
187.4074074074074,-3.5922845072726863
187.4874874874875,-3.607036087241223
187.56756756756755,-3.606132184886631
187.64764764764766,-3.6067820931115215
187.7277277277277,-3.610120205594907
187.80780780780782,-3.604665084696165
187.88788788788787,-3.595570081805067
187.96796796796798,-3.5952435350609737
188.04804804804803,-3.5832838670036633
188.12812812812814,-3.566345420019509
188.2082082082082,-3.568368669707772
188.2882882882883,-3.5443115802346252
188.36836836836835,-3.538922530584792
188.44844844844846,-3.5282780544994954
188.5285285285285,-3.5175881488361247
188.60860860860862,-3.5154416615695183
188.68868868868867,-3.502752227206357
188.76876876876878,-3.479641051498356
188.84884884884883,-3.45232002393492
188.92892892892894,-3.449841942029953
189.009009009009,-3.4434672004428695
189.0890890890891,-3.4249820930363692
189.16916916916915,-3.4230604609484145
189.24924924924926,-3.399128626380108
189.3293293293293,-3.3809929453506893
189.40940940940942,-3.3754372269594564
189.48948948948947,-3.357543606879597
189.56956956956958,-3.325268323572835
189.64964964964963,-3.3178704989411285
189.72972972972974,-3.312196396842931
189.8098098098098,-3.291894903550096
189.8898898898899,-3.272172696856833
189.96996996996995,-3.259132210333163
190.05005005005006,-3.2384882082499695
190.1301301301301,-3.2437056494043874
190.21021021021022,-3.2181065331511367
190.29029029029027,-3.179304029287302
190.37037037037038,-3.168956440530054
190.45045045045043,-3.157524775836897
190.53053053053054,-3.1319640073966712
190.6106106106106,-3.1121756996510785
190.6906906906907,-3.089105653568985
190.77077077077075,-3.0611282988116466
190.85085085085086,-3.0423237679210064
190.9309309309309,-3.0064969961447394
191.01101101101102,-2.965774970219437
191.09109109109107,-2.9534426504755786
191.17117117117118,-2.9351324270546506
191.25125125125123,-2.892240149763175
191.33133133133134,-2.8549497025148054
191.41141141141142,-2.8156483794861145
191.4914914914915,-2.781272534539797
191.57157157157158,-2.756241210726802
191.65165165165166,-2.7158442031217063
191.73173173173174,-2.6574397743223406
191.81181181181182,-2.6201944975162514
191.8918918918919,-2.586049432540638
191.97197197197198,-2.540177045571917
192.05205205205206,-2.494956420584939
192.13213213213214,-2.4636203438094224
192.21221221221222,-2.4088352403699425
192.2922922922923,-2.3648817541840224
192.37237237237238,-2.3166071262146404
192.45245245245246,-2.2563460892758336
192.53253253253254,-2.2160100335947663
192.61261261261262,-2.1804523041104096
192.6926926926927,-2.120431324582416
192.77277277277278,-2.0671641213512904
192.85285285285286,-2.0190112112442433
192.93293293293294,-1.9616381922607717
193.01301301301302,-1.909017712495948
193.0930930930931,-1.8607414711004122
193.17317317317318,-1.8016880493439915
193.25325325325326,-1.7445866192752986
193.33333333333334,-1.69662743061939
193.41341341341342,-1.6309339749877076
193.4934934934935,-1.5856447489053414
193.57357357357358,-1.5415809656522301
193.65365365365366,-1.4847608969516954
193.73373373373374,-1.4300875553596704
193.81381381381382,-1.3864374842178904
193.8938938938939,-1.3287844106930686
193.97397397397398,-1.282419145049018
194.05405405405406,-1.2344715106688138
194.13413413413414,-1.1904451141469528
194.21421421421422,-1.1355889752680277
194.2942942942943,-1.0956299325747634
194.37437437437438,-1.0477889853755953
194.45445445445446,-1.0020280654151723
194.53453453453454,-0.9666738511951433
194.61461461461462,-0.9312777082565936
194.6946946946947,-0.8890890145601539
194.77477477477478,-0.8654570009826814
194.85485485485486,-0.8427114916557911
194.93493493493494,-0.8090539669371839
195.01501501501502,-0.7886867741262988
195.0950950950951,-0.7669822558164758
195.17517517517518,-0.7450423868426075
195.25525525525526,-0.7296500458154127
195.33533533533534,-0.7209362752654896
195.41541541541542,-0.7118358262426264
195.4954954954955,-0.7141280895906357
195.57557557557558,-0.7168315215447545
195.65565565565566,-0.7144498105799324
195.73573573573574,-0.7157943997774407
195.81581581581582,-0.7302694342830389
195.8958958958959,-0.734540094907828
195.97597597597598,-0.7478159630316527
196.05605605605606,-0.7698282292603053
196.13613613613614,-0.7971119134329022
196.21621621621622,-0.8148224520419978
196.2962962962963,-0.8503108093240488
196.37637637637638,-0.870478502849764
196.45645645645646,-0.9165123330653907
196.53653653653654,-0.946079147830119
196.61661661661662,-0.9968714149290044
196.6966966966967,-1.028910152362432
196.77677677677679,-1.0747775193876379
196.85685685685687,-1.1186798926960553
196.93693693693695,-1.1713552656428985
197.01701701701703,-1.2165496714169142
197.0970970970971,-1.2709420359010097
197.17717717717719,-1.3264943328954029
197.25725725725727,-1.378783907184318
197.33733733733735,-1.4317992517815905
197.41741741741743,-1.4786267607661263
197.4974974974975,-1.5352271813490324
197.57757757757759,-1.5897110883728545
197.65765765765767,-1.6451102249654168
197.73773773773775,-1.6973272992549724
197.81781781781783,-1.7530814010899887
197.8978978978979,-1.807345657982857
197.977977977978,-1.8614502580189392
198.05805805805807,-1.919139890553798
198.13813813813815,-1.968176962836781
198.21821821821823,-2.0261401550619413
198.2982982982983,-2.0518830355931246
198.3783783783784,-2.1071475817251613
198.45845845845847,-2.147662940680568
198.53853853853855,-2.1991179705951827
198.61861861861863,-2.2564279435564534
198.6986986986987,-2.2770371503360485
198.7787787787788,-2.313223664033849
198.85885885885887,-2.356796548010025
198.93893893893895,-2.3998534915315313
199.01901901901903,-2.4292602231620353
199.0990990990991,-2.451325619111604
199.1791791791792,-2.4995896281159795
199.25925925925927,-2.517042743627576
199.33933933933935,-2.546175818693854
199.41941941941943,-2.5671780514351084
199.4994994994995,-2.5821696877620384
199.5795795795796,-2.618548203129157
199.65965965965967,-2.648394342648141
199.73973973973975,-2.652204350380987
199.81981981981983,-2.6801724623626133
199.8998998998999,-2.699919073123764
199.97997997998,-2.7264911848285194
200.06006006006007,-2.740180058859066
200.14014014014015,-2.761771112245621
200.22022022022023,-2.7771112264114834
200.3003003003003,-2.7995434746142145
200.3803803803804,-2.8244425223636007
200.46046046046047,-2.83803228374973
200.54054054054055,-2.8437794259458578
200.62062062062063,-2.866764993771824
200.7007007007007,-2.882824216108929
200.7807807807808,-2.9064913115563
200.86086086086087,-2.921342775890982
200.94094094094095,-2.930223248837601
201.02102102102103,-2.9480122545895457
201.1011011011011,-2.969626533988297
201.1811811811812,-2.973856736800989
201.26126126126127,-2.987154472446398
201.34134134134135,-3.0056402018496833
201.42142142142143,-3.0176336973275664
201.5015015015015,-3.024783882911023
201.5815815815816,-3.046572839800008
201.66166166166167,-3.0527951819424928
201.74174174174175,-3.0689209947692166
201.82182182182183,-3.0974928422354244
201.9019019019019,-3.0867017676857365
201.981981981982,-3.092935009374942
202.06206206206207,-3.107568489763848
202.14214214214215,-3.1288862560339106
202.22222222222223,-3.1083397906687114
202.3023023023023,-3.143785901866065
202.3823823823824,-3.1193861261164804
202.46246246246247,-3.1227376328407512
202.54254254254255,-3.137168099384323
202.62262262262263,-3.12407822947027
202.7027027027027,-3.1317637241165124
202.7827827827828,-3.14699030821151
202.86286286286287,-3.129761875501166
202.94294294294295,-3.1217073631804655
203.02302302302303,-3.1187374594748887
203.1031031031031,-3.111200933305702
203.1831831831832,-3.0978857107681668
203.26326326326327,-3.0925530280593723
203.34334334334335,-3.0790456660754897
203.42342342342343,-3.0476975493922267
203.5035035035035,-3.042697103054186
203.5835835835836,-3.032275749888213
203.66366366366367,-3.003997791824453
203.74374374374375,-3.019899778615981
203.82382382382383,-2.972712459784267
203.9039039039039,-2.941947458169698
203.983983983984,-2.9204686046850017
204.06406406406407,-2.905099443387806
204.14414414414415,-2.865548087965821
204.22422422422423,-2.8429282936517333
204.3043043043043,-2.8168187451969677
204.3843843843844,-2.781309176659442
204.46446446446447,-2.742872847922176
204.54454454454455,-2.7305788753536038
204.62462462462463,-2.661739420887128
204.7047047047047,-2.634800670206152
204.7847847847848,-2.588918209820205
204.86486486486487,-2.559037339823559
204.94494494494495,-2.508201474526094
205.02502502502503,-2.4887796655560614
205.1051051051051,-2.42941626310634
205.1851851851852,-2.388203420420735
205.26526526526527,-2.353630015718987
205.34534534534535,-2.2931125500697056
205.42542542542543,-2.2434027126449774
205.5055055055055,-2.198812241934095
205.5855855855856,-2.1565456331486073
205.66566566566567,-2.0972975961332634
205.74574574574575,-2.069075884237365
205.82582582582583,-1.9906889242770338
205.9059059059059,-1.9549627052303218
205.985985985986,-1.898371077659155
206.06606606606607,-1.864269495670127
206.14614614614615,-1.782834239339965
206.22622622622623,-1.7459120514369433
206.3063063063063,-1.6609206987431162
206.3863863863864,-1.6253421292226988
206.46646646646647,-1.5479529023497407
206.54654654654655,-1.5276306606378982
206.62662662662663,-1.43875845585281
206.7067067067067,-1.4185805448446704
206.7867867867868,-1.336880547784731
206.86686686686687,-1.2963351210647913
206.94694694694695,-1.233865332402761
207.02702702702703,-1.1932268782038926
207.1071071071071,-1.1207202859323744
207.1871871871872,-1.0972184591018346
207.26726726726727,-1.0316711931837894
207.34734734734735,-0.9835830460968628
207.42742742742743,-0.930929254247536
207.5075075075075,-0.8969376147961676
207.5875875875876,-0.8453292844133818
207.66766766766767,-0.815718204260204
207.74774774774775,-0.7652877158249834
207.82782782782783,-0.7360820276565057
207.9079079079079,-0.6968037971549479
207.987987987988,-0.6646054612678314
208.06806806806807,-0.6235884645092481
208.14814814814815,-0.5948869395588862
208.22822822822823,-0.5741814528520369
208.3083083083083,-0.544914505949073
208.3883883883884,-0.5298908662587979
208.46846846846847,-0.5145749468606368
208.54854854854855,-0.5171587839097064
208.62862862862863,-0.5032292616330766
208.7087087087087,-0.49112979188413347
208.7887887887888,-0.4805264978821416
208.86886886886887,-0.5062610232290634
208.94894894894895,-0.4872251276341658
209.02902902902903,-0.5130628249782765
209.1091091091091,-0.5017012071098577
209.1891891891892,-0.5179958488485766
209.26926926926927,-0.5161571817648997
209.34934934934935,-0.5585641093155166
209.42942942942943,-0.5532308602121773
209.5095095095095,-0.6025044110988906
209.5895895895896,-0.6126433386200125
209.66966966966967,-0.647274151859763
209.74974974974975,-0.6693278648128885
209.82982982982983,-0.7159871812403368
209.9099099099099,-0.7211052723109472
209.98998998999,-0.7732583622500678
210.07007007007007,-0.7907147000364471
210.15015015015015,-0.8382155100564672
210.23023023023023,-0.8736422174063125
210.3103103103103,-0.9310432979631338
210.3903903903904,-0.9521614039607367
210.47047047047047,-1.002775890659933
210.55055055055055,-1.0335137294209549
210.63063063063063,-1.076950186872432
210.7107107107107,-1.1181739243115334
210.7907907907908,-1.1683349383560566
210.87087087087087,-1.2011042145609783
210.95095095095095,-1.2544938982051874
211.03103103103103,-1.2981201143704746
211.11111111111111,-1.317009725106256
211.1911911911912,-1.3618944615882398
211.27127127127127,-1.394409881655319
211.35135135135135,-1.4462750274750134
211.43143143143143,-1.4900875760664483
211.51151151151151,-1.5385287958872687
211.5915915915916,-1.5580991201335286
211.67167167167167,-1.6314730741606227
211.75175175175175,-1.6519516644372638
211.83183183183183,-1.6922799872225145
211.91191191191191,-1.7076815878330724
211.991991991992,-1.794520569008348
212.07207207207207,-1.7961541324840269
212.15215215215215,-1.8784244734147402
212.23223223223223,-1.890280473120435
212.31231231231232,-1.946593184630119
212.3923923923924,-1.9757904735595515
212.47247247247248,-2.03321705032931
212.55255255255256,-2.0414563627081774
212.63263263263264,-2.1148791692549427
212.71271271271272,-2.1420499388546825
212.7927927927928,-2.20550893985178
212.87287287287288,-2.2346988910305456
212.95295295295296,-2.276035668625117
213.03303303303304,-2.2868909404927265
213.11311311311312,-2.3443839113023524
213.1931931931932,-2.402259058334497
213.27327327327328,-2.4263322904181295
213.35335335335336,-2.47380857348334
213.43343343343344,-2.51752507873207
213.51351351351352,-2.5411582858889026
213.5935935935936,-2.574984433228247
213.67367367367368,-2.6023371401885473
213.75375375375376,-2.6457124056437435
213.83383383383384,-2.6910909776606355
213.91391391391392,-2.710523957658563
213.993993993994,-2.7488694567273035
214.07407407407408,-2.7687662618787114
214.15415415415416,-2.8198341922688206
214.23423423423424,-2.8322322459934095
214.31431431431432,-2.841689802031637
214.3943943943944,-2.895699071419425
214.47447447447448,-2.9044825849654785
214.55455455455456,-2.9368535847185413
214.63463463463464,-2.9652508691052186
214.71471471471472,-2.9482634819159133
214.7947947947948,-3.001299847519125
214.87487487487488,-3.0042189755682775
214.95495495495496,-3.0329724849751645
215.03503503503504,-3.032063046793589
215.11511511511512,-3.066603479442671
215.1951951951952,-3.0604276706536777
215.27527527527528,-3.081698181909799
215.35535535535536,-3.087328900045555
215.43543543543544,-3.0915594916435056
215.51551551551552,-3.0829904585665333
215.5955955955956,-3.1255870662511205
215.67567567567568,-3.078326931654804
215.75575575575576,-3.125649535757428
215.83583583583584,-3.100456568251744
215.91591591591592,-3.104713651959419
215.995995995996,-3.0679007859232175
216.07607607607608,-3.078373758623166
216.15615615615616,-3.04564684509493
216.23623623623624,-3.062935497434922
216.31631631631632,-3.038923311821839
216.3963963963964,-3.034414248501194
216.47647647647648,-2.985526805847963
216.55655655655656,-3.023790165777606
216.63663663663664,-2.954779585801331
216.71671671671672,-2.976622594816201
216.7967967967968,-2.9349246986786666
216.87687687687688,-2.9199000086920774
216.95695695695696,-2.8906821798657227
217.03703703703704,-2.8698298571736705
217.11711711711712,-2.8261966104424268
217.1971971971972,-2.8088808335207873
217.27727727727728,-2.784266732112523
217.35735735735736,-2.7440865637754066
217.43743743743744,-2.6871717084148354
217.51751751751752,-2.6903089078737725
217.5975975975976,-2.623804141726742
217.67767767767768,-2.617750165985009
217.75775775775776,-2.563114752761091
217.83783783783784,-2.520072974479408
217.91791791791792,-2.464031810942084
217.997997997998,-2.441003434869275
218.07807807807808,-2.3740118477422394
218.15815815815816,-2.3411920182588806
218.23823823823824,-2.300506894888405
218.31831831831832,-2.236869908043748
218.3983983983984,-2.1710412096551295
218.47847847847848,-2.1496970199607586
218.55855855855856,-2.080058328664756
218.63863863863864,-2.0491735546120107
218.71871871871872,-1.9862057080239477
218.7987987987988,-1.9142667390620767
218.87887887887888,-1.8518652870136387
218.95895895895896,-1.8382731248157336
219.03903903903904,-1.7595787307243556
219.11911911911912,-1.7137467468505212
219.1991991991992,-1.6208172463585282
219.27927927927928,-1.5616001159351243
219.35935935935936,-1.5132704630372797
219.43943943943944,-1.4869458753621494
219.51951951951952,-1.4149773735399092
219.5995995995996,-1.360941150389265
219.67967967967968,-1.2856062937606185
219.75975975975976,-1.2089994834896847
219.83983983983984,-1.1540237476014599
219.91991991991992,-1.1184274244127332
220.0,-1.0451693963242998
