freq,trans_dB
140.0,-1.784960457584656
140.08008008008008,-1.6828565900349874
140.16016016016016,-1.6360467471837405
140.24024024024024,-1.5661713825386239
140.32032032032032,-1.526753906870358
140.4004004004004,-1.4292663773179033
140.48048048048048,-1.4134978015782202
140.56056056056056,-1.3613160949863645
140.64064064064064,-1.3388920502507082
140.72072072072072,-1.3006244801697322
140.8008008008008,-1.2552514358367368
140.88088088088088,-1.2327656316564206
140.96096096096096,-1.237935600301334
141.04104104104104,-1.2308067789148036
141.12112112112112,-1.2278186989424962
141.2012012012012,-1.2096300758672074
141.28128128128128,-1.2328918097640202
141.36136136136136,-1.255150288313661
141.44144144144144,-1.26387132689465
141.52152152152152,-1.2951369053858297
141.6016016016016,-1.33957290043219
141.68168168168168,-1.3851355424642202
141.76176176176176,-1.41278583406327
141.84184184184184,-1.4519262563229074
141.92192192192192,-1.5004021240935261
142.002002002002,-1.5789750771496953
142.08208208208208,-1.6330985315886122
142.16216216216216,-1.6894993540039076
142.24224224224224,-1.758944492480384
142.32232232232232,-1.8447552736533068
142.4024024024024,-1.9221204679076769
142.48248248248248,-2.004035103364414
142.56256256256256,-2.0715722330418087
142.64264264264264,-2.1759393325773626
142.72272272272272,-2.240842507703177
142.8028028028028,-2.3541941354264586
142.88288288288288,-2.394976059336498
142.96296296296296,-2.5087102745058827
143.04304304304304,-2.5905519331035998
143.12312312312312,-2.7041079408736914
143.2032032032032,-2.760745604741033
143.28328328328328,-2.881691792518402
143.36336336336336,-2.9388781470708496
143.44344344344344,-3.062429775510827
143.52352352352352,-3.1085501743046313
143.6036036036036,-3.230906274184245
143.68368368368368,-3.2936712482328665
143.76376376376376,-3.4308161837378246
143.84384384384384,-3.479222291009589
143.92392392392392,-3.5753462370035565
144.004004004004,-3.663109882915012
144.08408408408408,-3.725511987541064
144.16416416416416,-3.8179744865584344
144.24424424424424,-3.88982825285361
144.32432432432432,-3.9590602638994614
144.4044044044044,-4.034013542036541
144.48448448448448,-4.125450534105631
144.56456456456456,-4.182159429638375
144.64464464464464,-4.238996871415427
144.72472472472472,-4.335258844239959
144.8048048048048,-4.4191985488139585
144.88488488488488,-4.424503319349161
144.96496496496496,-4.540538719813481
145.04504504504504,-4.535811949294569
145.12512512512512,-4.635894793964996
145.2052052052052,-4.670097910317952
145.28528528528528,-4.753622323571193
145.36536536536536,-4.760775992869063
145.44544544544544,-4.831802019408372
145.52552552552552,-4.871691443158015
145.6056056056056,-4.912789160987051
145.68568568568568,-4.938920960309502
145.76576576576576,-5.016776098399271
145.84584584584584,-5.011485025377194
145.92592592592592,-5.066973175132799
146.006006006006,-5.070257348230207
146.08608608608608,-5.088580858963036
146.16616616616616,-5.11813363330668
146.24624624624624,-5.140312090791097
146.32632632632632,-5.157513798709436
146.4064064064064,-5.198185150291103
146.48648648648648,-5.235537360766255
146.56656656656656,-5.233960698818352
146.64664664664664,-5.22391077419083
146.72672672672672,-5.254360772852501
146.8068068068068,-5.262569694561845
146.88688688688688,-5.255493734147082
146.96696696696696,-5.273939490944707
147.04704704704704,-5.245509682834976
147.12712712712712,-5.259017416918283
147.2072072072072,-5.253246127316132
147.28728728728728,-5.226091385333587
147.36736736736736,-5.209822950240495
147.44744744744744,-5.230175563974852
147.52752752752752,-5.207758133335899
147.6076076076076,-5.19696876901185
147.68768768768768,-5.172437914178181
147.76776776776777,-5.173604482537611
147.84784784784785,-5.121343577121952
147.92792792792793,-5.133064864146124
148.008008008008,-5.069934898477657
148.08808808808809,-5.0411098082757375
148.16816816816817,-5.01595692711002
148.24824824824825,-4.980918073611402
148.32832832832833,-4.940965300553791
148.4084084084084,-4.9186672429641485
148.48848848848849,-4.861769609452614
148.56856856856857,-4.801005871202497
148.64864864864865,-4.7854121419687505
148.72872872872873,-4.743539902902079
148.8088088088088,-4.683369094462637
148.88888888888889,-4.642221419143873
148.96896896896897,-4.572114027937469
149.04904904904905,-4.509561660546701
149.12912912912913,-4.470909098977673
149.2092092092092,-4.3839865391202535
149.2892892892893,-4.327189138639824
149.36936936936937,-4.274465865825041
149.44944944944945,-4.216868529733802
149.52952952952953,-4.135624547592393
149.6096096096096,-4.0813771733048645
149.6896896896897,-4.026726712404003
149.76976976976977,-3.9418978186583096
149.84984984984985,-3.8797960120391854
149.92992992992993,-3.802100644425809
150.01001001001,-3.693571437326151
150.0900900900901,-3.632607560338833
150.17017017017017,-3.540490139946762
150.25025025025025,-3.47169760956102
150.33033033033033,-3.388728747184058
150.4104104104104,-3.297386007046539
150.4904904904905,-3.2074055336728424
150.57057057057057,-3.129119823737131
150.65065065065065,-3.060104596484795
150.73073073073073,-2.9736666260278555
150.8108108108108,-2.889688576959146
150.8908908908909,-2.803488942994474
150.97097097097097,-2.701822302266059
151.05105105105105,-2.6125980618913136
151.13113113113113,-2.5288695466416167
151.2112112112112,-2.4505045971431
151.2912912912913,-2.3648021569819777
151.37137137137137,-2.2844739510234273
151.45145145145145,-2.2015590424477818
151.53153153153153,-2.1341095550717193
151.6116116116116,-2.067260186401233
151.6916916916917,-1.980957818250289
151.77177177177177,-1.9034794039822236
151.85185185185185,-1.826466421836145
151.93193193193193,-1.7587362981577492
152.012012012012,-1.6928907780980837
152.0920920920921,-1.6436593706578548
152.17217217217217,-1.5856381708678313
152.25225225225225,-1.535070403690847
152.33233233233233,-1.4832244343832064
152.4124124124124,-1.4433922345358723
152.4924924924925,-1.419480226031656
152.57257257257257,-1.3772969445890282
152.65265265265265,-1.3534139878907794
152.73273273273273,-1.3329306467617623
152.8128128128128,-1.3179772998072963
152.8928928928929,-1.3106415969368659
152.97297297297297,-1.3147142190142926
153.05305305305305,-1.3185967878232054
153.13313313313313,-1.3324667931394987
153.2132132132132,-1.3373994951546362
153.2932932932933,-1.3582017292353241
153.37337337337337,-1.3801860474307708
153.45345345345345,-1.4243314341884437
153.53353353353353,-1.4470107996527375
153.6136136136136,-1.5024457431566862
153.6936936936937,-1.538345849615015
153.77377377377377,-1.5893600408821973
153.85385385385385,-1.6485480139198625
153.93393393393393,-1.71623186601452
154.014014014014,-1.7636321325469273
154.0940940940941,-1.8344390694549453
154.17417417417417,-1.8894171475515402
154.25425425425425,-1.9654325887404784
154.33433433433433,-2.0355191235439962
154.4144144144144,-2.123696005700516
154.4944944944945,-2.17974046226693
154.57457457457457,-2.2762928902462414
154.65465465465465,-2.3715270489406484
154.73473473473473,-2.4435815136025956
154.8148148148148,-2.5244283884828116
154.8948948948949,-2.6096192247517895
154.97497497497497,-2.6939711923212597
155.05505505505505,-2.7804768031281157
155.13513513513513,-2.8515484281672903
155.2152152152152,-2.9468814554823908
155.2952952952953,-3.0282857954330122
155.37537537537537,-3.136536291985849
155.45545545545545,-3.21801423387416
155.53553553553553,-3.288243093905538
155.6156156156156,-3.379381445611832
155.6956956956957,-3.4421388248487017
155.77577577577577,-3.5268631040220346
155.85585585585585,-3.627829429145045
155.93593593593593,-3.6845753374802044
156.016016016016,-3.759542765746385
156.0960960960961,-3.8500569027867795
156.17617617617617,-3.918606322117219
156.25625625625625,-3.9844157329023817
156.33633633633633,-4.068519593138022
156.4164164164164,-4.1436515848127975
156.4964964964965,-4.197193450769859
156.57657657657657,-4.280088579355447
156.65665665665665,-4.3310002285165385
156.73673673673673,-4.389991972594448
156.8168168168168,-4.465760662093711
156.8968968968969,-4.526237867240958
156.97697697697697,-4.565515220510298
157.05705705705705,-4.643051509995583
157.13713713713713,-4.686793087351298
157.2172172172172,-4.7358422959537645
157.2972972972973,-4.7956786913977645
157.37737737737737,-4.828545292111139
157.45745745745745,-4.876867258276248
157.53753753753753,-4.934192023135263
157.6176176176176,-4.963756770132403
157.6976976976977,-4.987996080949685
157.77777777777777,-5.039539200512691
157.85785785785785,-5.084764440098158
157.93793793793793,-5.095165956825465
158.018018018018,-5.131210597863264
158.0980980980981,-5.153538858302517
158.17817817817817,-5.149444563044288
158.25825825825825,-5.21452003583862
158.33833833833833,-5.218643967910225
158.4184184184184,-5.245191460779099
158.4984984984985,-5.256835404098507
158.57857857857857,-5.273116624722377
158.65865865865865,-5.268269433273393
158.73873873873873,-5.27529854582794
158.8188188188188,-5.295394842120916
158.8988988988989,-5.290950740142961
158.97897897897897,-5.289005719310259
159.05905905905905,-5.302595546652047
159.13913913913913,-5.276631070253514
159.2192192192192,-5.286086474367613
159.2992992992993,-5.267707027602417
159.37937937937937,-5.2594773124710406
159.45945945945945,-5.228007348050807
159.53953953953953,-5.229880747934481
159.6196196196196,-5.200348756953207
159.6996996996997,-5.177544428182409
159.77977977977977,-5.168537054871376
159.85985985985985,-5.140003559988502
159.93993993993993,-5.114658415140035
160.02002002002,-5.075666830796427
160.1001001001001,-5.021856802518037
160.18018018018017,-4.996989987223599
160.26026026026025,-4.95758178169264
160.34034034034033,-4.927621054973631
160.4204204204204,-4.88429128554137
160.5005005005005,-4.828341103861933
160.58058058058057,-4.7889445624247875
160.66066066066065,-4.731437427420996
160.74074074074073,-4.691649482911217
160.8208208208208,-4.644554074033449
160.9009009009009,-4.588904375630647
160.98098098098097,-4.530498461540629
161.06106106106105,-4.4722935172770315
161.14114114114113,-4.402010984581595
161.2212212212212,-4.329988227459363
161.3013013013013,-4.270806457978232
161.38138138138137,-4.208468081019023
161.46146146146145,-4.1404805937948
161.54154154154153,-4.070490631144005
161.6216216216216,-3.9957193295191122
161.7017017017017,-3.929619298514742
161.78178178178177,-3.8582038118925195
161.86186186186185,-3.774092116161002
161.94194194194193,-3.696082061729754
162.022022022022,-3.603446480992618
162.1021021021021,-3.5351301247410047
162.18218218218217,-3.448957207821837
162.26226226226225,-3.3816559849724688
162.34234234234233,-3.2918968095761674
162.42242242242241,-3.2064222215316396
162.5025025025025,-3.1271525171491845
162.58258258258257,-3.0372929722392503
162.66266266266265,-2.955852750568221
162.74274274274273,-2.8806170044175974
162.82282282282281,-2.7852345660791324
162.9029029029029,-2.704930134644063
162.98298298298297,-2.6147323987782967
163.06306306306305,-2.5255928877423406
163.14314314314313,-2.4434217446731745
163.22322322322321,-2.370858546488048
163.3033033033033,-2.283832826995202
163.38338338338338,-2.2133019131854477
163.46346346346346,-2.1371718646777844
163.54354354354354,-2.058112050012552
163.62362362362362,-1.9942006441948992
163.7037037037037,-1.9144132215917402
163.78378378378378,-1.8419948995253839
163.86386386386386,-1.7763859431743163
163.94394394394394,-1.7277203552575158
164.02402402402402,-1.6708902126469787
164.1041041041041,-1.6383589842654465
164.18418418418418,-1.5802662026637964
164.26426426426426,-1.5418254338187987
164.34434434434434,-1.504954373455064
164.42442442442442,-1.487400635406209
164.5045045045045,-1.451680110760942
164.58458458458458,-1.4404219459664933
164.66466466466466,-1.4181875211923962
164.74474474474474,-1.4198798131744144
164.82482482482482,-1.4137671484039642
164.9049049049049,-1.417905233146944
164.98498498498498,-1.4225685516159412
165.06506506506506,-1.4457520218543098
165.14514514514514,-1.4577068152256907
165.22522522522522,-1.4857886553052466
165.3053053053053,-1.5199832638395925
165.38538538538538,-1.5644739213033323
165.46546546546546,-1.5977077446676888
165.54554554554554,-1.6401868026250537
165.62562562562562,-1.692672551212209
165.7057057057057,-1.747237877371508
165.78578578578578,-1.8039646099334816
165.86586586586586,-1.8569533914486624
165.94594594594594,-1.9173636282889133
166.02602602602602,-1.9837370640559888
166.1061061061061,-2.0521475316112676
166.18618618618618,-2.1173636037936787
166.26626626626626,-2.198910563194544
166.34634634634634,-2.269784089570692
166.42642642642642,-2.3492493339574043
166.5065065065065,-2.421380299736274
166.58658658658658,-2.500402218452374
166.66666666666666,-2.5679811288917405
166.74674674674674,-2.6632309443307998
166.82682682682682,-2.738382694789816
166.9069069069069,-2.8260074053535154
166.98698698698698,-2.905655964946193
167.06706706706706,-2.984700438443568
167.14714714714714,-3.0575503953183585
167.22722722722722,-3.154540709654626
167.3073073073073,-3.2333314106084043
167.38738738738738,-3.307380838811575
167.46746746746746,-3.3819960049378506
167.54754754754754,-3.457059226902858
167.62762762762762,-3.5212649793552693
167.7077077077077,-3.612990198889212
167.78778778778778,-3.6895777778408876
167.86786786786786,-3.754854595844847
167.94794794794794,-3.82793508733868
168.02802802802802,-3.9040418406827584
168.1081081081081,-3.972726642201551
168.18818818818818,-4.041796808999747
168.26826826826826,-4.11004024230763
168.34834834834834,-4.151215863130697
168.42842842842842,-4.228844666073583
168.5085085085085,-4.295747687175824
168.58858858858858,-4.356284268507296
168.66866866866866,-4.407152893251456
168.74874874874874,-4.485425509782507
168.82882882882882,-4.526992554540531
168.9089089089089,-4.590025887588295
168.98898898898898,-4.634089555180308
169.06906906906906,-4.690020972680978
169.14914914914914,-4.717134054346055
169.22922922922922,-4.779229757302603
169.3093093093093,-4.800244484263732
169.38938938938938,-4.865382239819027
169.46946946946946,-4.908252473211416
169.54954954954954,-4.94789976590447
169.62962962962962,-4.969740671035453
169.7097097097097,-5.02463414601704
169.78978978978978,-5.04013221097564
169.86986986986986,-5.081437305434335
169.94994994994994,-5.105954777263702
170.03003003003002,-5.1285771186005755
170.1101101101101,-5.1412656706823086
170.19019019019018,-5.175876161384061
170.27027027027026,-5.180035680078611
170.35035035035034,-5.1995805697916895
170.43043043043042,-5.22310318432466
170.5105105105105,-5.237921387184794
170.59059059059058,-5.25011719029331
170.67067067067066,-5.261024690501671
170.75075075075074,-5.257793610348897
170.83083083083082,-5.256582485852807
170.9109109109109,-5.267050150315168
170.99099099099098,-5.250999401810244
171.07107107107106,-5.237850495099998
171.15115115115114,-5.2363887966891625
171.23123123123122,-5.229083344726739
171.3113113113113,-5.208437685015994
171.39139139139138,-5.220503456593238
171.47147147147146,-5.198931824358092
171.55155155155154,-5.181969591739594
171.63163163163162,-5.166366940628595
171.7117117117117,-5.131025531281088
171.79179179179178,-5.087881519433762
171.87187187187186,-5.082284125669405
171.95195195195194,-5.044274604125144
172.03203203203202,-5.007481403454642
172.11211211211213,-4.963251137570401
172.19219219219218,-4.9273628472516835
172.2722722722723,-4.8651119841301265
172.35235235235234,-4.855716361979359
172.43243243243245,-4.803059718178619
172.5125125125125,-4.756395612881967
172.5925925925926,-4.695605926384875
172.67267267267266,-4.650609298304065
172.75275275275277,-4.582764258698539
172.83283283283282,-4.538226052028907
172.91291291291293,-4.468264877816822
172.99299299299298,-4.413316316503847
173.0730730730731,-4.342417231931717
173.15315315315314,-4.284441969066407
173.23323323323325,-4.216514323084462
173.3133133133133,-4.165877534703137
173.3933933933934,-4.087953096014265
173.47347347347346,-4.008434976162419
173.55355355355357,-3.9342032909040303
173.63363363363362,-3.8606282014370428
173.71371371371373,-3.773816736579434
173.79379379379378,-3.709058274675441
173.8738738738739,-3.63180793176948
173.95395395395394,-3.5503085276130966
174.03403403403405,-3.4720893682860274
174.1141141141141,-3.3906137741474427
174.1941941941942,-3.3022399484986944
174.27427427427426,-3.221681947889087
174.35435435435437,-3.1463635077015497
174.43443443443442,-3.0607338374570965
174.51451451451453,-2.978019172865519
174.59459459459458,-2.892436499959017
174.6746746746747,-2.799121338322652
174.75475475475474,-2.7212101055331757
174.83483483483485,-2.652567078596649
174.9149149149149,-2.560230885100545
174.994994994995,-2.480578917554075
175.07507507507506,-2.401982370777791
175.15515515515517,-2.3277313300311655
175.23523523523522,-2.242991013068316
175.31531531531533,-2.170257530503477
175.39539539539538,-2.099005993497001
175.4754754754755,-2.0449484928999384
175.55555555555554,-1.973955621371384
175.63563563563565,-1.9044028525210104
175.7157157157157,-1.8415751937985856
175.7957957957958,-1.7973178888538623
175.87587587587586,-1.7497195070804328
175.95595595595597,-1.7076661771813413
176.03603603603602,-1.662303792059138
176.11611611611613,-1.6308107702981642
176.19619619619618,-1.5943192799893258
176.2762762762763,-1.566820014699479
176.35635635635634,-1.538627594791228
176.43643643643645,-1.5329450651680678
176.5165165165165,-1.5267135848850646
176.5965965965966,-1.5166764746031967
176.67667667667666,-1.5057321922353766
176.75675675675677,-1.516020744496596
176.83683683683682,-1.5363115348628462
176.91691691691693,-1.5589416359647763
176.99699699699698,-1.5676259644905064
177.0770770770771,-1.593276651471633
177.15715715715714,-1.625936592454956
177.23723723723725,-1.663042186777054
177.3173173173173,-1.6990386812927731
177.3973973973974,-1.7441199796794986
177.47747747747746,-1.7856462205445083
177.55755755755757,-1.8404136021583088
177.63763763763762,-1.8964475234333926
177.71771771771773,-1.9562493721352137
177.79779779779778,-2.0187666798525936
177.8778778778779,-2.0860686339812773
177.95795795795794,-2.15338989783701
178.03803803803805,-2.218329218541589
178.1181181181181,-2.29090317344235
178.1981981981982,-2.355770579327228
178.27827827827826,-2.4274103290277176
178.35835835835837,-2.5100033225284637
178.43843843843842,-2.5826067694598995
178.51851851851853,-2.655405321107323
178.59859859859858,-2.735434559066767
178.6786786786787,-2.8148292539979516
178.75875875875874,-2.8936693179125723
178.83883883883885,-2.9695232698091067
178.9189189189189,-3.043967558045215
178.998998998999,-3.1165877095140355
179.07907907907907,-3.195727973141169
179.15915915915917,-3.2707135604578315
179.23923923923923,-3.3461604858497345
179.31931931931933,-3.4276960829517287
179.39939939939939,-3.49266440293679
179.4794794794795,-3.561409092803342
179.55955955955955,-3.6414088906743944
179.63963963963965,-3.7238916305912584
179.7197197197197,-3.7933928322708286
179.7997997997998,-3.8509515179798157
179.87987987987987,-3.917365054651382
179.95995995995997,-3.9807780394727605
180.04004004004003,-4.04593805346978
180.12012012012013,-4.10593195988511
180.2002002002002,-4.166238618688276
180.2802802802803,-4.231854033309238
180.36036036036035,-4.291537841119881
180.44044044044045,-4.340291842337331
180.5205205205205,-4.390954891947797
180.60060060060061,-4.456022437908406
180.68068068068067,-4.510802448280368
180.76076076076077,-4.560896426413682
180.84084084084083,-4.605930518646481
180.92092092092093,-4.638589420332832
181.001001001001,-4.680854908776827
181.0810810810811,-4.738752219421662
181.16116116116115,-4.779693141256162
181.24124124124126,-4.811079004089472
181.3213213213213,-4.836474774373131
181.40140140140142,-4.865712202716624
181.48148148148147,-4.907348993165556
181.56156156156158,-4.939264082306747
181.64164164164163,-4.9720198106077484
181.72172172172174,-4.996003636792272
181.8018018018018,-5.018911797602408
181.8818818818819,-5.035140253295459
181.96196196196195,-5.061535341406004
182.04204204204206,-5.086391610103787
182.1221221221221,-5.09835227831985
182.20220220220222,-5.109401554900414
182.28228228228227,-5.1193474184251695
182.36236236236238,-5.13935910073889
182.44244244244243,-5.15177010542992
182.52252252252254,-5.1618175298552345
182.6026026026026,-5.160597716114574
182.6826826826827,-5.166561447206965
182.76276276276275,-5.176476364794787
182.84284284284286,-5.1663117134128465
182.9229229229229,-5.164910079256511
183.00300300300302,-5.160313612486616
183.08308308308307,-5.146791285520522
183.16316316316318,-5.128842816465082
183.24324324324323,-5.11602478393642
183.32332332332334,-5.103568758533559
183.4034034034034,-5.088854267889893
183.4834834834835,-5.066626254975805
183.56356356356355,-5.047503732368323
183.64364364364366,-5.027557313214237
183.7237237237237,-5.003443686053731
183.80380380380382,-4.967626168565746
183.88388388388387,-4.93826060469433
183.96396396396398,-4.913340869236038
184.04404404404403,-4.879834805061116
184.12412412412414,-4.836196933749853
184.2042042042042,-4.794769523249726
184.2842842842843,-4.760084563962229
184.36436436436435,-4.711483527576455
184.44444444444446,-4.671648049366655
184.5245245245245,-4.616472206166327
184.60460460460462,-4.56143837528796
184.68468468468467,-4.512456233219109
184.76476476476478,-4.454568965444913
184.84484484484483,-4.397573538031227
184.92492492492494,-4.331662197780352
185.005005005005,-4.281862105957057
185.0850850850851,-4.215970306078974
185.16516516516515,-4.159686667954207
185.24524524524526,-4.090363013776038
185.3253253253253,-4.007364760010311
185.40540540540542,-3.931469601516316
185.48548548548547,-3.8696763448827918
185.56556556556558,-3.797944476296776
185.64564564564563,-3.7116507883279137
185.72572572572574,-3.64531952826565
185.8058058058058,-3.571338366825785
185.8858858858859,-3.4915373757574346
185.96596596596595,-3.4320351172219774
186.04604604604606,-3.344405404731143
186.1261261261261,-3.2511874264153473
186.20620620620622,-3.16716562712622
186.28628628628627,-3.0832925940408877
186.36636636636638,-3.0059805502090344
186.44644644644643,-2.934932992708526
186.52652652652654,-2.8515457985433494
186.6066066066066,-2.767431060427154
186.6866866866867,-2.695949628393141
186.76676676676675,-2.6098534828320066
186.84684684684686,-2.524538374068986
186.9269269269269,-2.4532876466163915
187.00700700700702,-2.382157162588386
187.08708708708707,-2.3143048239804624
187.16716716716718,-2.2416511860259067
187.24724724724723,-2.1636577424632186
187.32732732732734,-2.104186194754394
187.4074074074074,-2.0531411568808537
187.4874874874875,-1.989467482301547
187.56756756756755,-1.9281184638555695
187.64764764764766,-1.8765405831041153
187.7277277277277,-1.8327089033058344
187.80780780780782,-1.792820372074873
187.88788788788787,-1.7556020851795808
187.96796796796798,-1.7095949511970463
188.04804804804803,-1.6799230738204176
188.12812812812814,-1.656545270841653
188.2082082082082,-1.6404368610923241
188.2882882882883,-1.6266709554112
188.36836836836835,-1.622345823971905
188.44844844844846,-1.6128424307808966
188.5285285285285,-1.6157499299927567
188.60860860860862,-1.6235062183100795
188.68868868868867,-1.6286267090826865
188.76876876876878,-1.6505866758291698
188.84884884884883,-1.6774914135739156
188.92892892892894,-1.6997481125025753
189.009009009009,-1.7291394569822165
189.0890890890891,-1.7660100341119747
189.16916916916915,-1.799031558561309
189.24924924924926,-1.8444419425907133
189.3293293293293,-1.8902836042662208
189.40940940940942,-1.9338170206255574
189.48948948948947,-1.9982760065744332
189.56956956956958,-2.0485314684243403
189.64964964964963,-2.112132200296117
189.72972972972974,-2.176477857892117
189.8098098098098,-2.2451400426468386
189.8898898898899,-2.301371855077023
189.96996996996995,-2.370578439162414
190.05005005005006,-2.4490912086508243
190.1301301301301,-2.527586938508515
190.21021021021022,-2.607706802936745
190.29029029029027,-2.6712391168027714
190.37037037037038,-2.7453277305922748
190.45045045045043,-2.8241618077174007
190.53053053053054,-2.8976257326870147
190.6106106106106,-2.975877819536621
190.6906906906907,-3.0546024556803144
190.77077077077075,-3.1330406867565483
190.85085085085086,-3.2082209160757915
190.9309309309309,-3.275573609124034
191.01101101101102,-3.3500940744533128
191.09109109109107,-3.4286895584243102
191.17117117117118,-3.5112151012869894
191.25125125125123,-3.5800664283326196
191.33133133133134,-3.648939596904877
191.41141141141142,-3.7157530332189164
191.4914914914915,-3.7874284786235566
191.57157157157158,-3.860647682332068
191.65165165165166,-3.9318144186185195
191.73173173173174,-3.9930774673740252
191.81181181181182,-4.057263905212219
191.8918918918919,-4.119743886681447
191.97197197197198,-4.186659735650393
192.05205205205206,-4.233445460852598
192.13213213213214,-4.302193290560849
192.21221221221222,-4.351554175569306
192.2922922922923,-4.410856546005564
192.37237237237238,-4.46695517022656
192.45245245245246,-4.518531250686198
192.53253253253254,-4.569267334804858
192.61261261261262,-4.625723604945814
192.6926926926927,-4.659916040972943
192.77277277277278,-4.702861824099592
192.85285285285286,-4.7499509933044415
192.93293293293294,-4.784441472277754
193.01301301301302,-4.826475538046341
193.0930930930931,-4.870427316090112
193.17317317317318,-4.902365472991786
193.25325325325326,-4.9324560859701965
193.33333333333334,-4.9565217221793905
193.41341341341342,-4.985380048425749
193.4934934934935,-5.002159886128341
193.57357357357358,-5.029637839422881
193.65365365365366,-5.051768259854685
193.73373373373374,-5.071058960968143
193.81381381381382,-5.099733172006629
193.8938938938939,-5.117193855715298
193.97397397397398,-5.120154914671172
194.05405405405406,-5.114906687463138
194.13413413413414,-5.134571802947593
194.21421421421422,-5.147102499137723
194.2942942942943,-5.16190518337581
194.37437437437438,-5.163655910993052
194.45445445445446,-5.159098227356471
194.53453453453454,-5.1600872759712
194.61461461461462,-5.16232629104531
194.6946946946947,-5.142078960267891
194.77477477477478,-5.1478861838378895
194.85485485485486,-5.150682937781757
194.93493493493494,-5.1453032698694985
195.01501501501502,-5.131929298566681
195.0950950950951,-5.122517293278447
195.17517517517518,-5.093226219867088
195.25525525525526,-5.073922923352464
195.33533533533534,-5.058363288654858
195.41541541541542,-5.024590716827259
195.4954954954955,-5.004480074328232
195.57557557557558,-4.9932962433615335
195.65565565565566,-4.962366665237552
195.73573573573574,-4.9244890163765165
195.81581581581582,-4.891445628944374
195.8958958958959,-4.854877298483736
195.97597597597598,-4.821312407474918
196.05605605605606,-4.782640218295865
196.13613613613614,-4.747969442426816
196.21621621621622,-4.701701910664326
196.2962962962963,-4.663558216247651
196.37637637637638,-4.603746728244886
196.45645645645646,-4.555520269073582
196.53653653653654,-4.4996303044310695
196.61661661661662,-4.459901509066287
196.6966966966967,-4.405117197607803
196.77677677677679,-4.345532823976096
196.85685685685687,-4.294501086042085
196.93693693693695,-4.246265977246778
197.01701701701703,-4.16686781674773
197.0970970970971,-4.1061345926338735
197.17717717717719,-4.0305183642529805
197.25725725725727,-3.974221559424215
197.33733733733735,-3.910246845630022
197.41741741741743,-3.8352340128191513
197.4974974974975,-3.7601436085748996
197.57757757757759,-3.695900806258546
197.65765765765767,-3.619467251081729
197.73773773773775,-3.540229882656877
197.81781781781783,-3.4692178199907393
197.8978978978979,-3.3951270539837957
197.977977977978,-3.3128232596152594
198.05805805805807,-3.245137943605832
198.13813813813815,-3.164322238170378
198.21821821821823,-3.089190102234173
198.2982982982983,-3.0179143008015545
198.3783783783784,-2.9357909230478687
198.45845845845847,-2.847028406408186
198.53853853853855,-2.773487321425832
198.61861861861863,-2.6953976487518356
198.6986986986987,-2.619823960517976
198.7787787787788,-2.5450783503061922
198.85885885885887,-2.478149881426529
198.93893893893895,-2.399104988688646
199.01901901901903,-2.3281255076645087
199.0990990990991,-2.2597125506620563
199.1791791791792,-2.196569015744477
199.25925925925927,-2.1365011011231294
199.33933933933935,-2.0861455808607943
199.41941941941943,-2.0271966757292272
199.4994994994995,-1.9729502484814734
199.5795795795796,-1.9238666327934655
199.65965965965967,-1.887175285176402
199.73973973973975,-1.8527416998681276
199.81981981981983,-1.8149945313454967
199.8998998998999,-1.7906334491378801
199.97997997998,-1.766582442625044
200.06006006006007,-1.7492602848587968
200.14014014014015,-1.7326046081764603
200.22022022022023,-1.735992161755888
200.3003003003003,-1.7221967494599273
200.3803803803804,-1.7216892907668646
200.46046046046047,-1.7256143940841755
200.54054054054055,-1.7291367253072092
200.62062062062063,-1.746507761494557
200.7007007007007,-1.7702788096178685
200.7807807807808,-1.8022087337304737
200.86086086086087,-1.8357201152651517
200.94094094094095,-1.8685563092495512
201.02102102102103,-1.9098515306284016
201.1011011011011,-1.9536171543174454
201.1811811811812,-1.9994234686496934
201.26126126126127,-2.046736357915678
201.34134134134135,-2.112135041932073
201.42142142142143,-2.1692321844980773
201.5015015015015,-2.2340640351321883
201.5815815815816,-2.28842445646629
201.66166166166167,-2.362336014544611
201.74174174174175,-2.4169062373512253
201.82182182182183,-2.5031267922558342
201.9019019019019,-2.555194856035041
201.981981981982,-2.636370316606836
202.06206206206207,-2.710177444707699
202.14214214214215,-2.7858783504485842
202.22222222222223,-2.852942788770926
202.3023023023023,-2.942499714825638
202.3823823823824,-3.0097558196715717
202.46246246246247,-3.07943416749594
202.54254254254255,-3.167863524884844
202.62262262262263,-3.2351477803343682
202.7027027027027,-3.3153513912235426
202.7827827827828,-3.4093152265947704
202.86286286286287,-3.476368916693122
202.94294294294295,-3.557759801552832
203.02302302302303,-3.6246013601374316
203.1031031031031,-3.690821857630635
203.1831831831832,-3.7608571171400498
203.26326326326327,-3.8534739965603952
203.34334334334335,-3.911277331591942
203.42342342342343,-3.979241679300491
203.5035035035035,-4.058273785700024
203.5835835835836,-4.124560359856668
203.66366366366367,-4.175294583811986
203.74374374374375,-4.246662024460449
203.82382382382383,-4.295562283089371
203.9039039039039,-4.360983548010169
203.983983983984,-4.42368856263012
204.06406406406407,-4.4700491456051905
204.14414414414415,-4.516263357446973
204.22422422422423,-4.586379114277301
204.3043043043043,-4.615821454173067
204.3843843843844,-4.67282726688247
204.46446446446447,-4.730907369540692
204.54454454454455,-4.7802542638525125
204.62462462462463,-4.812213695730692
204.7047047047047,-4.8562888166584575
204.7847847847848,-4.878584713577848
204.86486486486487,-4.9416497873065115
204.94494494494495,-4.970952232538981
205.02502502502503,-5.002171479632289
205.1051051051051,-5.02834951308928
205.1851851851852,-5.065151473279245
205.26526526526527,-5.103525756626155
205.34534534534535,-5.114356658852583
205.42542542542543,-5.158985038965735
205.5055055055055,-5.155645718827065
205.5855855855856,-5.184421859901385
205.66566566566567,-5.184414319674442
205.74574574574575,-5.22652411134315
205.82582582582583,-5.226645731319104
205.9059059059059,-5.2335384240498275
205.985985985986,-5.2269095237532195
206.06606606606607,-5.246560180091264
206.14614614614615,-5.2415682157607675
206.22622622622623,-5.266204582099701
206.3063063063063,-5.231988327304368
206.3863863863864,-5.2565445710218555
206.46646646646647,-5.228976420472818
206.54654654654655,-5.226718149396036
206.62662662662663,-5.195113809518329
206.7067067067067,-5.2177224030471345
206.7867867867868,-5.172560351307973
206.86686686686687,-5.186748086523557
206.94694694694695,-5.164466744036472
207.02702702702703,-5.1676645112765875
207.1071071071071,-5.078773626714267
207.1871871871872,-5.099841336729424
207.26726726726727,-5.06248878851349
207.34734734734735,-5.030870449560492
207.42742742742743,-5.005228739666074
207.5075075075075,-4.960571676041434
207.5875875875876,-4.942324567470453
207.66766766766767,-4.8975237593927305
207.74774774774775,-4.879945552283238
207.82782782782783,-4.8084863683576
207.9079079079079,-4.794838202405738
207.987987987988,-4.746924246756341
208.06806806806807,-4.689287422584297
208.14814814814815,-4.641894835840743
208.22822822822823,-4.616727294833341
208.3083083083083,-4.531523042935932
208.3883883883884,-4.520881233159294
208.46846846846847,-4.404960541317989
208.54854854854855,-4.383299188773895
208.62862862862863,-4.309877904561729
208.7087087087087,-4.297590991513504
208.7887887887888,-4.187225128070833
208.86886886886887,-4.1607376303976755
208.94894894894895,-4.0742579819267215
209.02902902902903,-4.0238299033836915
209.1091091091091,-3.9279089990451
209.1891891891892,-3.8897419153041515
209.26926926926927,-3.7825252967382643
209.34934934934935,-3.766599643109728
209.42942942942943,-3.6418410518141955
209.5095095095095,-3.6055735486466016
209.5895895895896,-3.4801259246875285
209.66966966966967,-3.478316264744416
209.74974974974975,-3.338490341913703
209.82982982982983,-3.2990060792532563
209.9099099099099,-3.1970754422970526
209.98998998999,-3.1613180249384087
210.07007007007007,-3.061785868253204
210.15015015015015,-3.0083258780324287
210.23023023023023,-2.888465504448483
210.3103103103103,-2.8454415857675364
210.3903903903904,-2.763662252914595
210.47047047047047,-2.7032880773244354
210.55055055055055,-2.61278119247475
210.63063063063063,-2.5735872466358654
210.7107107107107,-2.479783091961523
210.7907907907908,-2.430552314328781
210.87087087087087,-2.3386815929228106
210.95095095095095,-2.295097337101932
211.03103103103103,-2.2164789625048336
211.11111111111111,-2.1835061820973687
211.1911911911912,-2.09204753119491
211.27127127127127,-2.0625935867659693
211.35135135135135,-2.0223762886925916
211.43143143143143,-1.986125462250003
211.51151151151151,-1.9265902212375912
211.5915915915916,-1.8941844697215269
211.67167167167167,-1.8551709562003207
211.75175175175175,-1.8599245204542914
211.83183183183183,-1.8365109805192732
211.91191191191191,-1.7977401416349221
211.991991991992,-1.8176706081510798
212.07207207207207,-1.7838891322273636
212.15215215215215,-1.8106502773682087
212.23223223223223,-1.7706385306972168
212.31231231231232,-1.809606151794837
212.3923923923924,-1.8115768485198236
212.47247247247248,-1.8509722869635572
212.55255255255256,-1.8511412464309709
212.63263263263264,-1.880966840788463
212.71271271271272,-1.9063560880573442
212.7927927927928,-1.9630332927403398
212.87287287287288,-2.006116920749831
212.95295295295296,-2.0354945670452085
213.03303303303304,-2.0810857104231983
213.11311311311312,-2.128964233660491
213.1931931931932,-2.2003114933847447
213.27327327327328,-2.252311349943355
213.35335335335336,-2.348987871415366
213.43343343343344,-2.39373563009058
213.51351351351352,-2.4532933520967357
213.5935935935936,-2.5293498076696284
213.67367367367368,-2.581526790741649
213.75375375375376,-2.6694072781404605
213.83383383383384,-2.749332483657461
213.91391391391392,-2.823404005038744
213.993993993994,-2.869097206726673
214.07407407407408,-2.9577512034346287
214.15415415415416,-3.0440864143337665
214.23423423423424,-3.138077575348896
214.31431431431432,-3.2002434507443978
214.3943943943944,-3.289710025258022
214.47447447447448,-3.36355991171027
214.55455455455456,-3.4516673372160076
214.63463463463464,-3.5365765339887036
214.71471471471472,-3.579867220482051
214.7947947947948,-3.6987337533152624
214.87487487487488,-3.76885366259864
214.95495495495496,-3.833378210681738
215.03503503503504,-3.8978984724052754
215.11511511511512,-3.977886991576032
215.1951951951952,-4.04500617414931
215.27527527527528,-4.117839440489329
215.35535535535536,-4.199938901274793
215.43543543543544,-4.2708564978071495
215.51551551551552,-4.3150042043982095
215.5955955955956,-4.407330345459045
215.67567567567568,-4.429833261520744
215.75575575575576,-4.531916482565204
215.83583583583584,-4.5589215301219435
215.91591591591592,-4.643986815174751
215.995995995996,-4.673846789060876
216.07607607607608,-4.715970556041601
216.15615615615616,-4.761212903151845
216.23623623623624,-4.835796376259021
216.31631631631632,-4.867023217483297
216.3963963963964,-4.92710750175227
216.47647647647648,-4.939113678480714
216.55655655655656,-5.017816516197275
216.63663663663664,-5.022884478685013
216.71671671671672,-5.113257808579752
216.7967967967968,-5.12313712823855
216.87687687687688,-5.155513555268972
216.95695695695696,-5.2082046868000695
217.03703703703704,-5.21206175777811
217.11711711711712,-5.244476236791342
217.1971971971972,-5.26942932652071
217.27727727727728,-5.284700766812302
217.35735735735736,-5.311957771359601
217.43743743743744,-5.301412203464811
217.51751751751752,-5.354139671224697
217.5975975975976,-5.3482832650052545
217.67767767767768,-5.384768528787658
217.75775775775776,-5.383732074850989
217.83783783783784,-5.405137421727514
217.91791791791792,-5.39795968631799
217.997997997998,-5.397073101445772
218.07807807807808,-5.390064204093251
218.15815815815816,-5.39943073555227
218.23823823823824,-5.3757502722395945
218.31831831831832,-5.397027357293636
218.3983983983984,-5.3708259844514235
218.47847847847848,-5.381887776904195
218.55855855855856,-5.34369799352944
218.63863863863864,-5.3422446016929666
218.71871871871872,-5.331157632401558
218.7987987987988,-5.282292092786489
218.87887887887888,-5.257590351230335
218.95895895895896,-5.259340231049236
219.03903903903904,-5.259259391231632
219.11911911911912,-5.210588085038579
219.1991991991992,-5.172863897478597
219.27927927927928,-5.0966437432345835
219.35935935935936,-5.086310606067183
219.43943943943944,-5.1062985519689015
219.51951951951952,-5.0359675847233625
219.5995995995996,-5.050235981914141
219.67967967967968,-4.975254762208887
219.75975975975976,-4.942875890459584
219.83983983983984,-4.8521119732641145
219.91991991991992,-4.843316002608694
220.0,-4.7686952780943
