freq,trans_dB
140.0,-1.942701527384656
140.08008008008008,-1.8496207138163083
140.16016016016016,-1.804544212935011
140.24024024024024,-1.7172912587323166
140.32032032032032,-1.6854694056855943
140.4004004004004,-1.583235870911967
140.48048048048048,-1.5724372211453983
140.56056056056056,-1.516234915153752
140.64064064064064,-1.487455780483681
140.72072072072072,-1.450420104760273
140.8008008008008,-1.4107976067670167
140.88088088088088,-1.3905352952183923
140.96096096096096,-1.3900843246156587
141.04104104104104,-1.378639214800971
141.12112112112112,-1.3710396963759695
141.2012012012012,-1.3539206992309605
141.28128128128128,-1.3796453633883548
141.36136136136136,-1.3935205190630497
141.44144144144144,-1.4042867387031182
141.52152152152152,-1.4243759631464108
141.6016016016016,-1.4656151421198997
141.68168168168168,-1.5041427998324182
141.76176176176176,-1.5366717823215768
141.84184184184184,-1.5816032430676727
141.92192192192192,-1.6191634720261983
142.002002002002,-1.6991131879747603
142.08208208208208,-1.7447153077458093
142.16216216216216,-1.8007325884039078
142.24224224224224,-1.8704622950983227
142.32232232232232,-1.9511877840973628
142.4024024024024,-2.021143810753533
142.48248248248248,-2.1014458972573076
142.56256256256256,-2.166001715020307
142.64264264264264,-2.270412859213458
142.72272272272272,-2.336216943933567
142.8028028028028,-2.449999324101745
142.88288288288288,-2.484335329894426
142.96296296296296,-2.6035400457584763
143.04304304304304,-2.6797297730935923
143.12312312312312,-2.7849665924516804
143.2032032032032,-2.8323357066165182
143.28328328328328,-2.954237357442196
143.36336336336336,-3.010768279986796
143.44344344344344,-3.130264606722949
143.52352352352352,-3.1814383920693867
143.6036036036036,-3.2993153777131656
143.68368368368368,-3.3563650822914544
143.76376376376376,-3.4957165886692643
143.84384384384384,-3.5515303989111198
143.92392392392392,-3.652176372570293
144.004004004004,-3.7387796670092763
144.08408408408408,-3.800463496641728
144.16416416416416,-3.873301446901698
144.24424424424424,-3.9512862939757403
144.32432432432432,-4.033815468584058
144.4044044044044,-4.1014697922354
144.48448448448448,-4.192985235709415
144.56456456456456,-4.250346388620747
144.64464464464464,-4.307910905397758
144.72472472472472,-4.409961258895765
144.8048048048048,-4.490462810054349
144.88488488488488,-4.491059666136408
144.96496496496496,-4.592346218370755
145.04504504504504,-4.60519343118322
145.12512512512512,-4.699909264103816
145.2052052052052,-4.731951804565828
145.28528528528528,-4.81917308045729
145.36536536536536,-4.8116497578641875
145.44544544544544,-4.8921200870332875
145.52552552552552,-4.933902895096993
145.6056056056056,-4.983240869754059
145.68568568568568,-5.004794072959783
145.76576576576576,-5.087637330573954
145.84584584584584,-5.0864398515655145
145.92592592592592,-5.117759864604276
146.006006006006,-5.142132208757745
146.08608608608608,-5.160889665171053
146.16616616616616,-5.193007924619823
146.24624624624624,-5.2097655836807375
146.32632632632632,-5.217834629505219
146.4064064064064,-5.263043427930932
146.48648648648648,-5.301386033475173
146.56656656656656,-5.304535757574578
146.64664664664664,-5.294297233118781
146.72672672672672,-5.310013717742771
146.8068068068068,-5.345481484274641
146.88688688688688,-5.324665387167723
146.96696696696696,-5.352691146610801
147.04704704704704,-5.332207203985681
147.12712712712712,-5.332228587571936
147.2072072072072,-5.335691495358474
147.28728728728728,-5.305934658243057
147.36736736736736,-5.289486624987803
147.44744744744744,-5.308178593896984
147.52752752752752,-5.292527114996188
147.6076076076076,-5.280940287071843
147.68768768768768,-5.2503690061283
147.76776776776777,-5.259110996207862
147.84784784784785,-5.205065070216147
147.92792792792793,-5.216932250802698
148.008008008008,-5.162125026662763
148.08808808808809,-5.120870548267368
148.16816816816817,-5.10079759997945
148.24824824824825,-5.081065837859219
148.32832832832833,-5.042645629933064
148.4084084084084,-5.004675927737059
148.48848848848849,-4.958331918635775
148.56856856856857,-4.904700977416792
148.64864864864865,-4.882263967675777
148.72872872872873,-4.8446344328133
148.8088088088088,-4.786829352416702
148.88888888888889,-4.738644091408318
148.96896896896897,-4.672512542651483
149.04904904904905,-4.6109948980523505
149.12912912912913,-4.559535940504158
149.2092092092092,-4.489645455025768
149.2892892892893,-4.436171956070786
149.36936936936937,-4.373870239508643
149.44944944944945,-4.323813554686595
149.52952952952953,-4.248810409639771
149.6096096096096,-4.191779986496187
149.6896896896897,-4.135291417632178
149.76976976976977,-4.0665481900993425
149.84984984984985,-3.9977513716516477
149.92992992992993,-3.923731328331362
150.01001001001,-3.823470401187913
150.0900900900901,-3.7581633161990116
150.17017017017017,-3.6737839065795144
150.25025025025025,-3.6066809262354944
150.33033033033033,-3.525097546680754
150.4104104104104,-3.4358206307369286
150.4904904904905,-3.3509171592884797
150.57057057057057,-3.2683884740402536
150.65065065065065,-3.2046292165835637
150.73073073073073,-3.1163606973926905
150.8108108108108,-3.0289928218053617
150.8908908908909,-2.9467124589743037
150.97097097097097,-2.8510547432694313
151.05105105105105,-2.766534927701073
151.13113113113113,-2.6834265093426284
151.2112112112112,-2.6009627411404055
151.2912912912913,-2.520769924516813
151.37137137137137,-2.4373717449900916
151.45145145145145,-2.3650757340640376
151.53153153153153,-2.2948886381708196
151.6116116116116,-2.2236081844341666
151.6916916916917,-2.136292325633892
151.77177177177177,-2.0624071696739668
151.85185185185185,-1.9822782261505887
151.93193193193193,-1.920164731325236
152.012012012012,-1.8552882372000068
152.0920920920921,-1.7960073244816277
152.17217217217217,-1.7435259309711644
152.25225225225225,-1.6963992907656247
152.33233233233233,-1.6312783239015238
152.4124124124124,-1.5929745249742118
152.4924924924925,-1.5630193214563401
152.57257257257257,-1.5220446274640933
152.65265265265265,-1.4989202308653824
152.73273273273273,-1.4837525244324237
152.8128128128128,-1.4591794150054838
152.8928928928929,-1.4562286442310801
152.97297297297297,-1.462073206803483
153.05305305305305,-1.4587834446452006
153.13313313313313,-1.4635320028436127
153.2132132132132,-1.4701382386123538
153.2932932932933,-1.4895692768486382
153.37337337337337,-1.5054761826699006
153.45345345345345,-1.5460366322576031
153.53353353353353,-1.561485516977415
153.6136136136136,-1.6096221133684425
153.6936936936937,-1.658227850072044
153.77377377377377,-1.6979787195122813
153.85385385385385,-1.7458746257731252
153.93393393393393,-1.8162059212035595
154.014014014014,-1.862028758868849
154.0940940940941,-1.9355761290428517
154.17417417417417,-1.9962381808893186
154.25425425425425,-2.065678529288469
154.33433433433433,-2.125634482178792
154.4144144144144,-2.211691968760336
154.4944944944945,-2.2636982845018063
154.57457457457457,-2.3551297868864016
154.65465465465465,-2.450033390508427
154.73473473473473,-2.518107117382025
154.8148148148148,-2.595698103755033
154.8948948948949,-2.6812459631426306
154.97497497497497,-2.764618297163852
155.05505505505505,-2.8523552170227187
155.13513513513513,-2.9264264635302646
155.2152152152152,-3.0144217306855046
155.2952952952953,-3.0937213185794192
155.37537537537537,-3.1980310304803243
155.45545545545545,-3.2762527041547607
155.53553553553553,-3.3501958363922837
155.6156156156156,-3.4464631397425203
155.6956956956957,-3.514374025107722
155.77577577577577,-3.5945212594279927
155.85585585585585,-3.689138777496487
155.93593593593593,-3.7459755500493506
156.016016016016,-3.829365669498718
156.0960960960961,-3.9122146840628766
156.17617617617617,-3.976799043955257
156.25625625625625,-4.045578476270231
156.33633633633633,-4.124062616325049
156.4164164164164,-4.196887503716891
156.4964964964965,-4.253034363052991
156.57657657657657,-4.340446910370764
156.65665665665665,-4.391589404083765
156.73673673673673,-4.456425956952275
156.8168168168168,-4.532134299582273
156.8968968968969,-4.585087339420654
156.97697697697697,-4.63308945139186
157.05705705705705,-4.705161165085646
157.13713713713713,-4.745183710450266
157.2172172172172,-4.803973489813395
157.2972972972973,-4.863971206099115
157.37737737737737,-4.901489635380208
157.45745745745745,-4.953016690905836
157.53753753753753,-5.017341540763465
157.6176176176176,-5.033961757916157
157.6976976976977,-5.059912497910375
157.77777777777777,-5.111778652453807
157.85785785785785,-5.1486188857826205
157.93793793793793,-5.168404867082902
158.018018018018,-5.204410905313895
158.0980980980981,-5.224992036311364
158.17817817817817,-5.227109307792107
158.25825825825825,-5.294841614132341
158.33833833833833,-5.304424367967595
158.4184184184184,-5.322634021848378
158.4984984984985,-5.331152246513464
158.57857857857857,-5.3454449903222745
158.65865865865865,-5.3553828122720475
158.73873873873873,-5.373301284608663
158.8188188188188,-5.379481596778864
158.8988988988989,-5.382304304070331
158.97897897897897,-5.39812753739176
159.05905905905905,-5.4131903562428025
159.13913913913913,-5.379076655488778
159.2192192192192,-5.389954724026502
159.2992992992993,-5.365271859465951
159.37937937937937,-5.357714633656893
159.45945945945945,-5.334459581139457
159.53953953953953,-5.322152850115061
159.6196196196196,-5.296836650904654
159.6996996996997,-5.280537201950459
159.77977977977977,-5.26458631543704
159.85985985985985,-5.2404991652463
159.93993993993993,-5.217141607500902
160.02002002002,-5.186877479633774
160.1001001001001,-5.1346119927788845
160.18018018018017,-5.122533753419904
160.26026026026025,-5.088115448746459
160.34034034034033,-5.045538458536891
160.4204204204204,-5.011701080209387
160.5005005005005,-4.96186357095013
160.58058058058057,-4.929654103409811
160.66066066066065,-4.879455806178292
160.74074074074073,-4.8393089965971425
160.8208208208208,-4.78780760283349
160.9009009009009,-4.730258876341367
160.98098098098097,-4.674078192775695
161.06106106106105,-4.617877650926397
161.14114114114113,-4.556986249934266
161.2212212212212,-4.483541981100027
161.3013013013013,-4.415378232935128
161.38138138138137,-4.361397773674637
161.46146146146145,-4.296888620206012
161.54154154154153,-4.224056079945323
161.6216216216216,-4.159157830099109
161.7017017017017,-4.101241927081268
161.78178178178177,-4.030970916465293
161.86186186186185,-3.947456299367157
161.94194194194193,-3.8756655580090418
162.022022022022,-3.786380468309695
162.1021021021021,-3.7204065672008224
162.18218218218217,-3.642069623417673
162.26226226226225,-3.5747797697225785
162.34234234234233,-3.4864868153655375
162.42242242242241,-3.399086091592081
162.5025025025025,-3.317068847447253
162.58258258258257,-3.226011609784506
162.66266266266265,-3.143581341000953
162.74274274274273,-3.073299621718477
162.82282282282281,-2.982504959451687
162.9029029029029,-2.8979660493771746
162.98298298298297,-2.8105771056106987
163.06306306306305,-2.7216732523633316
163.14314314314313,-2.6382733605586806
163.22322322322321,-2.5649605113544336
163.3033033033033,-2.4787295214103073
163.38338338338338,-2.4091719568185694
163.46346346346346,-2.3401297573548807
163.54354354354354,-2.2617344241011432
163.62362362362362,-2.1922613064934957
163.7037037037037,-2.1183397981035905
163.78378378378378,-2.0487420963402503
163.86386386386386,-1.978894213252865
163.94394394394394,-1.9283104093311811
164.02402402402402,-1.8615419111620868
164.1041041041041,-1.8190482847693181
164.18418418418418,-1.7690943392572396
164.26426426426426,-1.7300587793026148
164.34434434434434,-1.6870830071586982
164.42442442442442,-1.668396498044928
164.5045045045045,-1.6294880389658093
164.58458458458458,-1.611716196727074
164.66466466466466,-1.5888449886287326
164.74474474474474,-1.5856263659842065
164.82482482482482,-1.5701345517744134
164.9049049049049,-1.576573629975313
164.98498498498498,-1.577600867024892
165.06506506506506,-1.596713048028273
165.14514514514514,-1.6093588390613773
165.22522522522522,-1.6295526571372325
165.3053053053053,-1.6536728392022653
165.38538538538538,-1.698796003978677
165.46546546546546,-1.7316320921722244
165.54554554554554,-1.7672822049245445
165.62562562562562,-1.8127598601399306
165.7057057057057,-1.8607288959824078
165.78578578578578,-1.9213646581872048
165.86586586586586,-1.971508093199025
165.94594594594594,-2.0267724160724248
166.02602602602602,-2.096465541178092
166.1061061061061,-2.1591710840993366
166.18618618618618,-2.2199402497949112
166.26626626626626,-2.2967846650033423
166.34634634634634,-2.368195497840742
166.42642642642642,-2.4474248581900175
166.5065065065065,-2.5212000575325875
166.58658658658658,-2.6043862194960195
166.66666666666666,-2.6653136859350743
166.74674674674674,-2.756663110887167
166.82682682682682,-2.825318358393282
166.9069069069069,-2.909175158055676
166.98698698698698,-2.9906071785924895
167.06706706706706,-3.068700142871005
167.14714714714714,-3.1407286749501315
167.22722722722722,-3.233144192587901
167.3073073073073,-3.310239306907783
167.38738738738738,-3.3837278505193256
167.46746746746746,-3.4567008558205603
167.54754754754754,-3.540695733206195
167.62762762762762,-3.5965073999335293
167.7077077077077,-3.6861384695197223
167.78778778778778,-3.760402932677036
167.86786786786786,-3.8268503539272753
167.94794794794794,-3.909823751579123
168.02802802802802,-3.9815936256228976
168.1081081081081,-4.052772574254254
168.18818818818818,-4.122176087930287
168.26826826826826,-4.19387266710704
168.34834834834834,-4.234484698864841
168.42842842842842,-4.311746213095716
168.5085085085085,-4.3733029092526134
168.58858858858858,-4.430020903205011
168.66866866866866,-4.489786996208872
168.74874874874874,-4.566056688567846
168.82882882882882,-4.603329277734668
168.9089089089089,-4.679696221607204
168.98898898898898,-4.724715574920337
169.06906906906906,-4.786291516720976
169.14914914914914,-4.820220668144373
169.22922922922922,-4.883186102507181
169.3093093093093,-4.897257715778838
169.38938938938938,-4.963516554630968
169.46946946946946,-5.006672027329224
169.54954954954954,-5.043902529364647
169.62962962962962,-5.076520140422854
169.7097097097097,-5.138153966382648
169.78978978978978,-5.146963492366273
169.86986986986986,-5.187228998286687
169.94994994994994,-5.216168803029065
170.03003003003002,-5.244777920809884
170.1101101101101,-5.263612183114959
170.19019019019018,-5.30454521664221
170.27027027027026,-5.305875841373477
170.35035035035034,-5.323447808509888
170.43043043043042,-5.346881604367783
170.5105105105105,-5.359446981246568
170.59059059059058,-5.374300241276881
170.67067067067066,-5.399825064287175
170.75075075075074,-5.396518358430462
170.83083083083082,-5.3937967627385675
170.9109109109109,-5.416429605611263
170.99099099099098,-5.403733694336009
171.07107107107106,-5.396462628962538
171.15115115115114,-5.394607197660068
171.23123123123122,-5.374086712200344
171.3113113113113,-5.357511785531055
171.39139139139138,-5.379636795428705
171.47147147147146,-5.357908152980884
171.55155155155154,-5.341217175315604
171.63163163163162,-5.32799508240214
171.7117117117117,-5.3018685439803726
171.79179179179178,-5.256316442913497
171.87187187187186,-5.257008020532591
171.95195195195194,-5.214776411906584
172.03203203203202,-5.182069786825672
172.11211211211213,-5.144437934831903
172.19219219219218,-5.114594249035407
172.2722722722723,-5.048511196500887
172.35235235235234,-5.0377701833219675
172.43243243243245,-4.990682419981591
172.5125125125125,-4.948379885461913
172.5925925925926,-4.89287105688969
172.67267267267266,-4.844878696261453
172.75275275275277,-4.778046456394496
172.83283283283282,-4.740958589271406
172.91291291291293,-4.67444399260475
172.99299299299298,-4.615429181667071
173.0730730730731,-4.549868543967594
173.15315315315314,-4.50060438000929
173.23323323323325,-4.431807372539607
173.3133133133133,-4.379096591683088
173.3933933933934,-4.298515083175076
173.47347347347346,-4.225353094290673
173.55355355355357,-4.156972855837083
173.63363363363362,-4.075690464566894
173.71371371371373,-3.98975129501514
173.79379379379378,-3.9337989237992717
173.8738738738739,-3.864474499401012
173.95395395395394,-3.780224402587254
174.03403403403405,-3.694264240674596
174.1141141141141,-3.617062631535306
174.1941941941942,-3.5353282444734293
174.27427427427426,-3.454579003046445
174.35435435435437,-3.368962899526294
174.43443443443442,-3.279068906556911
174.51451451451453,-3.2065762077594426
174.59459459459458,-3.1180977004057744
174.6746746746747,-3.027580661216137
174.75475475475474,-2.9494976806495457
174.83483483483485,-2.8748849961604632
174.9149149149149,-2.788039809274608
174.994994994995,-2.7088438846831937
175.07507507507506,-2.6240443241676146
175.15515515515517,-2.546543301442207
175.23523523523522,-2.468154598618695
175.31531531531533,-2.3949189172639267
175.39539539539538,-2.319168074661696
175.4754754754755,-2.2586069833601767
175.55555555555554,-2.181931631484715
175.63563563563565,-2.1167720113380977
175.7157157157157,-2.0580794665537687
175.7957957957958,-2.014947896455033
175.87587587587586,-1.9610313612383228
175.95595595595597,-1.9137000689248846
176.03603603603602,-1.8636515952681487
176.11611611611613,-1.8276603975930892
176.19619619619618,-1.7888114797407888
176.2762762762763,-1.755064219676716
176.35635635635634,-1.7241343175042394
176.43643643643645,-1.7170918879254247
176.5165165165165,-1.7013486490283711
176.5965965965966,-1.687383680598182
176.67667667667666,-1.6815070483736034
176.75675675675677,-1.6852519208779446
176.83683683683682,-1.6921100151861412
176.91691691691693,-1.7080951550471988
176.99699699699698,-1.713488446099214
177.0770770770771,-1.7412157932749863
177.15715715715714,-1.7724039627705828
177.23723723723725,-1.8016215321002362
177.3173173173173,-1.8329042722218007
177.3973973973974,-1.88053152245107
177.47747747747746,-1.9167483357293755
177.55755755755757,-1.9654831126295702
177.63763763763762,-2.019150782010862
177.71771771771773,-2.0748873112492676
177.79779779779778,-2.1377106271827024
177.8778778778779,-2.206322036291137
177.95795795795794,-2.2669485303124186
178.03803803803805,-2.322773805617845
178.1181181181181,-2.401397934344024
178.1981981981982,-2.4684805440491204
178.27827827827826,-2.53390511756142
178.35835835835837,-2.617665282413839
178.43843843843842,-2.6868710044563877
178.51851851851853,-2.7583211732654713
178.59859859859858,-2.8360556889623143
178.6786786786787,-2.914740045926751
178.75875875875874,-2.992121838711243
178.83883883883885,-3.0709889897662332
178.9189189189189,-3.1484649327622463
178.998998998999,-3.2148928496823337
179.07907907907907,-3.294450335798436
179.15915915915917,-3.3681342178166904
179.23923923923923,-3.4471231340087902
179.31931931931933,-3.5310132866524886
179.39939939939939,-3.595143878696008
179.4794794794795,-3.661725473163081
179.55955955955955,-3.7436129657627175
179.63963963963965,-3.827225580630988
179.7197197197197,-3.8898588933797074
179.7997997997998,-3.9536991633252816
179.87987987987987,-4.025393004714086
179.95995995995997,-4.088727482997665
180.04004004004003,-4.151363458065759
180.12012012012013,-4.208470296390636
180.2002002002002,-4.269127500671679
180.2802802802803,-4.336415025690189
180.36036036036035,-4.398775639790962
180.44044044044045,-4.447614001569674
180.5205205205205,-4.500934724801419
180.60060060060061,-4.570672968054472
180.68068068068067,-4.622168694003173
180.76076076076077,-4.6705219802376465
180.84084084084083,-4.719805068624799
180.92092092092093,-4.757433640201671
181.001001001001,-4.7993106366722555
181.0810810810811,-4.852503862833554
181.16116116116115,-4.900555337410592
181.24124124124126,-4.93334313251853
181.3213213213213,-4.967893662649189
181.40140140140142,-4.999303585429344
181.48148148148147,-5.0339558637481465
181.56156156156158,-5.073095702165995
181.64164164164163,-5.10878584529022
181.72172172172174,-5.139906118529039
181.8018018018018,-5.15843467657782
181.8818818818819,-5.177342212961616
181.96196196196195,-5.20121832931477
182.04204204204206,-5.233281986885922
182.1221221221221,-5.253621329295584
182.20220220220222,-5.260260345689232
182.28228228228227,-5.283669745993961
182.36236236236238,-5.303206717584205
182.44244244244243,-5.316921210824979
182.52252252252254,-5.322698993332801
182.6026026026026,-5.3252148087580595
182.6826826826827,-5.33264493725406
182.76276276276275,-5.337114465180761
182.84284284284286,-5.334428544014887
182.9229229229229,-5.333971221177793
183.00300300300302,-5.336466826975354
183.08308308308307,-5.330776580405077
183.16316316316318,-5.310542472855201
183.24324324324323,-5.299672790271282
183.32332332332334,-5.298418995216422
183.4034034034034,-5.29026879763672
183.4834834834835,-5.263108934845775
183.56356356356355,-5.2391008160381745
183.64364364364366,-5.218591989175878
183.7237237237237,-5.196718811237273
183.80380380380382,-5.170794470055797
183.88388388388387,-5.144120045273311
183.96396396396398,-5.113249142953425
184.04404404404403,-5.0911993420953126
184.12412412412414,-5.053989619436449
184.2042042042042,-5.0122338585830875
184.2842842842843,-4.985624104588225
184.36436436436435,-4.9389247959779885
184.44444444444446,-4.894678669514433
184.5245245245245,-4.8451361967284745
184.60460460460462,-4.793006486953425
184.68468468468467,-4.74263150498109
184.76476476476478,-4.695899096961622
184.84484484484483,-4.644352997048236
184.92492492492494,-4.578125281784827
185.005005005005,-4.53313937132293
185.0850850850851,-4.465456967249044
185.16516516516515,-4.405322844727721
185.24524524524526,-4.3414299672207735
185.3253253253253,-4.262624929692422
185.40540540540542,-4.187995665744154
185.48548548548547,-4.1246593220631835
185.56556556556558,-4.055370633187546
185.64564564564563,-3.975970876904068
185.72572572572574,-3.9053784121717463
185.8058058058058,-3.834097779557823
185.8858858858859,-3.7565908513447916
185.96596596596595,-3.682817395550242
186.04604604604606,-3.6001961080233666
186.1261261261261,-3.519731258352372
186.20620620620622,-3.4317920685422765
186.28628628628627,-3.344337221351398
186.36636636636638,-3.2706217628340495
186.44644644644643,-3.1958964495910025
186.52652652652654,-3.1206076438875447
186.6066066066066,-3.0358868400163783
186.6866866866867,-2.9504705028759926
186.76676676676675,-2.869450468808908
186.84684684684686,-2.790948576659707
186.9269269269269,-2.7159735510094167
187.00700700700702,-2.6412027902124904
187.08708708708707,-2.575060950017458
187.16716716716718,-2.4972210184827834
187.24724724724723,-2.4244993056393094
187.32732732732734,-2.364306929552862
187.4074074074074,-2.2926768153353048
187.4874874874875,-2.228641704985723
187.56756756756755,-2.170148720361248
187.64764764764766,-2.1050185345125945
187.7277277277277,-2.0598013492148493
187.80780780780782,-2.0214825693662246
187.88788788788787,-1.9748718815946604
187.96796796796798,-1.931669124312813
188.04804804804803,-1.904160102005254
188.12812812812814,-1.869294808721795
188.2082082082082,-1.847038785699251
188.2882882882883,-1.831661789142912
188.36836836836835,-1.8180935727163545
188.44844844844846,-1.8043584412697355
188.5285285285285,-1.8067596959820968
188.60860860860862,-1.8047609253733023
188.68868868868867,-1.8078410810163783
188.76876876876878,-1.8313016467782988
188.84884884884883,-1.8484238769151435
188.92892892892894,-1.8718638039405928
189.009009009009,-1.905315698907442
189.0890890890891,-1.9308703348203131
189.16916916916915,-1.9565653245926307
189.24924924924926,-2.002952924684197
189.3293293293293,-2.0451785235137407
189.40940940940942,-2.087560528609271
189.48948948948947,-2.151793616178728
189.56956956956958,-2.198807645112559
189.64964964964963,-2.2568145902510044
189.72972972972974,-2.3238451033294143
189.8098098098098,-2.387436934437614
189.8898898898899,-2.4428593119772732
189.96996996996995,-2.5084181824860505
190.05005005005006,-2.581091755208942
190.1301301301301,-2.655621495340929
190.21021021021022,-2.741213151833291
190.29029029029027,-2.8065126452126328
190.37037037037038,-2.8759855624207935
190.45045045045043,-2.9639430379210876
190.53053053053054,-3.0366399529020995
190.6106106106106,-3.105112381703821
190.6906906906907,-3.1839298137465306
190.77077077077075,-3.2628163357137563
190.85085085085086,-3.341236177111276
190.9309309309309,-3.4057979322483316
191.01101101101102,-3.482049780657336
191.09109109109107,-3.555944454524114
191.17117117117118,-3.641872967481494
191.25125125125123,-3.7126244929911896
191.33133133133134,-3.7804099659323747
191.41141141141142,-3.8537130991670554
191.4914914914915,-3.9269250191506533
191.57157157157158,-3.989879422384051
191.65165165165166,-4.065681817733714
191.73173173173174,-4.134404182890822
191.81181181181182,-4.203531885400137
191.8918918918919,-4.267718712877933
191.97197197197198,-4.330825417177359
192.05205205205206,-4.375989657378564
192.13213213213214,-4.446512747537845
192.21221221221222,-4.510745348212529
192.2922922922923,-4.5579979529664785
192.37237237237238,-4.616433578535419
192.45245245245246,-4.672135054574136
192.53253253253254,-4.72899407910649
192.61261261261262,-4.780508825638067
192.6926926926927,-4.825920002797549
192.77277277277278,-4.863525414993554
192.85285285285286,-4.912973434135341
192.93293293293294,-4.959829008955621
193.01301301301302,-4.993418306791157
193.0930930930931,-5.0384003934223935
193.17317317317318,-5.082495749944488
193.25325325325326,-5.117054706560136
193.33333333333334,-5.139425806702723
193.41341341341342,-5.163823861176801
193.4934934934935,-5.191148736409681
193.57357357357358,-5.2232507729404185
193.65365365365366,-5.258119680877428
193.73373373373374,-5.275224013932548
193.81381381381382,-5.301613515333717
193.8938938938939,-5.31768944197644
193.97397397397398,-5.324951189295237
194.05405405405406,-5.330811322820436
194.13413413413414,-5.3414430518875955
194.21421421421422,-5.358367464069314
194.2942942942943,-5.373288339964218
194.37437437437438,-5.372635965346926
194.45445445445446,-5.367885943067302
194.53453453453454,-5.376384640424865
194.61461461461462,-5.384177455682917
194.6946946946947,-5.372021062961054
194.77477477477478,-5.384297257019781
194.85485485485486,-5.38824562043442
194.93493493493494,-5.3734966970997995
195.01501501501502,-5.363584039955058
195.0950950950951,-5.343322008459258
195.17517517517518,-5.325320986007186
195.25525525525526,-5.313943983176547
195.33533533533534,-5.2973485483846785
195.41541541541542,-5.271618761695655
195.4954954954955,-5.258909891524177
195.57557557557558,-5.258686433281202
195.65565565565566,-5.218792741393759
195.73573573573574,-5.182536552703453
195.81581581581582,-5.150421702299069
195.8958958958959,-5.116082712045758
195.97597597597598,-5.087777409833026
196.05605605605606,-5.050723030325645
196.13613613613614,-5.014680879377577
196.21621621621622,-4.972052457112705
196.2962962962963,-4.9377354143017245
196.37637637637638,-4.869246971604506
196.45645645645646,-4.828705459209826
196.53653653653654,-4.784692823709919
196.61661661661662,-4.735989561630402
196.6966966966967,-4.675651688642908
196.77677677677679,-4.632794621715825
196.85685685685687,-4.579020401882618
196.93693693693695,-4.519497878811554
197.01701701701703,-4.448060712752703
197.0970970970971,-4.3932622941224215
197.17717717717719,-4.326120568456222
197.25725725725727,-4.268400399941021
197.33733733733735,-4.199965892639561
197.41741741741743,-4.122327561266659
197.4974974974975,-4.062492291280743
197.57757757757759,-3.98768587554961
197.65765765765767,-3.9066052534991162
197.73773773773775,-3.840270362788187
197.81781781781783,-3.761859788326395
197.8978978978979,-3.675825324746739
197.977977977978,-3.603674997257202
198.05805805805807,-3.5358603827322583
198.13813813813815,-3.4408590200418523
198.21821821821823,-3.377469438968476
198.2982982982983,-3.294140706309035
198.3783783783784,-3.2197400082286785
198.45845845845847,-3.131201469019328
198.53853853853855,-3.0619313309393457
198.61861861861863,-2.9837059921300937
198.6986986986987,-2.9006845642719896
198.7787787787788,-2.8263386696102764
198.85885885885887,-2.747465211544279
198.93893893893895,-2.684257053601027
199.01901901901903,-2.6022253144322196
199.0990990990991,-2.525547200062957
199.1791791791792,-2.470906881432064
199.25925925925927,-2.4098831732157224
199.33933933933935,-2.34250960708548
199.41941941941943,-2.2818519151892867
199.4994994994995,-2.2285853032259184
199.5795795795796,-2.1733121502929866
199.65965965965967,-2.1354796893549004
199.73973973973975,-2.0932489707049853
199.81981981981983,-2.052485500007208
199.8998998998999,-2.018955215367441
199.97997997998,-1.99340039966073
200.06006006006007,-1.9594767970496383
200.14014014014015,-1.9471390978939653
200.22022022022023,-1.9433541776832062
200.3003003003003,-1.9248030770087263
200.3803803803804,-1.9263221750410888
200.46046046046047,-1.9289947693742158
200.54054054054055,-1.9242298125582902
200.62062062062063,-1.9377540152050776
200.7007007007007,-1.9595756449143549
200.7807807807808,-1.973673648041165
200.86086086086087,-2.012455936924789
200.94094094094095,-2.04577626704757
201.02102102102103,-2.086584809994107
201.1011011011011,-2.1224340821033816
201.1811811811812,-2.1651885565276414
201.26126126126127,-2.221394512492074
201.34134134134135,-2.2713386235538358
201.42142142142143,-2.3305217332279953
201.5015015015015,-2.3866135224678353
201.5815815815816,-2.448193432360442
201.66166166166167,-2.5212450749973243
201.74174174174175,-2.5715882943892736
201.82182182182183,-2.6554982673040928
201.9019019019019,-2.7098535454252604
201.981981981982,-2.790851478429269
202.06206206206207,-2.874201029736337
202.14214214214215,-2.9544243946371824
202.22222222222223,-3.0090560954442602
202.3023023023023,-3.10920996508045
202.3823823823824,-3.1710589327291694
202.46246246246247,-3.2469171092117945
202.54254254254255,-3.320368383314884
202.62262262262263,-3.398053470530653
202.7027027027027,-3.4829382462124614
202.7827827827828,-3.5779905094104762
202.86286286286287,-3.6477640161292477
202.94294294294295,-3.723423157018328
203.02302302302303,-3.7918964633349788
203.1031031031031,-3.8507317556071214
203.1831831831832,-3.9374516880861137
203.26326326326327,-4.015538241474329
203.34334334334335,-4.09103673281163
203.42342342342343,-4.16861543884058
203.5035035035035,-4.233666919367162
203.5835835835836,-4.302810729458238
203.66366366366367,-4.353910919967062
203.74374374374375,-4.433263239871739
203.82382382382383,-4.484125320657019
203.9039039039039,-4.561115814901699
203.983983983984,-4.61211471404114
204.06406406406407,-4.669952705358553
204.14414414414415,-4.719557458511928
204.22422422422423,-4.779565049423338
204.3043043043043,-4.823704944388077
204.3843843843844,-4.883984951094842
204.46446446446447,-4.936150182357169
204.54454454454455,-4.99510481653882
204.62462462462463,-5.018686517864417
204.7047047047047,-5.064912097059329
204.7847847847848,-5.099640217423134
204.86486486486487,-5.1593900652935405
204.94494494494495,-5.193152820006258
205.02502502502503,-5.223956163908416
205.1051051051051,-5.262794128453394
205.1851851851852,-5.292304085754432
205.26526526526527,-5.339103210591881
205.34534534534535,-5.344086705046939
205.42542542542543,-5.391108689789148
205.5055055055055,-5.399988579104611
205.5855855855856,-5.420946514834631
205.66566566566567,-5.44395288283371
205.74574574574575,-5.480777591392451
205.82582582582583,-5.479240372698414
205.9059059059059,-5.488488726904522
205.985985985986,-5.477172319740967
206.06606606606607,-5.52788673321865
206.14614614614615,-5.507627246882295
206.22622622622623,-5.548954535195224
206.3063063063063,-5.514011817317613
206.3863863863864,-5.539182070727711
206.46646646646647,-5.501116677109105
206.54654654654655,-5.512794879838168
206.62662662662663,-5.489660622741963
206.7067067067067,-5.494694487830417
206.7867867867868,-5.478523396431934
206.86686686686687,-5.473758856941121
206.94694694694695,-5.456760398589564
207.02702702702703,-5.449676329518481
207.1071071071071,-5.392693527964866
207.1871871871872,-5.41140956590324
207.26726726726727,-5.375031865668085
207.34734734734735,-5.3471304857293
207.42742742742743,-5.31137677612838
207.5075075075075,-5.27857760157867
207.5875875875876,-5.256939580352997
207.66766766766767,-5.222498527304552
207.74774774774775,-5.190590058613962
207.82782782782783,-5.143388731734567
207.9079079079079,-5.125948122835279
207.987987987988,-5.071830179244419
208.06806806806807,-5.027390646795096
208.14814814814815,-4.9594696017881565
208.22822822822823,-4.934726620549436
208.3083083083083,-4.871676966685177
208.3883883883884,-4.828364396959356
208.46846846846847,-4.752344109193116
208.54854854854855,-4.726429086626127
208.62862862862863,-4.638350874450259
208.7087087087087,-4.6227384799682785
208.7887887887888,-4.523390177248179
208.86886886886887,-4.495141923756004
208.94894894894895,-4.390505870437143
209.02902902902903,-4.367173569392524
209.1091091091091,-4.244302575628655
209.1891891891892,-4.216830419523338
209.26926926926927,-4.102962643349595
209.34934934934935,-4.079957260506665
209.42942942942943,-3.955054834083655
209.5095095095095,-3.9273878121908545
209.5895895895896,-3.8113863452304493
209.66966966966967,-3.7774117636527067
209.74974974974975,-3.67683286486997
209.82982982982983,-3.6149436326866504
209.9099099099099,-3.4939626832618296
209.98998998999,-3.4715991658436245
210.07007007007007,-3.3657785103120736
210.15015015015015,-3.309167546739426
210.23023023023023,-3.197423343719083
210.3103103103103,-3.1474867664056263
210.3903903903904,-3.027104422711324
210.47047047047047,-3.0018406119243575
210.55055055055055,-2.892681401077423
210.63063063063063,-2.8541303162136127
210.7107107107107,-2.770824721285724
210.7907907907908,-2.703858852842337
210.87087087087087,-2.604854578339418
210.95095095095095,-2.5660044343699293
211.03103103103103,-2.4846890485290385
211.11111111111111,-2.42751218007737
211.1911911911912,-2.3746550946972547
211.27127127127127,-2.315816926728181
211.35135135135135,-2.2609215711561066
211.43143143143143,-2.2353386606550947
211.51151151151151,-2.1756257482724766
211.5915915915916,-2.114366036178621
211.67167167167167,-2.107508630075173
211.75175175175175,-2.0764773011290742
211.83183183183183,-2.03983913820594
211.91191191191191,-2.036119517226088
211.991991991992,-2.027138288523522
212.07207207207207,-1.979840973121329
212.15215215215215,-2.0073701325249456
212.23223223223223,-1.9694739304636228
212.31231231231232,-2.0026485328258294
212.3923923923924,-2.0178886883589815
212.47247247247248,-2.0404209244917593
212.55255255255256,-2.026239102152863
212.63263263263264,-2.0772847520579494
212.71271271271272,-2.0983948650545234
212.7927927927928,-2.1346463373112434
212.87287287287288,-2.1805795231754854
212.95295295295296,-2.2202747418314135
213.03303303303304,-2.2563326608030807
213.11311311311312,-2.335139255719188
213.1931931931932,-2.3819019509617467
213.27327327327328,-2.4419233254377692
213.35335335335336,-2.5042512120492844
213.43343343343344,-2.5737091712888693
213.51351351351352,-2.6300366532843036
213.5935935935936,-2.7154983323095556
213.67367367367368,-2.7769908328350317
213.75375375375376,-2.850714715684488
213.83383383383384,-2.940502420510594
213.91391391391392,-3.0049194781844313
213.993993993994,-3.0654263378640305
214.07407407407408,-3.145106553992408
214.15415415415416,-3.2548222439548002
214.23423423423424,-3.3280246735719614
214.31431431431432,-3.40811829345186
214.3943943943944,-3.4967851130081016
214.47447447447448,-3.5696173650118017
214.55455455455456,-3.654845924838
214.63463463463464,-3.7337582733559618
214.71471471471472,-3.8023464744051654
214.7947947947948,-3.907990973437647
214.87487487487488,-3.98378345855005
214.95495495495496,-4.035425485670029
215.03503503503504,-4.115685832694681
215.11511511511512,-4.206823028481157
215.1951951951952,-4.2732626947233046
215.27527527527528,-4.347697809336997
215.35535535535536,-4.426286129105094
215.43543543543544,-4.509570430998167
215.51551551551552,-4.538145078462425
215.5955955955956,-4.648348238851703
215.67567567567568,-4.675934370279122
215.75575575575576,-4.778654859610789
215.83583583583584,-4.82437781520046
215.91591591591592,-4.883167055007428
215.995995995996,-4.92577472712514
216.07607607607608,-4.985663637608866
216.15615615615616,-5.031722378139802
216.23623623623624,-5.1035431665266575
216.31631631631632,-5.149825417896526
216.3963963963964,-5.19478286287101
216.47647647647648,-5.229474047126525
216.55655655655656,-5.319168549352921
216.63663663663664,-5.338119735472158
216.71671671671672,-5.391954063982327
216.7967967967968,-5.420298614773972
216.87687687687688,-5.440770188801798
216.95695695695696,-5.491035515581982
217.03703703703704,-5.535009772072544
217.11711711711712,-5.550198778425126
217.1971971971972,-5.59597875201647
217.27727727727728,-5.598516198713973
217.35735735735736,-5.650777988249176
217.43743743743744,-5.625708374832003
217.51751751751752,-5.688561652904435
217.5975975975976,-5.68673765472153
217.67767767767768,-5.724743332160091
217.75775775775776,-5.7239366230448425
217.83783783783784,-5.730837356811298
217.91791791791792,-5.736818761859819
217.997997997998,-5.734812928966302
218.07807807807808,-5.750156441639555
218.15815815815816,-5.752630628477238
218.23823823823824,-5.739511680554168
218.31831831831832,-5.743879808771838
218.3983983983984,-5.732431233941042
218.47847847847848,-5.745807256968589
218.55855855855856,-5.703655194518359
218.63863863863864,-5.703903908960103
218.71871871871872,-5.673132825883877
218.7987987987988,-5.67655637268609
218.87887887887888,-5.638796920487005
218.95895895895896,-5.620841169192992
219.03903903903904,-5.599358784659657
219.11911911911912,-5.5795508831930025
219.1991991991992,-5.532797907185116
219.27927927927928,-5.5135822414417
219.35935935935936,-5.486869595633422
219.43943943943944,-5.426019894656365
219.51951951951952,-5.431244784174704
219.5995995995996,-5.362199413146396
219.67967967967968,-5.345921045604777
219.75975975975976,-5.29126704533016
219.83983983983984,-5.274382704662319
219.91991991991992,-5.194924183035065
220.0,-5.1647605132343
