freq,trans_dB
140.0,-11.936029741034655
140.08008008008008,-11.745646248168566
140.16016016016016,-11.481085576092035
140.24024024024024,-11.285269025513298
140.32032032032032,-11.091641557518974
140.4004004004004,-10.81959005449226
140.48048048048048,-10.638665171599719
140.56056056056056,-10.466280757824938
140.64064064064064,-10.245417987536557
140.72072072072072,-10.024422836818019
140.8008008008008,-9.847843258521285
140.88088088088088,-9.657330686527255
140.96096096096096,-9.53742733442192
141.04104104104104,-9.377926781902495
141.12112112112112,-9.243737134701718
141.2012012012012,-9.046650658847549
141.28128128128128,-9.014008205741911
141.36136136136136,-8.82197252336357
141.44144144144144,-8.724622106488521
141.52152152152152,-8.592922398022822
141.6016016016016,-8.537910328400544
141.68168168168168,-8.424990249770653
141.76176176176176,-8.379246312260914
141.84184184184184,-8.225895516749748
141.92192192192192,-8.195880156394182
142.002002002002,-8.146150179697823
142.08208208208208,-8.130407249180507
142.16216216216216,-8.047263369325798
142.24224224224224,-8.068275354810583
142.32232232232232,-8.013892780879557
142.4024024024024,-8.037965508783872
142.48248248248248,-8.032536017579803
142.56256256256256,-7.9996395284439625
142.64264264264264,-8.049291193623498
142.72272272272272,-8.064096439284757
142.8028028028028,-8.116774241396136
142.88288288288288,-8.0977513529792
142.96296296296296,-8.19660298523256
143.04304304304304,-8.192138010286648
143.12312312312312,-8.279390642732794
143.2032032032032,-8.280077857327655
143.28328328328328,-8.417158033927693
143.36336336336336,-8.40727018412321
143.44344344344344,-8.58505742296366
143.52352352352352,-8.514049850512372
143.6036036036036,-8.68464566597399
143.68368368368368,-8.696729440863491
143.76376376376376,-8.873390083357792
143.84384384384384,-8.904797836613849
143.92392392392392,-9.067812201076194
144.004004004004,-9.089984163254398
144.08408408408408,-9.2651727785601
144.16416416416416,-9.37984217017103
144.24424424424424,-9.516761344962143
144.32432432432432,-9.621683231175385
144.4044044044044,-9.773991975769592
144.48448448448448,-9.89079053393372
144.56456456456456,-10.034769191493085
144.64464464464464,-10.174055424612506
144.72472472472472,-10.263001975062389
144.8048048048048,-10.502997899507255
144.88488488488488,-10.550900536270376
144.96496496496496,-10.774845506791515
145.04504504504504,-10.860677157295349
145.12512512512512,-11.068411702021061
145.2052052052052,-11.136663953213365
145.28528528528528,-11.398132105842961
145.36536536536536,-11.463825321826155
145.44544544544544,-11.633331424012166
145.52552552552552,-11.765414010241496
145.6056056056056,-11.995160140061463
145.68568568568568,-12.012533279370027
145.76576576576576,-12.28091112403647
145.84584584584584,-12.322216131823795
145.92592592592592,-12.561288446186472
146.006006006006,-12.701744016131252
146.08608608608608,-12.8634177557137
146.16616616616616,-12.890362902364108
146.24624624624624,-13.07828186272067
146.32632632632632,-13.144723997981853
146.4064064064064,-13.346296091762952
146.48648648648648,-13.495338542363259
146.56656656656656,-13.593905268194229
146.64664664664664,-13.692855252631112
146.72672672672672,-13.861117689164839
146.8068068068068,-13.972218678376729
146.88688688688688,-14.053273195470828
146.96696696696696,-14.266880459550405
147.04704704704704,-14.300917754881686
147.12712712712712,-14.447799105117074
147.2072072072072,-14.516566599087275
147.28728728728728,-14.609677095618189
147.36736736736736,-14.671066266603551
147.44744744744744,-14.8257130718532
147.52752752752752,-14.840315291605313
147.6076076076076,-14.968517899347624
147.68768768768768,-15.04750732048883
147.76776776776777,-15.12920340199904
147.84784784784785,-15.127550025129912
147.92792792792793,-15.227576145432874
148.008008008008,-15.206315823422063
148.08808808808809,-15.31194198702584
148.16816816816817,-15.273804342151973
148.24824824824825,-15.282425117521068
148.32832832832833,-15.269210741322931
148.4084084084084,-15.335773121041026
148.48848848848849,-15.291819967760494
148.56856856856857,-15.266166301173714
148.64864864864865,-15.291825962622516
148.72872872872873,-15.331786911397804
148.8088088088088,-15.265858993545448
148.88888888888889,-15.218559922196095
148.96896896896897,-15.110885930761688
149.04904904904905,-15.122802598464292
149.12912912912913,-15.012307448082204
149.2092092092092,-14.94900207897355
149.2892892892893,-14.846540663503434
149.36936936936937,-14.826898475890278
149.44944944944945,-14.714900428474303
149.52952952952953,-14.5967904798228
149.6096096096096,-14.46161779693466
149.6896896896897,-14.383409946565624
149.76976976976977,-14.28310090204527
149.84984984984985,-14.100083877056942
149.92992992992993,-13.936576629042966
150.01001001001,-13.7833891937426
150.0900900900901,-13.676437662929752
150.17017017017017,-13.485451051796842
150.25025025025025,-13.353308888255404
150.33033033033033,-13.165457683657413
150.4104104104104,-12.992734288918586
150.4904904904905,-12.80631191251633
150.57057057057057,-12.623756261273064
150.65065065065065,-12.405032078089976
150.73073073073073,-12.273729795739966
150.8108108108108,-12.052812062159706
150.8908908908909,-11.856093230984925
150.97097097097097,-11.65241609787665
151.05105105105105,-11.446388494453151
151.13113113113113,-11.241266469311782
151.2112112112112,-11.043704229957433
151.2912912912913,-10.803564790947904
151.37137137137137,-10.606699589218701
151.45145145145145,-10.453378652553715
151.53153153153153,-10.213952401754804
151.6116116116116,-10.03026749339129
151.6916916916917,-9.816810379071724
151.77177177177177,-9.594671670086038
151.85185185185185,-9.405924888117637
151.93193193193193,-9.240356390330723
152.012012012012,-9.005195672943199
152.0920920920921,-8.824353409465962
152.17217217217217,-8.650448679353122
152.25225225225225,-8.454532081425832
152.33233233233233,-8.264299883823005
152.4124124124124,-8.14091590481517
152.4924924924925,-7.9517899987592715
152.57257257257257,-7.821850237131269
152.65265265265265,-7.636299777404215
152.73273273273273,-7.498540190149581
152.8128128128128,-7.343538781792111
152.8928928928929,-7.260509707141805
152.97297297297297,-7.097132653703774
153.05305305305305,-6.977771225221119
153.13313313313313,-6.872630083291904
153.2132132132132,-6.774324167142904
153.2932932932933,-6.647094165069023
153.37337337337337,-6.592645911509335
153.45345345345345,-6.476473904987937
153.53353353353353,-6.417356714675503
153.6136136136136,-6.366459196185376
153.6936936936937,-6.274223125079898
153.77377377377377,-6.227805640893075
153.85385385385385,-6.182645349752821
153.93393393393393,-6.123676984963048
154.014014014014,-6.05303146967411
154.0940940940941,-6.044762260123769
154.17417417417417,-5.973093235518421
154.25425425425425,-5.966480820363787
154.33433433433433,-5.9475999942781606
154.4144144144144,-5.911391941957374
154.4944944944945,-5.899557575372196
154.57457457457457,-5.932605212000565
154.65465465465465,-5.888301451305223
154.73473473473473,-5.909894661413172
154.8148148148148,-5.911819823259866
154.8948948948949,-5.891263532571854
154.97497497497497,-5.8687647502752185
155.05505505505505,-5.915991025713811
155.13513513513513,-5.900191469468644
155.2152152152152,-5.967195030828404
155.2952952952953,-5.971950277239277
155.37537537537537,-5.997544593144273
155.45545545545545,-6.0210036425290046
155.53553553553553,-6.078771729029474
155.6156156156156,-6.090997764831296
155.6956956956957,-6.132631551028652
155.77577577577577,-6.163634463149162
155.85585585585585,-6.20138754918685
155.93593593593593,-6.2461713804798595
156.016016016016,-6.329920392679984
156.0960960960961,-6.383043217237258
156.17617617617617,-6.4554295322953275
156.25625625625625,-6.518955399521347
156.33633633633633,-6.577182487103612
156.4164164164164,-6.648919006808354
156.4964964964965,-6.736346262486449
156.57657657657657,-6.813963701082833
156.65665665665665,-6.887669888558149
156.73673673673673,-6.980035436700347
156.8168168168168,-7.039751071531923
156.8968968968969,-7.159678226220424
156.97697697697697,-7.241699424643801
157.05705705705705,-7.368475305677039
157.13713713713713,-7.471940652137663
157.2172172172172,-7.574844166801456
157.2972972972973,-7.650051630946939
157.37737737737737,-7.789327212883141
157.45745745745745,-7.888634342570256
157.53753753753753,-8.012846446986412
157.6176176176176,-8.138663222993948
157.6976976976977,-8.263221644405425
157.77777777777777,-8.369235061058205
157.85785785785785,-8.540001695060962
157.93793793793793,-8.62292167599438
158.018018018018,-8.752027198077487
158.0980980980981,-8.881954105974735
158.17817817817817,-9.011659633322749
158.25825825825825,-9.10844543774278
158.33833833833833,-9.272011958304201
158.4184184184184,-9.36085609706857
158.4984984984985,-9.485522627469903
158.57857857857857,-9.662668031828815
158.65865865865865,-9.776103931739145
158.73873873873873,-9.890764655100089
158.8188188188188,-10.044438043825032
158.8988988988989,-10.150031859077503
158.97897897897897,-10.256922848062333
159.05905905905905,-10.39803566328458
159.13913913913913,-10.479769064208142
159.2192192192192,-10.601707499599495
159.2992992992993,-10.731387930695252
159.37937937937937,-10.836035128641315
159.45945945945945,-10.903752989925655
159.53953953953953,-11.051758468576772
159.6196196196196,-11.117133780458039
159.6996996996997,-11.212421755654194
159.77977977977977,-11.284485417882442
159.85985985985985,-11.336911285042184
159.93993993993993,-11.405749575178971
160.02002002002,-11.522792688548106
160.1001001001001,-11.55080235638196
160.18018018018017,-11.600385479294127
160.26026026026025,-11.663335004021642
160.34034034034033,-11.695591588759036
160.4204204204204,-11.77350132065718
160.5005005005005,-11.800200308834714
160.58058058058057,-11.82959398511571
160.66066066066065,-11.829306962560315
160.74074074074073,-11.863118270640474
160.8208208208208,-11.854123878585709
160.9009009009009,-11.871563137288012
160.98098098098097,-11.876656355060607
161.06106106106105,-11.866605316180598
161.14114114114113,-11.825812214791588
161.2212212212212,-11.771903286592545
161.3013013013013,-11.702853503408074
161.38138138138137,-11.682049002769807
161.46146146146145,-11.595959264849728
161.54154154154153,-11.49635261652689
161.6216216216216,-11.42194055843262
161.7017017017017,-11.35841080480322
161.78178178178177,-11.259602998579707
161.86186186186185,-11.16882467878164
161.94194194194193,-11.06294734108198
162.022022022022,-10.94984443220145
162.1021021021021,-10.854063767759932
162.18218218218217,-10.715342029720656
162.26226226226225,-10.577439429436925
162.34234234234233,-10.477127709108702
162.42242242242241,-10.350181338088799
162.5025025025025,-10.224721069699472
162.58258258258257,-10.094242854060798
162.66266266266265,-9.931056439597823
162.74274274274273,-9.802680700431582
162.82282282282281,-9.636981933553244
162.9029029029029,-9.460381518176323
162.98298298298297,-9.275881090576567
163.06306306306305,-9.123967864514082
163.14314314314313,-8.940969368785666
163.22322322322321,-8.77332205611726
163.3033033033033,-8.595249658456028
163.38338338338338,-8.42742326705837
163.46346346346346,-8.270745249530114
163.54354354354354,-8.108022356945352
163.62362362362362,-7.923598321587601
163.7037037037037,-7.758880221319167
163.78378378378378,-7.604096536880544
163.86386386386386,-7.436025010532801
163.94394394394394,-7.271396699859983
164.02402402402402,-7.132216052124327
164.1041041041041,-6.982875963231118
164.18418418418418,-6.837608108541936
164.26426426426426,-6.6995623448931765
164.34434434434434,-6.565250154429518
164.42442442442442,-6.444322534447853
164.5045045045045,-6.330798169890257
164.58458458458458,-6.199936667033568
164.66466466466466,-6.083353994912809
164.74474474474474,-5.990078597174459
164.82482482482482,-5.8717024705615914
164.9049049049049,-5.761760933843766
164.98498498498498,-5.689095593278848
165.06506506506506,-5.61699208263327
165.14514514514514,-5.533291200117672
165.22522522522522,-5.465992800425816
165.3053053053053,-5.398430257250158
165.38538538538538,-5.362921268329833
165.46546546546546,-5.311923011481699
165.54554554554554,-5.23700421145931
165.62562562562562,-5.1882011273473605
165.7057057057057,-5.162240293938287
165.78578578578578,-5.128189745567293
165.86586586586586,-5.08268553216418
165.94594594594594,-5.050994100552173
166.02602602602602,-5.032442596805239
166.1061061061061,-4.995989432643333
166.18618618618618,-4.984852066798736
166.26626626626626,-4.967323036755051
166.34634634634634,-4.947713537025043
166.42642642642642,-4.940235470514755
166.5065065065065,-4.91978485271892
166.58658658658658,-4.913967196868727
166.66666666666666,-4.8985136002317615
166.74674674674674,-4.907708095845147
166.82682682682682,-4.905360528014628
166.9069069069069,-4.920564484465353
166.98698698698698,-4.909763071497533
167.06706706706706,-4.912343161665507
167.14714714714714,-4.907875300266479
167.22722722722722,-4.931837096928288
167.3073073073073,-4.925657297149803
167.38738738738738,-4.9388783722862835
167.46746746746746,-4.933436083995082
167.54754754754754,-4.957811105546097
167.62762762762762,-4.945313825547001
167.7077077077077,-4.970359177902887
167.78778778778778,-4.9795008304907
167.86786786786786,-4.989216523633964
167.94794794794794,-4.998395861361634
168.02802802802802,-5.022075466986496
168.1081081081081,-5.0338970784464205
168.18818818818818,-5.057766490664604
168.26826826826826,-5.0714471753623425
168.34834834834834,-5.095725145974141
168.42842842842842,-5.12307832720295
168.5085085085085,-5.154224938362614
168.58858858858858,-5.180519686328589
168.66866866866866,-5.201109996375286
168.74874874874874,-5.232354163465082
168.82882882882882,-5.2550651290919825
168.9089089089089,-5.296925403569528
168.98898898898898,-5.331324705562706
169.06906906906906,-5.379261051713376
169.14914914914914,-5.410413116890494
169.22922922922922,-5.467058828878165
169.3093093093093,-5.500711420679615
169.38938938938938,-5.576644630118467
169.46946946946946,-5.631898294916816
169.54954954954954,-5.696329794598699
169.62962962962962,-5.733812170895446
169.7097097097097,-5.815827464697759
169.78978978978978,-5.873112372646348
169.86986986986986,-5.954477177749092
169.94994994994994,-6.026281034515686
170.03003003003002,-6.116042727908371
170.1101101101101,-6.191693916086921
170.19019019019018,-6.281643353693804
170.27027027027026,-6.3556986615742534
170.35035035035034,-6.446275932199684
170.43043043043042,-6.522124632665157
170.5105105105105,-6.630012642830366
170.59059059059058,-6.7070942135515885
170.67067067067066,-6.80358701295871
170.75075075075074,-6.891015348325933
170.83083083083082,-6.991586852672283
170.9109109109109,-7.100581745760122
170.99099099099098,-7.203259320406616
171.07107107107106,-7.291291165216313
171.15115115115114,-7.393495359942221
171.23123123123122,-7.479339827272464
171.3113113113113,-7.572464504042777
171.39139139139138,-7.676257206868372
171.47147147147146,-7.765578791210002
171.55155155155154,-7.843597786502966
171.63163163163162,-7.954602338655379
171.7117117117117,-8.04932500866267
171.79179179179178,-8.124925543404816
171.87187187187186,-8.22409670412534
171.95195195195194,-8.29573561169404
172.03203203203202,-8.366198982476986
172.11211211211213,-8.446567816349454
172.19219219219218,-8.526600522671963
172.2722722722723,-8.573175572249799
172.35235235235234,-8.636430067185566
172.43243243243245,-8.69351166495674
172.5125125125125,-8.77420489460309
172.5925925925926,-8.803442261184514
172.67267267267266,-8.853546559069951
172.75275275275277,-8.887018401552336
172.83283283283282,-8.919384711318198
172.91291291291293,-8.926814005020336
172.99299299299298,-8.95707346209536
173.0730730730731,-8.977913067886245
173.15315315315314,-8.990347591257835
173.23323323323325,-8.969159965040172
173.3133133133133,-8.961665256724338
173.3933933933934,-8.96043898999542
173.47347347347346,-8.944578886126566
173.55355355355357,-8.881060642582188
173.63363363363362,-8.846003790511984
173.71371371371373,-8.792918066092199
173.79379379379378,-8.747148049302975
173.8738738738739,-8.685172524399123
173.95395395395394,-8.605035400569552
174.03403403403405,-8.536420906253745
174.1141141141141,-8.500782455277285
174.1941941941942,-8.419619053269166
174.27427427427426,-8.317634861340373
174.35435435435437,-8.22769811437053
174.43443443443442,-8.1402919178391
174.51451451451453,-8.024949973314087
174.59459459459458,-7.92468526760334
174.6746746746747,-7.805763319799973
174.75475475475474,-7.690148947603257
174.83483483483485,-7.6067553939527155
174.9149149149149,-7.482434146678447
174.994994994995,-7.357951481699809
175.07507507507506,-7.236070561679993
175.15515515515517,-7.121047600288209
175.23523523523522,-6.966738746661925
175.31531531531533,-6.823822582895003
175.39539539539538,-6.687600747313379
175.4754754754755,-6.567526745585268
175.55555555555554,-6.456172575605844
175.63563563563565,-6.325628677985986
175.7157157157157,-6.184793709019121
175.7957957957958,-6.076747643185932
175.87587587587586,-5.966823984288202
175.95595595595597,-5.850659111612527
176.03603603603602,-5.726099307073934
176.11611611611613,-5.626201161149167
176.19619619619618,-5.51956470392041
176.2762762762763,-5.422681309433563
176.35635635635634,-5.329748341746273
176.43643643643645,-5.235530136590287
176.5165165165165,-5.16517310840749
176.5965965965966,-5.089348468918136
176.67667667667666,-5.0081503360883435
176.75675675675677,-4.9363781103601
176.83683683683682,-4.876789493200069
176.91691691691693,-4.82554882707763
176.99699699699698,-4.7633569667796065
177.0770770770771,-4.712525313144334
177.15715715715714,-4.658650997438126
177.23723723723725,-4.616582736761287
177.3173173173173,-4.597768840219571
177.3973973973974,-4.567048352006208
177.47747747747746,-4.530071908248942
177.55755755755757,-4.5039400007989805
177.63763763763762,-4.493216560021935
177.71771771771773,-4.486869962117974
177.79779779779778,-4.475763931456283
177.8778778778779,-4.459642032187578
177.95795795795794,-4.442290561022137
178.03803803803805,-4.441946417846559
178.1181181181181,-4.454649563105474
178.1981981981982,-4.445262099172004
178.27827827827826,-4.436853137897449
178.35835835835837,-4.431506373557022
178.43843843843842,-4.428334964212202
178.51851851851853,-4.436165909575467
178.59859859859858,-4.451151761136853
178.6786786786787,-4.4518031970774015
178.75875875875874,-4.451081158756931
178.83883883883885,-4.453423767911362
178.9189189189189,-4.4509840351157814
178.998998998999,-4.457954069051453
179.07907907907907,-4.463337770101639
179.15915915915917,-4.471351569719811
179.23923923923923,-4.492215566120243
179.31931931931933,-4.490350175577064
179.39939939939939,-4.470850665922511
179.4794794794795,-4.476803750770071
179.55955955955955,-4.496872473742014
179.63963963963965,-4.508214429375223
179.7197197197197,-4.503418882145184
179.7997997997998,-4.495319951002106
179.87987987987987,-4.503038725517673
179.95995995995997,-4.510895019014558
180.04004004004003,-4.507600500599189
180.12012012012013,-4.502838330044724
180.2002002002002,-4.5085056183806795
180.2802802802803,-4.5124220468686
180.36036036036035,-4.5064441770683725
180.44044044044045,-4.503311508063827
180.5205205205205,-4.500431262564484
180.60060060060061,-4.508802652285911
180.68068068068067,-4.517361201635104
180.76076076076077,-4.514187491756428
180.84084084084083,-4.51084424909055
180.92092092092093,-4.505613719826196
181.001001001001,-4.5141962944036145
181.0810810810811,-4.532455105332742
181.16116116116115,-4.538627890151634
181.24124124124126,-4.526961801346696
181.3213213213213,-4.525072466400126
181.40140140140142,-4.532323353416739
181.48148148148147,-4.5421396786070405
181.56156156156158,-4.560016820706988
181.64164164164163,-4.5722239318504405
181.72172172172174,-4.589574219532242
181.8018018018018,-4.605495807167551
181.8818818818819,-4.612171839434557
181.96196196196195,-4.631677826764527
182.04204204204206,-4.663996346400997
182.1221221221221,-4.688290682164266
182.20220220220222,-4.705466297639742
182.28228228228227,-4.733879641405131
182.36236236236238,-4.768537215225637
182.44244244244243,-4.801079435116155
182.52252252252254,-4.840060629966136
182.6026026026026,-4.875353139549546
182.6826826826827,-4.913599923782382
182.76276276276275,-4.967062710337234
182.84284284284286,-5.0162701418002
182.9229229229229,-5.0565786557502035
183.00300300300302,-5.103673291059017
183.08308308308307,-5.150439008637832
183.16316316316318,-5.197859091215264
183.24324324324323,-5.253745961636131
183.32332332332334,-5.314723790313043
183.4034034034034,-5.370060443265574
183.4834834834835,-5.426922159268939
183.56356356356355,-5.484100237646327
183.64364364364366,-5.548351105821392
183.7237237237237,-5.612115891094395
183.80380380380382,-5.662066275175959
183.88388388388387,-5.722560529619948
183.96396396396398,-5.7894250723599185
184.04404404404403,-5.8517861642094875
184.12412412412414,-5.907113900980044
184.2042042042042,-5.966549178730377
184.2842842842843,-6.030548852067901
184.36436436436435,-6.0865998615269366
184.44444444444446,-6.129983872846656
184.5245245245245,-6.18454519295747
184.60460460460462,-6.224475335069944
184.68468468468467,-6.27420159588574
184.76476476476478,-6.313254795898152
184.84484484484483,-6.35861615413005
184.92492492492494,-6.383789042144464
185.005005005005,-6.416097835526518
185.0850850850851,-6.4463123281310875
185.16516516516515,-6.48597167507147
185.24524524524526,-6.5021929817648605
185.3253253253253,-6.5065300128875085
185.40540540540542,-6.4945304844468605
185.48548548548547,-6.5106312820677985
185.56556556556558,-6.516691129368954
185.64564564564563,-6.501940568368633
185.72572572572574,-6.494957364331805
185.8058058058058,-6.483934897331515
185.8858858858859,-6.458551291136624
185.96596596596595,-6.439689581975188
186.04604604604606,-6.405560419897283
186.1261261261261,-6.334294244915621
186.20620620620622,-6.287827830190992
186.28628628628627,-6.2399266462773895
186.36636636636638,-6.183350388926692
186.44644644644643,-6.126518879295051
186.52652652652654,-6.065065527121439
186.6066066066066,-5.984899059385269
186.6866866866867,-5.927716337967809
186.76676676676675,-5.854161786731718
186.84684684684686,-5.753234043757186
186.9269269269269,-5.668417651893182
187.00700700700702,-5.608540374686643
187.08708708708707,-5.532264846571584
187.16716716716718,-5.436531372757728
187.24724724724723,-5.338412551556509
187.32732732732734,-5.253750619191
187.4074074074074,-5.180292407724192
187.4874874874875,-5.100524604494368
187.56756756756755,-5.008605653923966
187.64764764764766,-4.922616682421244
187.7277277277277,-4.853513130596064
187.80780780780782,-4.771172339542379
187.88788788788787,-4.686813540029445
187.96796796796798,-4.615801183249278
188.04804804804803,-4.54570213038518
188.12812812812814,-4.476224754118714
188.2082082082082,-4.425079784315581
188.2882882882883,-4.365928848458231
188.36836836836835,-4.318929335917524
188.44844844844846,-4.263622066122751
188.5285285285285,-4.212474458805597
188.60860860860862,-4.172778435978457
188.68868868868867,-4.132441874356924
188.76876876876878,-4.0933159821223795
188.84884884884883,-4.0618238131600455
188.92892892892894,-4.047598788442937
189.009009009009,-4.038631435019533
189.0890890890891,-4.018677976079132
189.16916916916915,-4.00400711404808
189.24924924924926,-3.9944654946186082
189.3293293293293,-3.9798536468738375
189.40940940940942,-3.980100432176525
189.48948948948947,-3.98304084278947
189.56956956956958,-3.9793780609922713
189.64964964964963,-3.978475870596808
189.72972972972974,-3.9848949526104978
189.8098098098098,-3.998658021430063
189.8898898898899,-4.002676016355421
189.96996996996995,-4.016129136934684
190.05005005005006,-4.033552932967118
190.1301301301301,-4.063726666816102
190.21021021021022,-4.081824753569392
190.29029029029027,-4.079165015170856
190.37037037037038,-4.096650407994498
190.45045045045043,-4.112438550962293
190.53053053053054,-4.13215293801346
190.6106106106106,-4.150935962215963
190.6906906906907,-4.1681338905366765
190.77077077077075,-4.191713377409869
190.85085085085086,-4.2080991173530755
190.9309309309309,-4.225240988424952
191.01101101101102,-4.227343868535971
191.09109109109107,-4.242004571931004
191.17117117117118,-4.266842237254649
191.25125125125123,-4.284704598504096
191.33133133133134,-4.295786480311743
191.41141141141142,-4.289705533381432
191.4914914914915,-4.298747913542793
191.57157157157158,-4.324582556367548
191.65165165165166,-4.346174291025518
191.73173173173174,-4.347848440178944
191.81181181181182,-4.335635071752168
191.8918918918919,-4.345059625050907
191.97197197197198,-4.355956681422301
192.05205205205206,-4.362477780579965
192.13213213213214,-4.36811552364104
192.21221221221222,-4.357433474632873
192.2922922922923,-4.350651577088985
192.37237237237238,-4.362902062400284
192.45245245245246,-4.366299428071587
192.53253253253254,-4.363582675801293
192.61261261261262,-4.3619087389386975
192.6926926926927,-4.356300711474753
192.77277277277278,-4.356163599137598
192.85285285285286,-4.336683933577094
192.93293293293294,-4.322818957752591
193.01301301301302,-4.317468487457316
193.0930930930931,-4.320219844383054
193.17317317317318,-4.3019529118582645
193.25325325325326,-4.285147871922157
193.33333333333334,-4.275424691536057
193.41341341341342,-4.271046162877866
193.4934934934935,-4.256752555387982
193.57357357357358,-4.231604435861266
193.65365365365366,-4.219927607726798
193.73373373373374,-4.213608764991318
193.81381381381382,-4.203657825914166
193.8938938938939,-4.185316224507752
193.97397397397398,-4.169970114071191
194.05405405405406,-4.147356744829625
194.13413413413414,-4.142785060955484
194.21421421421422,-4.136811987160727
194.2942942942943,-4.122902694688425
194.37437437437438,-4.108039999025355
194.45445445445446,-4.0985486975341185
194.53453453453454,-4.091359239981201
194.61461461461462,-4.081411291058273
194.6946946946947,-4.064670678020153
194.77477477477478,-4.062578671638519
194.85485485485486,-4.062836503990194
194.93493493493494,-4.059803846709489
195.01501501501502,-4.047109583628123
195.0950950950951,-4.0487174597626705
195.17517517517518,-4.059719162015663
195.25525525525526,-4.064840868050092
195.33533533533534,-4.062566684573587
195.41541541541542,-4.061849999590384
195.4954954954955,-4.076215645424626
195.57557557557558,-4.088298992432743
195.65565565565566,-4.090574888641996
195.73573573573574,-4.097510928591768
195.81581581581582,-4.119058314335405
195.8958958958959,-4.1362111760029325
195.97597597597598,-4.145472284557893
196.05605605605606,-4.150393989869328
196.13613613613614,-4.178403584454513
196.21621621621622,-4.194055530417836
196.2962962962963,-4.206122520035053
196.37637637637638,-4.211714219031531
196.45645645645646,-4.238926696536549
196.53653653653654,-4.250158945962653
196.61661661661662,-4.2900344712934615
196.6966966966967,-4.311460962689278
196.77677677677679,-4.326302737451261
196.85685685685687,-4.340464972901425
196.93693693693695,-4.3699647659661425
197.01701701701703,-4.391880065682022
197.0970970970971,-4.40356708210029
197.17717717717719,-4.416565422532463
197.25725725725727,-4.437147664639192
197.33733733733735,-4.447251832430501
197.41741741741743,-4.456319784744601
197.4974974974975,-4.456215331894634
197.57757757757759,-4.471331283672458
197.65765765765767,-4.463942803926681
197.73773773773775,-4.46162756173862
197.81781781781783,-4.44618476644124
197.8978978978979,-4.444110730279407
197.977977977978,-4.441230540580468
198.05805805805807,-4.437657149912377
198.13813813813815,-4.417164265677094
198.21821821821823,-4.3951885476333885
198.2982982982983,-4.362399522844373
198.3783783783784,-4.349393874457325
198.45845845845847,-4.306963963431857
198.53853853853855,-4.276379963357794
198.61861861861863,-4.241245679699372
198.6986986986987,-4.204827475424786
198.7787787787788,-4.15428447358465
198.85885885885887,-4.117067557395172
198.93893893893895,-4.0789963604408355
199.01901901901903,-4.0241643406786824
199.0990990990991,-3.988618277859533
199.1791791791792,-3.944542054728841
199.25925925925927,-3.89077341194313
199.33933933933935,-3.8536692791226255
199.41941941941943,-3.813637164184849
199.4994994994995,-3.7576405886076807
199.5795795795796,-3.711479344140492
199.65965965965967,-3.6741796675786347
199.73973973973975,-3.627513379611643
199.81981981981983,-3.6028662196865775
199.8998998998999,-3.569327292787191
199.97997997998,-3.5354611684212096
200.06006006006007,-3.4994169172740826
200.14014014014015,-3.473466875451396
200.22022022022023,-3.449320487354349
200.3003003003003,-3.4359173489176733
200.3803803803804,-3.4106606563046333
200.46046046046047,-3.40162819610838
200.54054054054055,-3.380888459424506
200.62062062062063,-3.372641484792847
200.7007007007007,-3.364166897406185
200.7807807807808,-3.381662188801945
200.86086086086087,-3.3945318339005914
200.94094094094095,-3.3787756453979534
201.02102102102103,-3.396317543542127
201.1011011011011,-3.407719306775154
201.1811811811812,-3.4246297628182742
201.26126126126127,-3.4440225238588305
201.34134134134135,-3.4538337872791534
201.42142142142143,-3.4870683099492013
201.5015015015015,-3.514962135752643
201.5815815815816,-3.5377455024079065
201.66166166166167,-3.5585179791334727
201.74174174174175,-3.589194541326932
201.82182182182183,-3.6314066292998084
201.9019019019019,-3.643022107039398
201.981981981982,-3.671564894004222
202.06206206206207,-3.6980187451281115
202.14214214214215,-3.7463989475173274
202.22222222222223,-3.762560557163153
202.3023023023023,-3.817569949025572
202.3823823823824,-3.818115459333046
202.46246246246247,-3.8597651519387943
202.54254254254255,-3.9016794624285973
202.62262262262263,-3.916745063987455
202.7027027027027,-3.9541529594905676
202.7827827827828,-3.996670472053711
202.86286286286287,-4.0206234289709375
202.94294294294295,-4.065220204563075
203.02302302302303,-4.076318468828842
203.1031031031031,-4.089620189467904
203.1831831831832,-4.120157975405158
203.26326326326327,-4.1670647006979715
203.34334334334335,-4.177378321036219
203.42342342342343,-4.1938434881396915
203.5035035035035,-4.224173735922821
203.5835835835836,-4.243523382341471
203.66366366366367,-4.256438935306343
203.74374374374375,-4.2927232028061395
203.82382382382383,-4.278070277076319
203.9039039039039,-4.310585984385127
203.983983983984,-4.3195940234334715
204.06406406406407,-4.319155258840979
204.14414414414415,-4.314714188268245
204.22422422422423,-4.346495624598125
204.3043043043043,-4.339495195428648
204.3843843843844,-4.357041838814244
204.46446446446447,-4.359860132879779
204.54454454454455,-4.3605985871375985
204.62462462462463,-4.351869036059284
204.7047047047047,-4.352551864854032
204.7847847847848,-4.345915435700173
204.86486486486487,-4.35570392332274
204.94494494494495,-4.351552353707011
205.02502502502503,-4.351787148021664
205.1051051051051,-4.330677919244778
205.1851851851852,-4.323619518414805
205.26526526526527,-4.323310964849498
205.34534534534535,-4.296530445074568
205.42542542542543,-4.2943306821942455
205.5055055055055,-4.279722887623913
205.5855855855856,-4.252025022718785
205.66566566566567,-4.2345989218109485
205.74574574574575,-4.2357385163999846
205.82582582582583,-4.194381901056012
205.9059059059059,-4.171432877206677
205.985985985986,-4.146212314724281
206.06606606606607,-4.140643559720485
206.14614614614615,-4.095112000889917
206.22622622622623,-4.100358514475638
206.3063063063063,-4.022471595835548
206.3863863863864,-4.0290765290908945
206.46646646646647,-3.973628118013332
206.54654654654655,-3.9700924598600302
206.62662662662663,-3.901203350998063
206.7067067067067,-3.926619553119187
206.7867867867868,-3.8597039191116975
206.86686686686687,-3.843881672697658
206.94694694694695,-3.8049287017642808
207.02702702702703,-3.7759356461441613
207.1071071071071,-3.710922568902454
207.1871871871872,-3.7234473491229
207.26726726726727,-3.6750599012617173
207.34734734734735,-3.626809614918882
207.42742742742743,-3.6005846720815793
207.5075075075075,-3.581976275896866
207.5875875875876,-3.53749889270952
207.66766766766767,-3.5248156841158718
207.74774774774775,-3.4837080629396397
207.82782782782783,-3.4580225940044955
207.9079079079079,-3.431553165636301
207.987987987988,-3.407188486769225
208.06806806806807,-3.3430020727293126
208.14814814814815,-3.337802940775175
208.22822822822823,-3.319755141768025
208.3083083083083,-3.2634978570888786
208.3883883883884,-3.2521745778043187
208.46846846846847,-3.2158005551785145
208.54854854854855,-3.217458983518439
208.62862862862863,-3.1769563670784313
208.7087087087087,-3.17632457849035
208.7887887887888,-3.1102606597437115
208.86886886886887,-3.1260226192030816
208.94894894894895,-3.102218071873112
209.02902902902903,-3.083872920456589
209.1091091091091,-3.052851458550883
209.1891891891892,-3.051598341078201
209.26926926926927,-3.0067531170467534
209.34934934934935,-3.03340363610574
209.42942942942943,-2.977645601592615
209.5095095095095,-2.988751770810902
209.5895895895896,-2.943531218310823
209.66966966966967,-2.9755947503222817
209.74974974974975,-2.910675671638553
209.82982982982983,-2.916825542183245
209.9099099099099,-2.88906918144506
209.98998998999,-2.895437251677979
210.07007007007007,-2.8593945127680427
210.15015015015015,-2.846497863443801
210.23023023023023,-2.796913146673491
210.3103103103103,-2.8233379525228073
210.3903903903904,-2.7881611623591573
210.47047047047047,-2.784864127311532
210.55055055055055,-2.7371601376116366
210.63063063063063,-2.7559502026013534
210.7107107107107,-2.7123501622025605
210.7907907907908,-2.7013890232260036
210.87087087087087,-2.6677358182322854
210.95095095095095,-2.6640260001090756
211.03103103103103,-2.642490137755793
211.11111111111111,-2.630451902350701
211.1911911911912,-2.602361096503988
211.27127127127127,-2.5755747862999834
211.35135135135135,-2.572528551820695
211.43143143143143,-2.5713340128412048
211.51151151151151,-2.559583482968767
211.5915915915916,-2.5386024404628764
211.67167167167167,-2.5444155618357125
211.75175175175175,-2.5351986059324934
211.83183183183183,-2.537476544691014
211.91191191191191,-2.5208943506700243
211.991991991992,-2.555973287304994
212.07207207207207,-2.526213842116012
212.15215215215215,-2.573022081505621
212.23223223223223,-2.54209306578164
212.31231231231232,-2.567400122806402
212.3923923923924,-2.583488848004577
212.47247247247248,-2.610843756208725
212.55255255255256,-2.6112872263934332
212.63263263263264,-2.6529059450568098
212.71271271271272,-2.649747279574271
212.7927927927928,-2.710108367168087
212.87287287287288,-2.7386179662331385
212.95295295295296,-2.7570983142916856
213.03303303303304,-2.7751133719771084
213.11311311311312,-2.826513268656867
213.1931931931932,-2.8772003375314554
213.27327327327328,-2.8963905805079797
213.35335335335336,-2.97500293338732
213.43343343343344,-3.0192634943158048
213.51351351351352,-3.0500231783826854
213.5935935935936,-3.1041172848297336
213.67367367367368,-3.113953152065516
213.75375375375376,-3.1768839909958406
213.83383383383384,-3.2452884145923564
213.91391391391392,-3.282985477052314
213.993993993994,-3.3232990324742104
214.07407407407408,-3.3775511494038923
214.15415415415416,-3.4498899085995256
214.23423423423424,-3.485074658111515
214.31431431431432,-3.524179819825013
214.3943943943944,-3.5794307261598055
214.47447447447448,-3.6133330116900373
214.55455455455456,-3.6843651166894213
214.63463463463464,-3.7258084299420835
214.71471471471472,-3.744934172948484
214.7947947947948,-3.8148470174718256
214.87487487487488,-3.853030801046446
214.95495495495496,-3.88099560747012
215.03503503503504,-3.915907855329497
215.11511511511512,-3.973454098087535
215.1951951951952,-3.9911948753237936
215.27527527527528,-4.055363967535875
215.35535535535536,-4.082857290150837
215.43543543543544,-4.134049418383311
215.51551551551552,-4.141503814491547
215.5955955955956,-4.199654281320395
215.67567567567568,-4.175385414721829
215.75575575575576,-4.2433445897751
215.83583583583584,-4.254285195843855
215.91591591591592,-4.286647192440616
215.995995995996,-4.2874005312031285
216.07607607607608,-4.31246581877845
216.15615615615616,-4.313888959396812
216.23623623623624,-4.349026828450246
216.31631631631632,-4.367801969895852
216.3963963963964,-4.385224295170832
216.47647647647648,-4.3632877638722025
216.55655655655656,-4.420222022105353
216.63663663663664,-4.385352595316701
216.71671671671672,-4.432280755228925
216.7967967967968,-4.408834053822919
216.87687687687688,-4.410592113004296
216.95695695695696,-4.430605409835388
217.03703703703704,-4.421517124261075
217.11711711711712,-4.402246277658461
217.1971971971972,-4.421844548159359
217.27727727727728,-4.4025048945766265
217.35735735735736,-4.3993213796071124
217.43743743743744,-4.362333760784429
217.51751751751752,-4.392500112278763
217.5975975975976,-4.351950789994573
217.67767767767768,-4.375078947621113
217.75775775775776,-4.34054608519435
217.83783783783784,-4.334194684764001
217.91791791791792,-4.3059110570566235
217.997997997998,-4.29295308320458
218.07807807807808,-4.260721075315778
218.15815815815816,-4.23731949854169
218.23823823823824,-4.210560806519345
218.31831831831832,-4.182773483500646
218.3983983983984,-4.151287449014967
218.47847847847848,-4.142452330393669
218.55855855855856,-4.077921745938089
218.63863863863864,-4.086330234336828
218.71871871871872,-4.022506783177202
218.7987987987988,-3.985441049192943
218.87887887887888,-3.9416418625195795
218.95895895895896,-3.9310303199080057
219.03903903903904,-3.889471466241553
219.11911911911912,-3.867041487347507
219.1991991991992,-3.782965451487055
219.27927927927928,-3.70708118582071
219.35935935935936,-3.722113919656068
219.43943943943944,-3.6849695302790098
219.51951951951952,-3.636504549042609
219.5995995995996,-3.623792186251295
219.67967967967968,-3.532118822414304
219.75975975975976,-3.490969438515652
219.83983983983984,-3.4299300526563554
219.91991991991992,-3.3912838424884697
220.0,-3.3091887664043003
