freq,trans_dB
140.0,-2.589470931794656
140.08008008008008,-2.535424553806952
140.16016016016016,-2.4722599345955225
140.24024024024024,-2.407650033886494
140.32032032032032,-2.3478612461958894
140.4004004004004,-2.2280469282639994
140.48048048048048,-2.2091978064493616
140.56056056056056,-2.1568048504852664
140.64064064064064,-2.0528864132991576
140.72072072072072,-2.009353610899822
140.8008008008008,-1.9141998221143806
140.88088088088088,-1.8479687130848457
140.96096096096096,-1.783750659672869
141.04104104104104,-1.7420859115489187
141.12112112112112,-1.6582405448777944
141.2012012012012,-1.5935888225916097
141.28128128128128,-1.5328359388394779
141.36136136136136,-1.4586523304743457
141.44144144144144,-1.3842233953621257
141.52152152152152,-1.3270753494204226
141.6016016016016,-1.2410866898223407
141.68168168168168,-1.213350656099247
141.76176176176176,-1.1176307689868343
141.84184184184184,-1.0701574211268505
141.92192192192192,-0.9851496241240223
142.002002002002,-0.9548960856177092
142.08208208208208,-0.860418850771396
142.16216216216216,-0.8327052029030387
142.24224224224224,-0.7624533693536094
142.32232232232232,-0.7217124287970796
142.4024024024024,-0.6649037843492893
142.48248248248248,-0.6464575187788051
142.56256256256256,-0.5599819598119958
142.64264264264264,-0.5662803636063919
142.72272272272272,-0.49218865035693327
142.8028028028028,-0.4891470969272305
142.88288288288288,-0.40170314264481927
142.96296296296296,-0.4288574462338629
143.04304304304304,-0.3705241355909487
143.12312312312312,-0.4039352379164874
143.2032032032032,-0.3410703072630002
143.28328328328328,-0.3647902109340227
143.36336336336336,-0.3268103863307024
143.44344344344344,-0.3642957265891138
143.52352352352352,-0.33201225332691414
143.6036036036036,-0.3519426912303439
143.68368368368368,-0.3530507604442869
143.76376376376376,-0.39781883661163764
143.84384384384384,-0.40593043557020336
143.92392392392392,-0.4319409256022095
144.004004004004,-0.45197958891995793
144.08408408408408,-0.4840856678556966
144.16416416416416,-0.525783907114824
144.24424424424424,-0.5475290693472187
144.32432432432432,-0.6125721795532332
144.4044044044044,-0.635733895960219
144.48448448448448,-0.7123435993610886
144.56456456456456,-0.7348775474226199
144.64464464464464,-0.8119646433059552
144.72472472472472,-0.8497680378876757
144.8048048048048,-0.9520542872063993
144.88488488488488,-0.9557813319827148
144.96496496496496,-1.0631676110323447
145.04504504504504,-1.0862859035193437
145.12512512512512,-1.186654410403907
145.2052052052052,-1.2148723361973455
145.28528528528528,-1.322047046021161
145.36536536536536,-1.3574604569691686
145.44544544544544,-1.4563711845122869
145.52552552552552,-1.5021527883619705
145.6056056056056,-1.5972682423387567
145.68568568568568,-1.6437342386659561
145.76576576576576,-1.7449890982653868
145.84584584584584,-1.781373630223067
145.92592592592592,-1.8750754649672314
146.006006006006,-1.9341215015901756
146.08608608608608,-2.0002432249032225
146.16616616616616,-2.055739537692195
146.24624624624624,-2.1404969511036747
146.32632632632632,-2.189474373423417
146.4064064064064,-2.273117134600688
146.48648648648648,-2.34749783626759
146.56656656656656,-2.4135205167190583
146.64664664664664,-2.4690798920762775
146.72672672672672,-2.540400040786523
146.8068068068068,-2.6030517066140284
146.88688688688688,-2.6562706039265027
146.96696696696696,-2.734011764195567
147.04704704704704,-2.7788785097019333
147.12712712712712,-2.8329735554186177
147.2072072072072,-2.890335686939176
147.28728728728728,-2.942747971166077
147.36736736736736,-2.979614424692596
147.44744744744744,-3.059842881588394
147.52752752752752,-3.101479858938281
147.6076076076076,-3.1479151515854444
147.68768768768768,-3.188042939999912
147.76776776776777,-3.261512649560877
147.84784784784785,-3.2742405362626883
147.92792792792793,-3.345293815293853
148.008008008008,-3.3645026963481235
148.08808808808809,-3.4024560643078807
148.16816816816817,-3.428748105497167
148.24824824824825,-3.4726505425623944
148.32832832832833,-3.4904812514659307
148.4084084084084,-3.5453962559329057
148.48848848848849,-3.579484160184587
148.56856856856857,-3.5949117114628333
148.64864864864865,-3.6266878532790034
148.72872872872873,-3.6713818185197935
148.8088088088088,-3.6795532590409032
148.88888888888889,-3.7107621247149845
148.96896896896897,-3.733536347648632
149.04904904904905,-3.727623302673721
149.12912912912913,-3.7522187243927663
149.2092092092092,-3.7650156003695243
149.2892892892893,-3.7838583017036043
149.36936936936937,-3.788343955715473
149.44944944944945,-3.827806531054221
149.52952952952953,-3.8216484217988103
149.6096096096096,-3.8182560216013552
149.6896896896897,-3.8486278428908864
149.76976976976977,-3.849969915581108
149.84984984984985,-3.84751604377302
149.92992992992993,-3.8559550149197954
150.01001001001,-3.8232350701212026
150.0900900900901,-3.8251321459752137
150.17017017017017,-3.818826760369393
150.25025025025025,-3.8207604623535314
150.33033033033033,-3.804164592615204
150.4104104104104,-3.7994936740642857
150.4904904904905,-3.7889653174940974
150.57057057057057,-3.7744551579375765
150.65065065065065,-3.7646454828067997
150.73073073073073,-3.7582050666648694
150.8108108108108,-3.7333390404277806
150.8908908908909,-3.7288227438509898
150.97097097097097,-3.687866647347039
151.05105105105105,-3.660117419957393
151.13113113113113,-3.63689265912241
151.2112112112112,-3.614786093552821
151.2912912912913,-3.570452231686717
151.37137137137137,-3.5546567777565095
151.45145145145145,-3.5238651740246674
151.53153153153153,-3.481873507977207
151.6116116116116,-3.4575571170667665
151.6916916916917,-3.434306818237924
151.77177177177177,-3.3769140118831134
151.85185185185185,-3.340164284467252
151.93193193193193,-3.2998996367202236
152.012012012012,-3.2300788985289226
152.0920920920921,-3.2075955755378533
152.17217217217217,-3.157476072458462
152.25225225225225,-3.1126817491145413
152.33233233233233,-3.058257386457969
152.4124124124124,-3.0173959522173517
152.4924924924925,-2.9489424067263394
152.57257257257257,-2.907906633303425
152.65265265265265,-2.8612793384184516
152.73273273273273,-2.8123361905902944
152.8128128128128,-2.750393138283674
152.8928928928929,-2.715841306892775
152.97297297297297,-2.612398099158897
153.05305305305305,-2.559482602452358
153.13313313313313,-2.4962659046829097
153.2132132132132,-2.4431204350955578
153.2932932932933,-2.3829459638742883
153.37337337337337,-2.3381217752969166
153.45345345345345,-2.2452849612023513
153.53353353353353,-2.1902096719867976
153.6136136136136,-2.1276897322384007
153.6936936936937,-2.05309077038783
153.77377377377377,-1.9797326740959393
153.85385385385385,-1.9247953113592722
153.93393393393393,-1.8438360566677894
154.014014014014,-1.7718480258070397
154.0940940940941,-1.707425682072666
154.17417417417417,-1.634872458419685
154.25425425425425,-1.57386847298794
154.33433433433433,-1.5153024511526172
154.4144144144144,-1.4395333223837772
154.4944944944945,-1.3771956181028635
154.57457457457457,-1.3196608959038805
154.65465465465465,-1.246481760864939
154.73473473473473,-1.190857072758423
154.8148148148148,-1.1261613003709854
154.8948948948949,-1.058429753821165
154.97497497497497,-0.9917270693202477
155.05505505505505,-0.9464936687275546
155.13513513513513,-0.8870510552580684
155.2152152152152,-0.8433141662061417
155.2952952952953,-0.78835196846925
155.37537537537537,-0.7361366040387936
155.45545545545545,-0.6827863525130686
155.53553553553553,-0.637663075832063
155.6156156156156,-0.5898010693096465
155.6956956956957,-0.557557049327869
155.77577577577577,-0.5192713859493117
155.85585585585585,-0.49842823613475457
155.93593593593593,-0.44934586149505124
156.016016016016,-0.42741413807473666
156.0960960960961,-0.4058895766265235
156.17617617617617,-0.39469867004854226
156.25625625625625,-0.37029517352276686
156.33633633633633,-0.3628385869319321
156.4164164164164,-0.3489118299529543
156.4964964964965,-0.35419837894724676
156.57657657657657,-0.35196073530293875
156.65665665665665,-0.36171031532474196
156.73673673673673,-0.35234472262480077
156.8168168168168,-0.37373555741888015
156.8968968968969,-0.3837489274636888
156.97697697697697,-0.40161709565530973
157.05705705705705,-0.4240681267572942
157.13713713713713,-0.46471960726564626
157.2172172172172,-0.4875173141508782
157.2972972972973,-0.5358075951727662
157.37737737737737,-0.563033873204085
157.45745745745745,-0.6188455809975356
157.53753753753753,-0.6539137190004343
157.6176176176176,-0.7122476209221057
157.6976976976977,-0.7467335371057038
157.77777777777777,-0.8099308303146922
157.85785785785785,-0.8638684617953711
157.93793793793793,-0.9214557584493136
158.018018018018,-0.9754484140876394
158.0980980980981,-1.0358575598937316
158.17817817817817,-1.0919197671561722
158.25825825825825,-1.1585546330177892
158.33833833833833,-1.2336887174691296
158.4184184184184,-1.2867888027727297
158.4984984984985,-1.3597071016851934
158.57857857857857,-1.4253515034707833
158.65865865865865,-1.4951341524495998
158.73873873873873,-1.5489670143652319
158.8188188188188,-1.6329936685581454
158.8988988988989,-1.6995182288695907
158.97897897897897,-1.7681557489383593
159.05905905905905,-1.836991199616842
159.13913913913913,-1.9028952891846869
159.2192192192192,-1.9739768364611292
159.2992992992993,-2.046390696931629
159.37937937937937,-2.0989586387874466
159.45945945945945,-2.1580087679980977
159.53953953953953,-2.2280328075337255
159.6196196196196,-2.292553947275221
159.6996996996997,-2.3506313219885198
159.77977977977977,-2.420671884178554
159.85985985985985,-2.483761733760484
159.93993993993993,-2.53106211542244
160.02002002002,-2.602283815095362
160.1001001001001,-2.647225188576099
160.18018018018017,-2.7057935378385456
160.26026026026025,-2.7588132602348403
160.34034034034033,-2.816893872956552
160.4204204204204,-2.8601821890480115
160.5005005005005,-2.917026866278609
160.58058058058057,-2.9680285655772094
160.66066066066065,-3.0233018712464736
160.74074074074073,-3.071238528400832
160.8208208208208,-3.1287441709989356
160.9009009009009,-3.1481550676156576
160.98098098098097,-3.1907612168629678
161.06106106106105,-3.2336234605126593
161.14114114114113,-3.264036078687458
161.2212212212212,-3.3027601954317887
161.3013013013013,-3.3461556182416
161.38138138138137,-3.3854784067196353
161.46146146146145,-3.411505667687732
161.54154154154153,-3.447145610959882
161.6216216216216,-3.4755199597723268
161.7017017017017,-3.5041269967975595
161.78178178178177,-3.5380235712032455
161.86186186186185,-3.5480011286343753
161.94194194194193,-3.5849143265581125
162.022022022022,-3.600843314056482
162.1021021021021,-3.6166326804689994
162.18218218218217,-3.6372509681874448
162.26226226226225,-3.660775956968165
162.34234234234233,-3.6829029356372187
162.42242242242241,-3.691057848601711
162.5025025025025,-3.7025047212441233
162.58258258258257,-3.7092518719467114
162.66266266266265,-3.7197276235917647
162.74274274274273,-3.7379483471851307
162.82282282282281,-3.7383080884249416
162.9029029029029,-3.7289052026662515
162.98298298298297,-3.729899645227618
163.06306306306305,-3.717984489517539
163.14314314314313,-3.7133263755950865
163.22322322322321,-3.7043651375733067
163.3033033033033,-3.703291707429429
163.38338338338338,-3.6928117522500523
163.46346346346346,-3.6966081897577587
163.54354354354354,-3.675913694790846
163.62362362362362,-3.6843694283778103
163.7037037037037,-3.6547752520843133
163.78378378378378,-3.648057456126187
163.86386386386386,-3.613589254424829
163.94394394394394,-3.602572497551533
164.02402402402402,-3.5716199948809395
164.1041041041041,-3.5596315002748438
164.18418418418418,-3.5255720367306074
164.26426426426426,-3.5172549862732194
164.34434434434434,-3.4672044943421483
164.42442442442442,-3.4565237923424452
164.5045045045045,-3.4163689241245496
164.58458458458458,-3.3852651393943467
164.66466466466466,-3.3407505709612244
164.74474474474474,-3.3234451573277872
164.82482482482482,-3.259814566422105
164.9049049049049,-3.2241926121449542
164.98498498498498,-3.189976210553251
165.06506506506506,-3.155260049494054
165.14514514514514,-3.101458006171845
165.22522522522522,-3.065933197062936
165.3053053053053,-3.0033143354441045
165.38538538538538,-2.9876648764753555
165.46546546546546,-2.9265747673666493
165.54554554554554,-2.871207498908542
165.62562562562562,-2.8148564883008964
165.7057057057057,-2.7783748422656775
165.78578578578578,-2.721704094219679
165.86586586586586,-2.6533308828809115
165.94594594594594,-2.623239124895428
166.02602602602602,-2.5642169026414794
166.1061061061061,-2.4962542178293674
166.18618618618618,-2.4408493641512354
166.26626626626626,-2.374906315688417
166.34634634634634,-2.3125397286799
166.42642642642642,-2.2595944873608054
166.5065065065065,-2.1834275969761405
166.58658658658658,-2.128578965112772
166.66666666666666,-2.0637888560717688
166.74674674674674,-2.007495809135538
166.82682682682682,-1.9124290249385905
166.9069069069069,-1.8840699004090753
166.98698698698698,-1.8022237996897583
167.06706706706706,-1.7467060130334795
167.14714714714714,-1.6713485471750802
167.22722722722722,-1.627170029927794
167.3073073073073,-1.5416798793179403
167.38738738738738,-1.4930360041733308
167.46746746746746,-1.4029292749160844
167.54754754754754,-1.3549737786613036
167.62762762762762,-1.284065046389476
167.7077077077077,-1.2418260113558528
167.78778778778778,-1.1578749603401284
167.86786786786786,-1.1145059473214018
167.94794794794794,-1.0404522891814678
168.02802802802802,-0.9931348275278041
168.1081081081081,-0.9264653735118085
168.18818818818818,-0.8775215760252062
168.26826826826826,-0.8001842922974688
168.34834834834834,-0.7660742971389691
168.42842842842842,-0.7115704143830385
168.5085085085085,-0.6746241306751789
168.58858858858858,-0.6275822945066097
168.66866866866866,-0.5948514945566656
168.74874874874874,-0.5443969216165182
168.82882882882882,-0.5051035821390586
168.9089089089089,-0.4625887677440971
168.98898898898898,-0.42776286215509907
169.06906906906906,-0.4140372488009993
169.14914914914914,-0.38822630911294903
169.22922922922922,-0.36887533933710315
169.3093093093093,-0.3511798768882696
169.38938938938938,-0.35192549940300555
169.46946946946946,-0.3283149148162798
169.54954954954954,-0.32336576495210784
169.62962962962962,-0.31265911228802373
169.7097097097097,-0.32888459916802143
169.78978978978978,-0.32288088743355486
169.86986986986986,-0.3397855810234673
169.94994994994994,-0.34345904921597514
170.03003003003002,-0.37530639516358627
170.1101101101101,-0.3866261491919027
170.19019019019018,-0.41294703633362373
170.27027027027026,-0.43773224260181026
170.35035035035034,-0.4801941248162308
170.43043043043042,-0.5045528033806075
170.5105105105105,-0.5556994124871334
170.59059059059058,-0.5891607499092794
170.67067067067066,-0.6397455889723983
170.75075075075074,-0.6884039049861149
170.83083083083082,-0.7377415158740681
170.9109109109109,-0.7916573275688478
170.99099099099098,-0.8512361822857534
171.07107107107106,-0.8910577097871838
171.15115115115114,-0.9506569876512113
171.23123123123122,-1.0189071829084193
171.3113113113113,-1.0691059206088758
171.39139139139138,-1.129016369905495
171.47147147147146,-1.2024884446101523
171.55155155155154,-1.263044359142549
171.63163163163162,-1.3301159254434631
171.7117117117117,-1.3976114419228494
171.79179179179178,-1.4565658578139795
171.87187187187186,-1.5267098472136893
171.95195195195194,-1.5893843253946764
172.03203203203202,-1.639883994491935
172.11211211211213,-1.7025680831280503
172.19219219219218,-1.7895250069774808
172.2722722722723,-1.8407221196789965
172.35235235235234,-1.9060914661682147
172.43243243243245,-1.978063884709976
172.5125125125125,-2.040564733837477
172.5925925925926,-2.0997363057508096
172.67267267267266,-2.160671804557479
172.75275275275277,-2.2170446360215736
172.83283283283282,-2.2833729182227414
172.91291291291293,-2.344296713328323
172.99299299299298,-2.394764021302832
173.0730730730731,-2.456525843564724
173.15315315315314,-2.522935471747902
173.23323323323325,-2.568149329064048
173.3133133133133,-2.625317575101743
173.3933933933934,-2.6844466960222375
173.47347347347346,-2.7319258026399216
173.55355355355357,-2.7800902366297473
173.63363363363362,-2.8309737264926387
173.71371371371373,-2.8656927424464658
173.79379379379378,-2.9125563983159197
173.8738738738739,-2.9683165817256185
173.95395395395394,-2.998020589848919
174.03403403403405,-3.036681186791414
174.1141141141141,-3.100220137394601
174.1941941941942,-3.139052467353326
174.27427427427426,-3.1697959661910975
174.35435435435437,-3.2093174831694498
174.43443443443442,-3.2403903805131575
174.51451451451453,-3.26651274575798
174.59459459459458,-3.306665602997909
174.6746746746747,-3.3260959194636954
174.75475475475474,-3.3513172930589152
174.83483483483485,-3.3909430616711527
174.9149149149149,-3.414047949943791
174.994994994995,-3.432004764430956
175.07507507507506,-3.4651247377318746
175.15515515515517,-3.4853239001332947
175.23523523523522,-3.4884652728432886
175.31531531531533,-3.5108752903079945
175.39539539539538,-3.5184022517058415
175.4754754754755,-3.528479574304289
175.55555555555554,-3.550624877268021
175.63563563563565,-3.5642443271086184
175.7157157157157,-3.5627350021831794
175.7957957957958,-3.5799302068841365
175.87587587587586,-3.586015220608681
175.95595595595597,-3.578090800544351
176.03603603603602,-3.5852071429416545
176.11611611611613,-3.590337593390395
176.19619619619618,-3.5798005285923895
176.2762762762763,-3.5735884113630227
176.35635635635634,-3.5648353176113337
176.43643643643645,-3.553766563253534
176.5165165165165,-3.562699069745538
176.5965965965966,-3.569538063698863
176.67667667667666,-3.5394073953297744
176.75675675675677,-3.528860329235517
176.83683683683682,-3.526742016544934
176.91691691691693,-3.50189365229795
176.99699699699698,-3.4791488723850543
177.0770770770771,-3.4617459029964968
177.15715715715714,-3.4285260460691367
177.23723723723725,-3.402055925951316
177.3173173173173,-3.388011223410598
177.3973973973974,-3.3606433672372673
177.47747747747746,-3.3367139508744295
177.55755755755757,-3.3260665607055673
177.63763763763762,-3.289798688455863
177.71771771771773,-3.2507465498996555
177.79779779779778,-3.2262671414291164
177.8778778778779,-3.1938661604766643
177.95795795795794,-3.152594844901481
178.03803803803805,-3.1169821203017176
178.1181181181181,-3.0762868630784155
178.1981981981982,-3.0300826382016455
178.27827827827826,-2.997693446984094
178.35835835835837,-2.954075466462226
178.43843843843842,-2.9026726515758785
178.51851851851853,-2.868067408653243
178.59859859859858,-2.824952916865303
178.6786786786787,-2.7753090239745766
178.75875875875874,-2.7317044940198083
178.83883883883885,-2.6794688399279805
178.9189189189189,-2.615512508117972
178.998998998999,-2.5657556921078086
179.07907907907907,-2.5153370889313935
179.15915915915917,-2.4572248436193584
179.23923923923923,-2.410013414626723
179.31931931931933,-2.3497532089742483
179.39939939939939,-2.282635410900334
179.4794794794795,-2.2251342278935855
179.55955955955955,-2.173165708909151
179.63963963963965,-2.117456471281169
179.7197197197197,-2.0581232568828596
179.7997997997998,-1.9907900429860372
179.87987987987987,-1.9248627372322018
179.95995995995997,-1.8651917179542532
180.04004004004003,-1.803972642046412
180.12012012012013,-1.7386361920782702
180.2002002002002,-1.6842948306993517
180.2802802802803,-1.6193630070144658
180.36036036036035,-1.5511532838975786
180.44044044044045,-1.4937665317058268
180.5205205205205,-1.4358553345765914
180.60060060060061,-1.3713812236668346
180.68068068068067,-1.304714519531406
180.76076076076077,-1.240411736172767
180.84084084084083,-1.1757385693200326
180.92092092092093,-1.1124736788719132
181.001001001001,-1.0587044672273713
181.0810810810811,-1.0011083927686326
181.16116116116115,-0.9432467185985626
181.24124124124126,-0.8863847805224464
181.3213213213213,-0.8321404849840754
181.40140140140142,-0.7781537770765823
181.48148148148147,-0.7330604531906075
181.56156156156158,-0.6849904421620203
181.64164164164163,-0.63812905917175
181.72172172172174,-0.6007689071196776
181.8018018018018,-0.5573965277661795
181.8818818818819,-0.5180239690669114
181.96196196196195,-0.48442840222294203
182.04204204204206,-0.45407577099822827
182.1221221221221,-0.4225706706621102
182.20220220220222,-0.3951886134777914
182.28228228228227,-0.3754333672406771
182.36236236236238,-0.36153905652934887
182.44244244244243,-0.3493218187666704
182.52252252252254,-0.33516613817714325
182.6026026026026,-0.32447612296505374
182.6826826826827,-0.3246256102408078
182.76276276276275,-0.32482127953641265
182.84284284284286,-0.32807014795455913
182.9229229229229,-0.33530411182199504
183.00300300300302,-0.349343852198642
183.08308308308307,-0.36249334097437014
183.16316316316318,-0.3796141103256398
183.24324324324323,-0.39794709936203754
183.32332332332334,-0.4255956430363771
183.4034034034034,-0.4584283409400345
183.4834834834835,-0.4920565687601799
183.56356356356355,-0.5241763246554199
183.64364364364366,-0.5635678487269898
183.7237237237237,-0.6051562265197961
183.80380380380382,-0.6460608558984218
183.88388388388387,-0.6874312418000792
183.96396396396398,-0.7391641666097925
184.04404404404403,-0.7902359895810392
184.12412412412414,-0.8432703900317193
184.2042042042042,-0.8980679462383094
184.2842842842843,-0.9542232068072568
184.36436436436435,-1.0127034123328162
184.44444444444446,-1.0664195723077665
184.5245245245245,-1.1271655863484724
184.60460460460462,-1.1841069453908863
184.68468468468467,-1.2483623401502433
184.76476476476478,-1.312624693425123
184.84484484484483,-1.377099011894054
184.92492492492494,-1.4353763953884557
185.005005005005,-1.500929714349586
185.0850850850851,-1.5670808262640208
185.16516516516515,-1.631355426147866
185.24524524524526,-1.6999131568037749
185.3253253253253,-1.7630377180480488
185.40540540540542,-1.8107713782693005
185.48548548548547,-1.8777888447812747
185.56556556556558,-1.942582669793594
185.64564564564563,-1.9981845270813428
185.72572572572574,-2.063450611720462
185.8058058058058,-2.1254498520744254
185.8858858858859,-2.1785385389375267
185.96596596596595,-2.243076813394584
186.04604604604606,-2.3076949944656078
186.1261261261261,-2.350557304585388
186.20620620620622,-2.4163279395124677
186.28628628628627,-2.4701864513853584
186.36636636636638,-2.5027253905576825
186.44644644644643,-2.5576774126218895
186.52652652652654,-2.6169884940115833
186.6066066066066,-2.658204472774265
186.6866866866867,-2.710261954408426
186.76676676676675,-2.764252105998872
186.84684684684686,-2.797073217029878
186.9269269269269,-2.8370457400042928
187.00700700700702,-2.902882816171873
187.08708708708707,-2.943465050628513
187.16716716716718,-2.972837382158659
187.24724724724723,-3.012687294931871
187.32732732732734,-3.0383704889579697
187.4074074074074,-3.0736986399197153
187.4874874874875,-3.1190936362495942
187.56756756756755,-3.1474568841341863
187.64764764764766,-3.174181199219449
187.7277277277277,-3.2196182859021336
187.80780780780782,-3.237689341199168
187.88788788788787,-3.258024367346312
187.96796796796798,-3.2964898159934983
188.04804804804803,-3.3141420218460875
188.12812812812814,-3.329804336396242
188.2082082082082,-3.362813773897911
188.2882882882883,-3.3683953509484073
188.36836836836835,-3.3882936497636327
188.44844844844846,-3.409917180921286
188.5285285285285,-3.4227410009505044
188.60860860860862,-3.4310526487115007
188.68868868868867,-3.4490868777723103
188.76876876876878,-3.46032977951124
188.84884884884883,-3.453615928429878
188.92892892892894,-3.47530725242785
189.009009009009,-3.4827275062459306
189.0890890890891,-3.4856663241082813
189.16916916916915,-3.4977158789936786
189.24924924924926,-3.492178312253653
189.3293293293293,-3.4821332089105606
189.40940940940942,-3.480711672500338
189.48948948948947,-3.479291413504576
189.56956956956958,-3.465408647720551
189.64964964964963,-3.457580891623986
189.72972972972974,-3.4630121028434706
189.8098098098098,-3.4352037879423576
189.8898898898899,-3.4293728602873834
189.96996996996995,-3.4233046971920253
190.05005005005006,-3.4062672832607306
190.1301301301301,-3.399511570092679
190.21021021021022,-3.3754207277210457
190.29029029029027,-3.3494634512934836
190.37037037037038,-3.3289756793178316
190.45045045045043,-3.311809790049598
190.53053053053054,-3.2923880742557103
190.6106106106106,-3.2667082033280606
190.6906906906907,-3.252961521268176
190.77077077077075,-3.214993026179393
190.85085085085086,-3.188592412533288
190.9309309309309,-3.1606237519693905
191.01101101101102,-3.1167191115180164
191.09109109109107,-3.0944112958901964
191.17117117117118,-3.0639531857361826
191.25125125125123,-3.032744783943397
191.33133133133134,-2.9831749166430637
191.41141141141142,-2.9465283751887292
191.4914914914915,-2.909133894711708
191.57157157157158,-2.8673237156673643
191.65165165165166,-2.821048282011766
191.73173173173174,-2.7757776291701974
191.81181181181182,-2.715339798219534
191.8918918918919,-2.671410069121719
191.97197197197198,-2.6254153094595845
192.05205205205206,-2.5822159680742085
192.13213213213214,-2.5345578878253723
192.21221221221222,-2.4828655845578194
192.2922922922923,-2.4115996093686123
192.37237237237238,-2.366564680835661
192.45245245245246,-2.3074123451805395
192.53253253253254,-2.263551024267359
192.61261261261262,-2.2039612373200494
192.6926926926927,-2.146621407176822
192.77277277277278,-2.0822541124473557
192.85285285285286,-2.0233728722334026
192.93293293293294,-1.9629468006022432
193.01301301301302,-1.8996362353143776
193.0930930930931,-1.8357140828858776
193.17317317317318,-1.7778639308227497
193.25325325325326,-1.712859124135488
193.33333333333334,-1.6524199371560566
193.41341341341342,-1.5868359372515906
193.4934934934935,-1.5273578501828406
193.57357357357358,-1.4654776997158354
193.65365365365366,-1.4036955043640478
193.73373373373374,-1.3402420124482197
193.81381381381382,-1.281635151022395
193.8938938938939,-1.2291957068713766
193.97397397397398,-1.1676839489814992
194.05405405405406,-1.0984795829296246
194.13413413413414,-1.0472159687213574
194.21421421421422,-0.9895191688874863
194.2942942942943,-0.93798944677893
194.37437437437438,-0.8841351108318556
194.45445445445446,-0.829882107711033
194.53453453453454,-0.7795757296952601
194.61461461461462,-0.7366371623833695
194.6946946946947,-0.6861587604763904
194.77477477477478,-0.643307355559771
194.85485485485486,-0.6066829494456303
194.93493493493494,-0.5693519032398625
195.01501501501502,-0.527950175143503
195.0950950950951,-0.49632711650554895
195.17517517517518,-0.4698705932252795
195.25525525525526,-0.44547160553755355
195.33533533533534,-0.4226285691879834
195.41541541541542,-0.40150376444363617
195.4954954954955,-0.38230897815935855
195.57557557557558,-0.3721366846161368
195.65565565565566,-0.3626360858926854
195.73573573573574,-0.35243451675305754
195.81581581581582,-0.349166335771242
195.8958958958959,-0.3440105129948483
195.97597597597598,-0.3484702375254569
196.05605605605606,-0.3545646806332893
196.13613613613614,-0.373073220945006
196.21621621621622,-0.3823565322704579
196.2962962962963,-0.40520101920153184
196.37637637637638,-0.4164068666837622
196.45645645645646,-0.4555318037913162
196.53653653653654,-0.4749821559636294
196.61661661661662,-0.5137161634822172
196.6966966966967,-0.540621629696405
196.77677677677679,-0.5777461635033365
196.85685685685687,-0.6119592415560499
196.93693693693695,-0.6635184845388984
197.01701701701703,-0.6981955298636907
197.0970970970971,-0.7487156574152338
197.17717717717719,-0.8059692071281294
197.25725725725727,-0.8548155902366441
197.33733733733735,-0.9009741518173162
197.41741741741743,-0.9554312106965352
197.4974974974975,-1.0073859463449564
197.57757757757759,-1.0625909968414822
197.65765765765767,-1.119759399756768
197.73773773773775,-1.1763082012134503
197.81781781781783,-1.2316387504146935
197.8978978978979,-1.292651756998352
197.977977977978,-1.364272238317879
198.05805805805807,-1.431710326848983
198.13813813813815,-1.4873899591177107
198.21821821821823,-1.545352272959569
198.2982982982983,-1.5858007389024011
198.3783783783784,-1.6604665333067823
198.45845845845847,-1.716388178657183
198.53853853853855,-1.7790385698885063
198.61861861861863,-1.8460216361443509
198.6986986986987,-1.8951073145804047
198.7787787787788,-1.9520251967365814
198.85885885885887,-2.014159415769361
198.93893893893895,-2.08265239599165
199.01901901901903,-2.1304585435306422
199.0990990990991,-2.174275916544937
199.1791791791792,-2.2418066321228647
199.25925925925927,-2.2884492793772067
199.33933933933935,-2.353090930782291
199.41941941941943,-2.39431279359023
199.4994994994995,-2.4444115594787914
199.5795795795796,-2.4962374966818293
199.65965965965967,-2.5544990163845465
199.73973973973975,-2.5913208605621145
199.81981981981983,-2.6435886263488295
199.8998998998999,-2.6922317493233914
199.97997997998,-2.744108251059231
200.06006006006007,-2.7724453096042914
200.14014014014015,-2.819045344043524
200.22022022022023,-2.862046998464124
200.3003003003003,-2.9109880567093462
200.3803803803804,-2.951644805042399
200.46046046046047,-2.9839499320593577
200.54054054054055,-3.007535326092885
200.62062062062063,-3.041686512103765
200.7007007007007,-3.079130159792163
200.7807807807808,-3.119305959792906
200.86086086086087,-3.142564860337397
200.94094094094095,-3.165547318266569
201.02102102102103,-3.1918241433288244
201.1011011011011,-3.2267557681062846
201.1811811811812,-3.248015176638135
201.26126126126127,-3.2774544873066684
201.34134134134135,-3.296808230258062
201.42142142142143,-3.3204505059629983
201.5015015015015,-3.335972940145857
201.5815815815816,-3.3545942816280467
201.66166166166167,-3.372041714139399
201.74174174174175,-3.3913128112202373
201.82182182182183,-3.4110849635242433
201.9019019019019,-3.4064934218909206
201.981981981982,-3.4233503978599873
202.06206206206207,-3.438176480612256
202.14214214214215,-3.4527383015551534
202.22222222222223,-3.4393057069887107
202.3023023023023,-3.4624296591602626
202.3823823823824,-3.4362839114538577
202.46246246246247,-3.4490946502493984
202.54254254254255,-3.4470252148770655
202.62262262262263,-3.4382159927995084
202.7027027027027,-3.44894993150381
202.7827827827828,-3.456646761416625
202.86286286286287,-3.4323729463243007
202.94294294294295,-3.4448679757273406
203.02302302302303,-3.4227942435329712
203.1031031031031,-3.4068392036310873
203.1831831831832,-3.390467843919939
203.26326326326327,-3.377063675630163
203.34334334334335,-3.3525090773307857
203.42342342342343,-3.3420787404534815
203.5035035035035,-3.3291070016154087
203.5835835835836,-3.2993393840671152
203.66366366366367,-3.2727872686401884
203.74374374374375,-3.2722620740467354
203.82382382382383,-3.2226684902925156
203.9039039039039,-3.210112666368735
203.983983983984,-3.1742541117863725
204.06406406406407,-3.134691264082772
204.14414414414415,-3.10649545479879
204.22422422422423,-3.0788667491411035
204.3043043043043,-3.0245369306766934
204.3843843843844,-3.0011857531353567
204.46446446446447,-2.9705605432922355
204.54454454454455,-2.9330045791038035
204.62462462462463,-2.8713403663857147
204.7047047047047,-2.8379672180427584
204.7847847847848,-2.782891396916271
204.86486486486487,-2.7529315456886936
204.94494494494495,-2.705230710005403
205.02502502502503,-2.6628333345371167
205.1051051051051,-2.6058794847571507
205.1851851851852,-2.564181427556291
205.26526526526527,-2.513682652195083
205.34534534534535,-2.455654154326462
205.42542542542543,-2.419975584879058
205.5055055055055,-2.3508992292061404
205.5855855855856,-2.2956025971158165
205.66566566566567,-2.2438494330910608
205.74574574574575,-2.2041941021549447
205.82582582582583,-2.1108230609768546
205.9059059059059,-2.088205316519269
205.985985985986,-2.0128713261742086
206.06606606606607,-1.9632943706939416
206.14614614614615,-1.8939010554300413
206.22622622622623,-1.8514013180859432
206.3063063063063,-1.7529051146579835
206.3863863863864,-1.7293245392604457
206.46646646646647,-1.63254854905546
206.54654654654655,-1.5874206024741144
206.62662662662663,-1.5133254790752901
206.7067067067067,-1.4851846622210463
206.7867867867868,-1.390477869881008
206.86686686686687,-1.3582227082227265
206.94694694694695,-1.293072528632411
207.02702702702703,-1.2204363308866018
207.1071071071071,-1.1506165353326343
207.1871871871872,-1.1343469915896014
207.26726726726727,-1.0468838221200052
207.34734734734735,-1.0045595496070088
207.42742742742743,-0.9364395989457843
207.5075075075075,-0.895976921988156
207.5875875875876,-0.8420871530047696
207.66766766766767,-0.8113722467378978
207.74774774774775,-0.7319835029583043
207.82782782782783,-0.7061298936778718
207.9079079079079,-0.667135817550929
207.987987987988,-0.6204462004910202
208.06806806806807,-0.5770169429007055
208.14814814814815,-0.5453101890507389
208.22822822822823,-0.5057161827728076
208.3083083083083,-0.46964110811293386
208.3883883883884,-0.448711741294582
208.46846846846847,-0.42440943917439505
208.54854854854855,-0.4124812213109907
208.62862862862863,-0.4007557537115455
208.7087087087087,-0.38055551734510906
208.7887887887888,-0.3558328180548784
208.86886886886887,-0.36915937469181187
208.94894894894895,-0.3613809930517923
209.02902902902903,-0.37405239028630377
209.1091091091091,-0.3614995060814981
209.1891891891892,-0.3704955295934157
209.26926926926927,-0.37304757840560837
209.34934934934935,-0.4022003562380667
209.42942942942943,-0.39951756954545503
209.5095095095095,-0.4373780768678231
209.5895895895896,-0.45165951073384286
209.66966966966967,-0.48997486891839936
209.74974974974975,-0.5115770993303441
209.82982982982983,-0.5492078602441108
209.9099099099099,-0.5666045349271884
209.98998998999,-0.6211611405809118
210.07007007007007,-0.6425854159523756
210.15015015015015,-0.6880573893511076
210.23023023023023,-0.7307466829954559
210.3103103103103,-0.785169022444177
210.3903903903904,-0.8342244457183237
210.47047047047047,-0.8830118322801451
210.55055055055055,-0.9338356414235311
210.63063063063063,-0.9902310884790974
210.7107107107107,-1.0460135680350926
210.7907907907908,-1.0918381156632848
210.87087087087087,-1.1521811073301598
210.95095095095095,-1.215442528227389
211.03103103103103,-1.2673443702098124
211.11111111111111,-1.3129787556951438
211.1911911911912,-1.3745004730827721
211.27127127127127,-1.415770168733337
211.35135135135135,-1.5036426197158195
211.43143143143143,-1.5613406906982872
211.51151151151151,-1.620356368761001
211.5915915915916,-1.6733853347036103
211.67167167167167,-1.7638503156283594
211.75175175175175,-1.7845291336051818
211.83183183183183,-1.8557698748886697
211.91191191191191,-1.8943183162835098
211.991991991992,-1.9918160812944343
212.07207207207207,-2.0133485629452856
212.15215215215215,-2.1137701228225736
212.23223223223223,-2.127201564332737
212.31231231231232,-2.207987235008822
212.3923923923924,-2.2579241031737345
212.47247247247248,-2.3188937124761764
212.55255255255256,-2.347410556991361
212.63263263263264,-2.437476749518505
212.71271271271272,-2.447147049366821
212.7927927927928,-2.540129785067722
212.87287287287288,-2.5600594392948435
212.95295295295296,-2.6172186585001005
213.03303303303304,-2.6304977676292127
213.11311311311312,-2.7211955817676756
213.1931931931932,-2.754460031838266
213.27327327327328,-2.8012157201973187
213.35335335335336,-2.852133865426733
213.43343343343344,-2.890898234680941
213.51351351351352,-2.9313354906861973
213.5935935935936,-2.978140498471678
213.67367367367368,-2.984860953235786
213.75375375375376,-3.0437372073807363
213.83383383383384,-3.080034851505941
213.91391391391392,-3.098027160391396
213.993993993994,-3.1457398958391956
214.07407407407408,-3.169265543941304
214.15415415415416,-3.2186172233232453
214.23423423423424,-3.2170897953108883
214.31431431431432,-3.2467232221842637
214.3943943943944,-3.284798766965132
214.47447447447448,-3.2937811177910636
214.55455455455456,-3.336437775941144
214.63463463463464,-3.3478367292232796
214.71471471471472,-3.352723540474314
214.7947947947948,-3.3839841353582374
214.87487487487488,-3.3837430824305104
214.95495495495496,-3.4181483961356145
215.03503503503504,-3.4048283193857145
215.11511511511512,-3.449116564610388
215.1951951951952,-3.426592160916504
215.27527527527528,-3.456722717064513
215.35535535535536,-3.4692365967708994
215.43543543543544,-3.468912417395099
215.51551551551552,-3.4750359416654004
215.5955955955956,-3.4775583469593694
215.67567567567568,-3.444398510268046
215.75575575575576,-3.473586136652337
215.83583583583584,-3.4490015763637865
215.91591591591592,-3.4709932754851516
215.995995995996,-3.4286423019341785
216.07607607607608,-3.425998243348343
216.15615615615616,-3.391297599630757
216.23623623623624,-3.4038624825651023
216.31631631631632,-3.3914574947324665
216.3963963963964,-3.3788923530703836
216.47647647647648,-3.3482245264921233
216.55655655655656,-3.3383068394652544
216.63663663663664,-3.295353712856191
216.71671671671672,-3.3082354801171157
216.7967967967968,-3.2581456077437427
216.87687687687688,-3.246273646673668
216.95695695695696,-3.2060475466146827
217.03703703703704,-3.1874958491295957
217.11711711711712,-3.144594783234048
217.1971971971972,-3.1264624663556524
217.27727727727728,-3.0881274329927835
217.35735735735736,-3.0636543207408695
217.43743743743744,-3.003550858647469
217.51751751751752,-2.9768848421916942
217.5975975975976,-2.935570638736434
217.67767767767768,-2.9436319975067193
217.75775775775776,-2.852743462754453
217.83783783783784,-2.83627625938211
217.91791791791792,-2.768793082991636
217.997997997998,-2.738933276218344
218.07807807807808,-2.6704893345139813
218.15815815815816,-2.6377485063084603
218.23823823823824,-2.5933770374434006
218.31831831831832,-2.5305369266402042
218.3983983983984,-2.4826115125121655
218.47847847847848,-2.4316368145459304
218.55855855855856,-2.371104804172864
218.63863863863864,-2.347877674507985
218.71871871871872,-2.2563022164862696
218.7987987987988,-2.2152164120980786
218.87887887887888,-2.1477917198436405
218.95895895895896,-2.0999956084896607
219.03903903903904,-2.045459443500475
219.11911911911912,-2.000704057698479
219.1991991991992,-1.8914665559894928
219.27927927927928,-1.8324252646375565
219.35935935935936,-1.79784817949977
219.43943943943944,-1.7462155479579036
219.51951951951952,-1.690175067075673
219.5995995995996,-1.6510733068716732
219.67967967967968,-1.549562868822763
219.75975975975976,-1.490029416346257
219.83983983983984,-1.4436144416486167
219.91991991991992,-1.3594205220325928
220.0,-1.3107250165242998
