freq,trans_dB
90.0,-2.5042670049181144
90.05005005005005,-2.444370530190535
90.10010010010011,-2.403663283022207
90.15015015015015,-2.3518142393420187
90.2002002002002,-2.256905670759527
90.25025025025025,-2.249537817903678
90.30030030030031,-2.206430039482268
90.35035035035035,-2.1161982088084454
90.4004004004004,-2.0538014961552253
90.45045045045045,-2.0556122238494416
90.50050050050051,-1.9796555261430235
90.55055055055055,-1.9189446964553736
90.6006006006006,-1.9071360914568214
90.65065065065065,-1.8583878965879372
90.70070070070071,-1.7541317305933226
90.75075075075075,-1.786772409512376
90.8008008008008,-1.756209144627117
90.85085085085085,-1.6743044853466942
90.90090090090091,-1.6767250953088326
90.95095095095095,-1.6451900070225822
91.001001001001,-1.5883315505342066
91.05105105105105,-1.5615329765524717
91.10110110110111,-1.571929591426685
91.15115115115115,-1.500354450803025
91.2012012012012,-1.475452150307131
91.25125125125125,-1.512385792463442
91.30130130130131,-1.4848060632677946
91.35135135135135,-1.420745027849231
91.4014014014014,-1.4513927590831985
91.45145145145145,-1.451859447289671
91.50150150150151,-1.4093110623834633
91.55155155155155,-1.427584057250455
91.6016016016016,-1.4319132076281011
91.65165165165165,-1.3959560423547763
91.70170170170171,-1.399967102411555
91.75175175175175,-1.4476160208635496
91.8018018018018,-1.4412599844914644
91.85185185185185,-1.424033862582298
91.90190190190191,-1.4690472372404488
91.95195195195195,-1.4907263289107946
92.002002002002,-1.4748519227014785
92.05205205205205,-1.513097836132235
92.10210210210211,-1.5457157435498667
92.15215215215215,-1.538802594592123
92.2022022022022,-1.5861951607230915
92.25225225225225,-1.6106693094562277
92.30230230230231,-1.646717628484128
92.35235235235236,-1.6667502082572816
92.4024024024024,-1.7077678554091202
92.45245245245245,-1.7605666277104814
92.50250250250251,-1.783735132123215
92.55255255255256,-1.8558942068869326
92.6026026026026,-1.8778585644746801
92.65265265265265,-1.9246994016224164
92.70270270270271,-1.9756792375854502
92.75275275275276,-2.026202097791642
92.8028028028028,-2.064058218353213
92.85285285285285,-2.1284852663609115
92.90290290290291,-2.1856085033264776
92.95295295295296,-2.242999129061391
93.003003003003,-2.2893089754381037
93.05305305305305,-2.393252588125059
93.10310310310311,-2.413934282786557
93.15315315315316,-2.4717766071195157
93.2032032032032,-2.5336782061184326
93.25325325325325,-2.636256767882586
93.30330330330331,-2.6841421967977457
93.35335335335336,-2.7616385972389446
93.4034034034034,-2.787698402371718
93.45345345345345,-2.8882514116901272
93.50350350350351,-2.9554230933161962
93.55355355355356,-3.0390375128040032
93.6036036036036,-3.097106422420055
93.65365365365365,-3.1686563831175754
93.70370370370371,-3.2664938765743368
93.75375375375376,-3.330540869542683
93.8038038038038,-3.4020057321431305
93.85385385385385,-3.4933202923710573
93.90390390390391,-3.5586116335956084
93.95395395395396,-3.605453419903552
94.004004004004,-3.7226319397721093
94.05405405405405,-3.7944316387429136
94.10410410410411,-3.844843726764445
94.15415415415416,-3.909830725770895
94.2042042042042,-4.049342497185171
94.25425425425425,-4.101356141562079
94.30430430430431,-4.178018355946085
94.35435435435436,-4.250722222609979
94.4044044044044,-4.319850044271064
94.45445445445445,-4.3933772051337625
94.50450450450451,-4.490653634961549
94.55455455455456,-4.553038293272668
94.6046046046046,-4.61064192133303
94.65465465465465,-4.704890331060778
94.70470470470471,-4.784749997867424
94.75475475475476,-4.842810702904241
94.8048048048048,-4.935404738795388
94.85485485485485,-4.999227109513061
94.90490490490491,-5.024518158326743
94.95495495495496,-5.078772013942027
95.005005005005,-5.1615360524419405
95.05505505505505,-5.202890322980286
95.10510510510511,-5.231062831542199
95.15515515515516,-5.301383608971526
95.2052052052052,-5.418794650561872
95.25525525525525,-5.46946929961112
95.30530530530531,-5.5037292787395655
95.35535535535536,-5.573539352439465
95.4054054054054,-5.619047688370367
95.45545545545545,-5.6577545106641765
95.50550550550551,-5.724374356965115
95.55555555555556,-5.77669099952633
95.6056056056056,-5.78051249358964
95.65565565565565,-5.835984464209787
95.70570570570571,-5.919819058060997
95.75575575575576,-5.946734732580143
95.8058058058058,-5.96769306571152
95.85585585585585,-6.008306729594787
95.90590590590591,-6.0248381923998675
95.95595595595596,-6.064217906692696
96.006006006006,-6.1273197828563015
96.05605605605605,-6.140676464635494
96.10610610610611,-6.158257782075358
96.15615615615616,-6.214623699328204
96.2062062062062,-6.24986597104501
96.25625625625625,-6.263848379335627
96.30630630630631,-6.30819158609547
96.35635635635636,-6.3196929799773045
96.4064064064064,-6.365822879360401
96.45645645645645,-6.393841529200313
96.50650650650651,-6.4271235348783975
96.55655655655656,-6.424944872622797
96.6066066066066,-6.433032449643567
96.65665665665665,-6.461634760890211
96.70670670670671,-6.4630293824929215
96.75675675675676,-6.483095005806459
96.8068068068068,-6.500479689803173
96.85685685685685,-6.472427193409348
96.90690690690691,-6.5623373864400225
96.95695695695696,-6.557362636061043
97.007007007007,-6.576350986148489
97.05705705705705,-6.570260563402722
97.10710710710711,-6.598694529829229
97.15715715715716,-6.616053931851384
97.2072072072072,-6.62621843541338
97.25725725725725,-6.654203036705031
97.30730730730731,-6.637123502823056
97.35735735735736,-6.638923074944857
97.4074074074074,-6.663329090935682
97.45745745745745,-6.6544699609579805
97.50750750750751,-6.682827681552105
97.55755755755756,-6.661287530301277
97.6076076076076,-6.653242463365621
97.65765765765767,-6.672241452700882
97.70770770770771,-6.668866466640131
97.75775775775776,-6.659415444685882
97.8078078078078,-6.648206379418637
97.85785785785785,-6.666124347037767
97.90790790790791,-6.656351452539159
97.95795795795796,-6.674946452721646
98.008008008008,-6.669788470852715
98.05805805805807,-6.652883958499901
98.10810810810811,-6.6819610533323806
98.15815815815816,-6.683004694859519
98.2082082082082,-6.649052147391749
98.25825825825825,-6.633874510411731
98.30830830830831,-6.6369092087589
98.35835835835836,-6.623855230125211
98.4084084084084,-6.613673237328184
98.45845845845847,-6.618206724136864
98.50850850850851,-6.580345994735807
98.55855855855856,-6.537621269327971
98.6086086086086,-6.567631422809593
98.65865865865865,-6.54352204060107
98.70870870870871,-6.5245300028337665
98.75875875875876,-6.511129050029031
98.8088088088088,-6.504694828485442
98.85885885885887,-6.4864206710669245
98.90890890890891,-6.478248558124302
98.95895895895896,-6.47063064647802
99.009009009009,-6.416522064001775
99.05905905905905,-6.421565663121346
99.10910910910911,-6.395892519435892
99.15915915915916,-6.368790166483778
99.2092092092092,-6.361741990168501
99.25925925925927,-6.314434311456995
99.30930930930931,-6.306991000083477
99.35935935935936,-6.279131430978888
99.4094094094094,-6.248179176976418
99.45945945945945,-6.221905095632147
99.50950950950951,-6.172606040742193
99.55955955955956,-6.1480078026738525
99.6096096096096,-6.133349672294057
99.65965965965967,-6.121629098171487
99.70970970970971,-6.072871667420321
99.75975975975976,-6.038800800540505
99.8098098098098,-6.053042659090618
99.85985985985985,-6.006985330697694
99.90990990990991,-5.957774011586724
99.95995995995996,-5.932978961605105
100.01001001001,-5.867045827869049
100.06006006006007,-5.845245986957473
100.11011011011011,-5.815623312767663
100.16016016016016,-5.796715034428282
100.2102102102102,-5.752053113511218
100.26026026026025,-5.696778345633533
100.31031031031031,-5.6865385874295775
100.36036036036036,-5.635955978447375
100.4104104104104,-5.594326361916257
100.46046046046047,-5.535315035843141
100.51051051051051,-5.4974572545473075
100.56056056056056,-5.459013700244486
100.6106106106106,-5.40571255137562
100.66066066066065,-5.37626143676291
100.71071071071071,-5.3217217064253886
100.76076076076076,-5.264570874711272
100.8108108108108,-5.23706913361848
100.86086086086087,-5.199885360824348
100.91091091091091,-5.1337327562494
100.96096096096096,-5.100712974409261
101.011011011011,-5.050544039752937
101.06106106106107,-5.000376391664665
101.11111111111111,-4.954653273922075
101.16116116116116,-4.907070055182536
101.21121121121121,-4.842847065309334
101.26126126126127,-4.783010620893149
101.31131131131131,-4.759968211157163
101.36136136136136,-4.701950239025667
101.41141141141141,-4.629043455702477
101.46146146146147,-4.570947875212923
101.51151151151151,-4.537785290332145
101.56156156156156,-4.475395956653022
101.61161161161161,-4.405082040152893
101.66166166166167,-4.350037553350041
101.71171171171171,-4.321520513651478
101.76176176176176,-4.24691429904289
101.81181181181181,-4.205073553421751
101.86186186186187,-4.160586563735343
101.91191191191191,-4.080940353831099
101.96196196196196,-4.001025679752548
102.01201201201201,-3.9619981031417066
102.06206206206207,-3.9220461387896672
102.11211211211211,-3.8432304878766383
102.16216216216216,-3.7682788936847205
102.21221221221221,-3.733283748756718
102.26226226226227,-3.683986683427902
102.31231231231232,-3.6026395133487856
102.36236236236236,-3.5438253128519186
102.41241241241241,-3.4854901690749993
102.46246246246247,-3.433212352897329
102.51251251251252,-3.3794471924107694
102.56256256256256,-3.32068655486408
102.61261261261261,-3.258018466121963
102.66266266266267,-3.1993419484762238
102.71271271271272,-3.143727393430377
102.76276276276276,-3.090769175745717
102.81281281281281,-3.023386149507214
102.86286286286287,-2.9677547324091176
102.91291291291292,-2.915073827316976
102.96296296296296,-2.8583818276420616
103.01301301301301,-2.805141458582615
103.06306306306307,-2.7412312681233866
103.11311311311312,-2.681633021596053
103.16316316316316,-2.640398004804718
103.21321321321321,-2.6066647861326975
103.26326326326327,-2.5758192728817573
103.31331331331332,-2.501761076591231
103.36336336336336,-2.447171151189795
103.41341341341341,-2.4079493706625072
103.46346346346347,-2.3555366429227327
103.51351351351352,-2.3151198684452328
103.56356356356356,-2.273619440569809
103.61361361361361,-2.240335422500812
103.66366366366367,-2.1860888314652605
103.71371371371372,-2.1612875077693516
103.76376376376376,-2.136519690880529
103.81381381381381,-2.0788248906527738
103.86386386386387,-2.050324288112206
103.91391391391392,-2.0264777169988526
103.96396396396396,-1.9968009490192045
104.01401401401401,-1.952779145606372
104.06406406406407,-1.9431178510943559
104.11411411411412,-1.931124930666333
104.16416416416416,-1.911506534644802
104.21421421421421,-1.9082265950178714
104.26426426426427,-1.8970408086953077
104.31431431431432,-1.8685523303118319
104.36436436436436,-1.849968247679464
104.41441441441441,-1.8525352988533454
104.46446446446447,-1.8392004194564529
104.51451451451452,-1.852255467746856
104.56456456456456,-1.8576320893571077
104.61461461461461,-1.8590001622227028
104.66466466466467,-1.85721212517764
104.71471471471472,-1.868331856133527
104.76476476476476,-1.87798829895342
104.81481481481481,-1.8855776454626219
104.86486486486487,-1.9041732963314517
104.91491491491492,-1.9263541852197534
104.96496496496496,-1.9664889261089595
105.01501501501502,-1.9814898977849882
105.06506506506507,-2.01120543680247
105.11511511511512,-2.045250217680885
105.16516516516516,-2.0770957932771967
105.21521521521521,-2.114047725711399
105.26526526526527,-2.1406164467723094
105.31531531531532,-2.1845212418024733
105.36536536536536,-2.2040959235934436
105.41541541541542,-2.260979655169924
105.46546546546547,-2.317742896960634
105.51551551551552,-2.3548055553548215
105.56556556556556,-2.402619835249143
105.61561561561561,-2.444741324352773
105.66566566566567,-2.506636385122662
105.71571571571572,-2.556757261659789
105.76576576576576,-2.6230700638090454
105.81581581581582,-2.6715241119343784
105.86586586586587,-2.7304893954349607
105.91591591591592,-2.791551025919106
105.96596596596596,-2.8624754245996042
106.01601601601601,-2.912366572903996
106.06606606606607,-2.95917372421647
106.11611611611612,-3.037067189569467
106.16616616616616,-3.085679026890909
106.21621621621622,-3.1619345911559353
106.26626626626627,-3.230010490113647
106.31631631631632,-3.291114385641319
106.36636636636636,-3.3362397332298905
106.41641641641641,-3.409678471750197
106.46646646646647,-3.5003527380264865
106.51651651651652,-3.5380654505077764
106.56656656656656,-3.604922508268285
106.61661661661662,-3.6711367404291715
106.66666666666667,-3.747540592757977
106.71671671671672,-3.7980550231380437
106.76676676676676,-3.8670404195349706
106.81681681681681,-3.931848696922657
106.86686686686687,-3.9829729635162843
106.91691691691692,-4.071147813128707
106.96696696696696,-4.135886078592996
107.01701701701703,-4.1689671224338944
107.06706706706707,-4.189435892832966
107.11711711711712,-4.27295997559647
107.16716716716716,-4.344312554489299
107.21721721721721,-4.4010207676578865
107.26726726726727,-4.464459252858649
107.31731731731732,-4.525077938700828
107.36736736736736,-4.587372176397992
107.41741741741743,-4.64281412886303
107.46746746746747,-4.707568891769877
107.51751751751752,-4.724648339097261
107.56756756756756,-4.777102547530118
107.61761761761761,-4.841154176326096
107.66766766766767,-4.88822315548504
107.71771771771772,-4.938787982874655
107.76776776776777,-4.973678666067784
107.81781781781783,-5.02645964778226
107.86786786786787,-5.091952148049089
107.91791791791792,-5.165525725108883
107.96796796796797,-5.188147253614129
108.01801801801801,-5.204953338517911
108.06806806806807,-5.261475925352815
108.11811811811812,-5.313557012706946
108.16816816816817,-5.379582003780937
108.21821821821823,-5.406113188013092
108.26826826826827,-5.429817814591872
108.31831831831832,-5.475702151255548
108.36836836836837,-5.542473444159349
108.41841841841841,-5.579350549370337
108.46846846846847,-5.612866948113089
108.51851851851852,-5.655475668546511
108.56856856856857,-5.691488083199105
108.61861861861863,-5.721109874196172
108.66866866866867,-5.769461595038875
108.71871871871872,-5.804596361897577
108.76876876876877,-5.803547282695421
108.81881881881881,-5.845980232531696
108.86886886886887,-5.906714949682506
108.91891891891892,-5.930139347894321
108.96896896896897,-5.932144965551502
109.01901901901903,-5.971764131367491
109.06906906906907,-6.022101680992684
109.11911911911912,-6.056214293083177
109.16916916916917,-6.096113571332208
109.21921921921921,-6.1142208729704794
109.26926926926927,-6.121941003581714
109.31931931931932,-6.146022013190436
109.36936936936937,-6.211175409946408
109.41941941941943,-6.227698685665081
109.46946946946947,-6.211483086559066
109.51951951951952,-6.251904993547326
109.56956956956957,-6.296644586220866
109.61961961961961,-6.307913210720165
109.66966966966967,-6.322930050555204
109.71971971971972,-6.352347601018201
109.76976976976977,-6.350197774604657
109.81981981981983,-6.3696368082827
109.86986986986987,-6.418407234226343
109.91991991991992,-6.40992689507338
109.96996996996997,-6.408183192848425
110.02002002002001,-6.464528800827059
110.07007007007007,-6.505434970485052
110.12012012012012,-6.494751823803374
110.17017017017017,-6.501022845349675
110.22022022022023,-6.516925067160326
110.27027027027027,-6.5180262196683545
110.32032032032032,-6.548577767035128
110.37037037037037,-6.5740970266395555
110.42042042042041,-6.549067164783447
110.47047047047047,-6.546500002155269
110.52052052052052,-6.576745508101781
110.57057057057057,-6.578077692800296
110.62062062062063,-6.568327651141326
110.67067067067067,-6.5790344130902705
110.72072072072072,-6.592791440633968
110.77077077077077,-6.606550401562466
110.82082082082081,-6.612483273999831
110.87087087087087,-6.606464415640013
110.92092092092092,-6.599716933780848
110.97097097097097,-6.589487035870304
111.02102102102103,-6.606139711006045
111.07107107107107,-6.631422546207459
111.12112112112112,-6.617237672212433
111.17117117117117,-6.5940092636583545
111.22122122122121,-6.60672136883955
111.27127127127127,-6.623314069650337
111.32132132132132,-6.614447023501291
111.37137137137137,-6.6047373651459855
111.42142142142143,-6.586157075159862
111.47147147147147,-6.579635294994279
111.52152152152152,-6.595192084294697
111.57157157157158,-6.571018227448968
111.62162162162163,-6.547569229551797
111.67167167167167,-6.550532292477617
111.72172172172172,-6.552261802701188
111.77177177177177,-6.536284434459651
111.82182182182183,-6.537591868472951
111.87187187187187,-6.515611871271793
111.92192192192192,-6.471225223417625
111.97197197197198,-6.473574380285585
112.02202202202203,-6.4783386220358565
112.07207207207207,-6.446515547342988
112.12212212212212,-6.4288585363604005
112.17217217217217,-6.413351063743063
112.22222222222223,-6.409815016032741
112.27227227227228,-6.412528485309406
112.32232232232232,-6.38636150874468
112.37237237237238,-6.333333507978751
112.42242242242243,-6.308344641072148
112.47247247247248,-6.301915211256988
112.52252252252252,-6.2704013949288555
112.57257257257257,-6.244977229977362
112.62262262262263,-6.219795326575607
112.67267267267268,-6.18072168460748
112.72272272272272,-6.173056334065848
112.77277277277278,-6.1649541294459524
112.82282282282283,-6.1257353904312914
112.87287287287288,-6.082340355484761
112.92292292292292,-6.062651461679371
112.97297297297297,-6.051028121490431
113.02302302302303,-6.02071383611034
113.07307307307308,-5.980816690591575
113.12312312312312,-5.936167409045928
113.17317317317318,-5.909902657550813
113.22322322322323,-5.899546788551326
113.27327327327328,-5.867767120512442
113.32332332332332,-5.815385486285799
113.37337337337337,-5.767308651915008
113.42342342342343,-5.741864059573244
113.47347347347348,-5.715271447343164
113.52352352352352,-5.662372452406581
113.57357357357358,-5.613053781059687
113.62362362362363,-5.575982208822445
113.67367367367368,-5.544265721716883
113.72372372372372,-5.516802013429744
113.77377377377377,-5.479067536681068
113.82382382382383,-5.426262474765954
113.87387387387388,-5.37898799829649
113.92392392392392,-5.352631574274623
113.97397397397398,-5.322139238005738
114.02402402402403,-5.2662988055186855
114.07407407407408,-5.209127508220957
114.12412412412412,-5.155561800722217
114.17417417417417,-5.1175416925110255
114.22422422422423,-5.0903531257863275
114.27427427427428,-5.045773408368389
114.32432432432432,-4.975086921551491
114.37437437437438,-4.92672224506397
114.42442442442443,-4.8983251695679835
114.47447447447448,-4.842851392174166
114.52452452452452,-4.777714828174947
114.57457457457457,-4.724669453662033
114.62462462462463,-4.6772189735835985
114.67467467467468,-4.630969315733789
114.72472472472472,-4.591205834005113
114.77477477477478,-4.5405721366698755
114.82482482482483,-4.47797833157368
114.87487487487488,-4.423229621763789
114.92492492492492,-4.384438374024274
114.97497497497497,-4.3362659657958
115.02502502502503,-4.262865907017246
115.07507507507508,-4.192331044850345
115.12512512512512,-4.1436180387843295
115.17517517517518,-4.106911207738343
115.22522522522523,-4.063638189507118
115.27527527527528,-4.000577110834508
115.32532532532532,-3.9391365942271626
115.37537537537537,-3.8961289067424443
115.42542542542543,-3.847364515903523
115.47547547547548,-3.786711485291699
115.52552552552552,-3.7221402266208496
115.57557557557558,-3.6585082306655363
115.62562562562563,-3.6099892631724346
115.67567567567568,-3.569685158814041
115.72572572572572,-3.5188909605969023
115.77577577577577,-3.4464100160998594
115.82582582582583,-3.3862026884081406
115.87587587587588,-3.3526753381223906
115.92592592592592,-3.3100851152051587
115.97597597597598,-3.2522118910189075
116.02602602602603,-3.1919172038481447
116.07607607607608,-3.1450668253220333
116.12612612612612,-3.1072719042358448
116.17617617617617,-3.0693359499836546
116.22622622622623,-3.0105749309545375
116.27627627627628,-2.9566761478673156
116.32632632632632,-2.919758667478095
116.37637637637638,-2.8728758843759006
116.42642642642643,-2.8194475950592928
116.47647647647648,-2.7692657040239825
116.52652652652652,-2.727499433698089
116.57657657657657,-2.6881892261607385
116.62662662662663,-2.6633315136215985
116.67667667667668,-2.633134699851196
116.72672672672672,-2.584739346794749
116.77677677677679,-2.541827049806
116.82682682682683,-2.522769117903884
116.87687687687688,-2.497541035419868
116.92692692692692,-2.456259761305941
116.97697697697697,-2.424678735297525
117.02702702702703,-2.3993377844074546
117.07707707707708,-2.3833256869838606
117.12712712712712,-2.3633904489430537
117.17717717717719,-2.339648492976651
117.22722722722723,-2.3029661046373215
117.27727727727728,-2.2812407033315654
117.32732732732732,-2.282985493887537
117.37737737737737,-2.2742681124104296
117.42742742742743,-2.257498897740809
117.47747747747748,-2.2480423088691546
117.52752752752752,-2.2567676943549433
117.57757757757759,-2.2540751640960455
117.62762762762763,-2.254771207894327
117.67767767767768,-2.2443533690956077
117.72772772772772,-2.226434206077959
117.77777777777777,-2.2328597072368934
117.82782782782783,-2.2526480825447495
117.87787787787788,-2.2599534433938664
117.92792792792793,-2.2520168104747786
117.97797797797799,-2.2756164447215212
118.02802802802803,-2.2889155185070083
118.07807807807808,-2.298933673289483
118.12812812812813,-2.321851783081885
118.17817817817817,-2.342556659724641
118.22822822822823,-2.348308640313946
118.27827827827828,-2.3721145687876657
118.32832832832833,-2.418341789830941
118.37837837837839,-2.4250529178891425
118.42842842842843,-2.4448865603750507
118.47847847847848,-2.492487973196017
118.52852852852853,-2.5250585653928077
118.57857857857857,-2.550452602312523
118.62862862862863,-2.599835461074291
118.67867867867868,-2.6449489346772417
118.72872872872873,-2.656098791528941
118.77877877877879,-2.697989387278489
118.82882882882883,-2.7470248908856085
118.87887887887888,-2.7700565932249237
118.92892892892893,-2.80019614660638
118.97897897897897,-2.8572020425882307
119.02902902902903,-2.8902581870678854
119.07907907907908,-2.9300925682710157
119.12912912912913,-3.0090518914279505
119.17917917917919,-3.0554791052857793
119.22922922922923,-3.0909590307007653
119.27927927927928,-3.1431401175303404
119.32932932932933,-3.200754256158178
119.37937937937937,-3.2310237268097044
119.42942942942943,-3.281740860763234
119.47947947947948,-3.3403100809938646
119.52952952952953,-3.3663811847383545
119.57957957957959,-3.4307141760038924
119.62962962962963,-3.5273908982959643
119.67967967967968,-3.5664281532768984
119.72972972972973,-3.5830395499579977
119.77977977977977,-3.6622682766212766
119.82982982982983,-3.723528806227598
119.87987987987988,-3.75045552322897
119.92992992992993,-3.813779249833028
119.97997997997999,-3.868144907995336
120.03003003003003,-3.893427707539328
120.08008008008008,-3.976229426330558
120.13013013013014,-4.077030404800627
120.18018018018019,-4.094216370444648
120.23023023023023,-4.12260518348408
120.28028028028028,-4.206162754678886
120.33033033033033,-4.256249522869806
120.38038038038039,-4.298527820006302
120.43043043043043,-4.363057444782352
120.48048048048048,-4.39048143525599
120.53053053053054,-4.419076173028174
120.58058058058059,-4.523119424442457
120.63063063063063,-4.600339279311653
120.68068068068068,-4.596800273735404
120.73073073073073,-4.641361302040763
120.78078078078079,-4.734677551310521
120.83083083083083,-4.774926763695758
120.88088088088088,-4.823348202887429
120.93093093093094,-4.884692966861373
120.98098098098099,-4.899675880190539
121.03103103103103,-4.938528497808498
121.08108108108108,-5.029228834600172
121.13113113113113,-5.088723745750593
121.18118118118119,-5.081190546648513
121.23123123123123,-5.122348515036762
121.28128128128128,-5.197103139526838
121.33133133133134,-5.243838335265551
121.38138138138139,-5.2906203290219675
121.43143143143143,-5.333176691944888
121.48148148148148,-5.353499462317268
121.53153153153153,-5.410045751659553
121.58158158158159,-5.487649235588615
121.63163163163163,-5.49119612634164
121.68168168168168,-5.493981900591612
121.73173173173174,-5.568317628299913
121.78178178178179,-5.62106333499446
121.83183183183183,-5.654756266705018
121.88188188188188,-5.707643430249286
121.93193193193193,-5.734423398010933
121.98198198198199,-5.731495913457899
122.03203203203203,-5.802129938635804
122.08208208208208,-5.867156143947237
122.13213213213214,-5.846683411926322
122.18218218218217,-5.856808246301162
122.23223223223223,-5.915998600784153
122.28228228228228,-5.955267215659155
122.33233233233233,-5.988160444752728
122.38238238238239,-6.033233269476563
122.43243243243244,-6.032626805121095
122.48248248248248,-6.067792373933151
122.53253253253254,-6.147619004527632
122.58258258258257,-6.163908033333615
122.63263263263264,-6.139465724493148
122.68268268268268,-6.178789380073175
122.73273273273273,-6.2182655168304874
122.78278278278279,-6.227351176021216
122.83283283283284,-6.268562286875136
122.88288288288288,-6.298392225981513
122.93293293293294,-6.286108790445606
122.98298298298297,-6.298744283620542
123.03303303303304,-6.392672866701068
123.08308308308308,-6.4025285165071475
123.13313313313313,-6.35721039358507
123.18318318318319,-6.389874101118311
123.23323323323324,-6.443009501203328
123.28328328328328,-6.444357101493866
123.33333333333334,-6.454843893501425
123.38338338338338,-6.486228527657952
123.43343343343344,-6.483266618294556
123.48348348348348,-6.497389763095263
123.53353353353353,-6.555899862244082
123.58358358358359,-6.5415463145457515
123.63363363363364,-6.508622785243724
123.68368368368368,-6.563027025827587
123.73373373373374,-6.573292419825834
123.78378378378378,-6.557833765472851
123.83383383383384,-6.586584145450013
123.88388388388388,-6.597880150679892
123.93393393393393,-6.563115019307886
123.98398398398399,-6.617494941418815
124.03403403403404,-6.672552377465724
124.08408408408408,-6.596517530143136
124.13413413413414,-6.57730288512749
124.18418418418419,-6.647121149205907
124.23423423423424,-6.6241333060005525
124.2842842842843,-6.592515504892121
124.33433433433433,-6.618077070789625
124.38438438438439,-6.627235539900966
124.43443443443444,-6.615760162491846
124.48448448448448,-6.655825262847862
124.53453453453454,-6.651161600323457
124.58458458458459,-6.603427839097613
124.63463463463464,-6.5916926530260005
124.6846846846847,-6.610375657410514
124.73473473473473,-6.608993804323731
124.78478478478479,-6.595532324657556
124.83483483483484,-6.587982749081238
124.88488488488488,-6.574626945930898
124.93493493493494,-6.58344787066084
124.98498498498499,-6.592533606516983
125.03503503503504,-6.568869754421676
125.0850850850851,-6.51968561028467
125.13513513513513,-6.509504148454615
125.18518518518519,-6.542898436898539
125.23523523523524,-6.5046620327278895
125.28528528528528,-6.469897750940613
125.33533533533534,-6.483934761887344
125.38538538538539,-6.4616694356975986
125.43543543543544,-6.439818528046748
125.4854854854855,-6.4650150367988655
125.53553553553553,-6.440070983303037
125.58558558558559,-6.354068566987189
125.63563563563564,-6.3616633722257445
125.68568568568568,-6.39369651612355
125.73573573573574,-6.334130491062068
125.78578578578579,-6.297326029317655
125.83583583583584,-6.304354539746017
125.8858858858859,-6.268176504628643
125.93593593593593,-6.251507663978348
125.98598598598599,-6.252128801697763
126.03603603603604,-6.1749207637479335
126.08608608608608,-6.118497612528113
126.13613613613614,-6.1569382578971865
126.18618618618619,-6.129402482010092
126.23623623623624,-6.0677380250587225
126.2862862862863,-6.071929297688538
126.33633633633633,-6.043005826402969
126.38638638638639,-6.005045553473069
126.43643643643644,-6.001099581766165
126.48648648648648,-5.970189266287001
126.53653653653654,-5.871885422063072
126.58658658658659,-5.838076179922113
126.63663663663664,-5.842190401758098
126.6866866866867,-5.796809504639081
126.73673673673673,-5.752850747606357
126.78678678678679,-5.7209580669859745
126.83683683683684,-5.685488989834238
126.88688688688688,-5.662637318042189
126.93693693693695,-5.641734633609233
126.98698698698699,-5.582550291177385
127.03703703703704,-5.51157016929116
127.0870870870871,-5.491440001032111
127.13713713713713,-5.457880217167059
127.18718718718719,-5.407890458561495
127.23723723723724,-5.373110043106941
127.28728728728728,-5.327082442318981
127.33733733733735,-5.276648408037617
127.38738738738739,-5.241554657646809
127.43743743743744,-5.214312465609665
127.4874874874875,-5.152628578650005
127.53753753753753,-5.07568217243583
127.58758758758759,-5.04810421391541
127.63763763763764,-5.0152953286136155
127.68768768768768,-4.949630643826748
127.73773773773775,-4.901047399536127
127.78778778778779,-4.850730067417687
127.83783783783784,-4.791323523928298
127.8878878878879,-4.743634015667595
127.93793793793793,-4.713428157037416
127.98798798798799,-4.63910180937651
128.03803803803805,-4.565287503811358
128.08808808808809,-4.536444466783169
128.13813813813815,-4.4976991701488265
128.18818818818818,-4.434450757129135
128.23823823823824,-4.3683988662733935
128.2882882882883,-4.303662602639416
128.33833833833833,-4.238093987835137
128.3883883883884,-4.196603968985636
128.43843843843842,-4.150236307795167
128.48848848848849,-4.063298406179742
128.53853853853855,-4.004453511677806
128.5885885885886,-3.951515149461804
128.63863863863864,-3.8992970584921807
128.6886886886887,-3.829933568327874
128.73873873873873,-3.7778337379104223
128.7887887887888,-3.7166977173461286
128.83883883883885,-3.6480337584066183
128.88888888888889,-3.6100403551464395
128.93893893893895,-3.548300053340128
128.98898898898898,-3.4479325964083456
129.03903903903904,-3.401698043336539
129.0890890890891,-3.357171980337409
129.13913913913913,-3.2841980979848184
129.1891891891892,-3.22158800108352
129.23923923923923,-3.1689019147413835
129.2892892892893,-3.1080667384903657
129.33933933933935,-3.0270696231019443
129.3893893893894,-3.0024638106357164
129.43943943943944,-2.933878430822685
129.4894894894895,-2.85404607026518
129.53953953953953,-2.8142280110935802
129.5895895895896,-2.7546227682222146
129.63963963963965,-2.695822473402224
129.6896896896897,-2.6217073041722094
129.73973973973975,-2.5983252641310957
129.78978978978978,-2.525623564207057
129.83983983983984,-2.4816130184216973
129.8898898898899,-2.4504664697275347
129.93993993993993,-2.3807431458619863
129.98998998999,-2.3409948300289796
130.04004004004003,-2.3078553184319985
130.0900900900901,-2.266618312579309
130.14014014014015,-2.2077235506829362
130.1901901901902,-2.189541995972675
130.24024024024024,-2.1634684625641056
130.2902902902903,-2.105100542941251
130.34034034034033,-2.07863950651652
130.3903903903904,-2.0607772635706865
130.44044044044045,-2.03502530680621
130.4904904904905,-2.002294739215493
130.54054054054055,-2.0055590432062034
130.59059059059058,-1.9789884867836052
130.64064064064064,-1.9539647026608296
130.6906906906907,-1.9534093178801224
130.74074074074073,-1.9423328854005104
130.7907907907908,-1.9323992682180426
130.84084084084083,-1.9254562940258646
130.8908908908909,-1.9446563039102456
130.94094094094095,-1.9234003284413488
130.990990990991,-1.9287947285046245
131.04104104104104,-1.9363808276412258
131.0910910910911,-1.9452383530195776
131.14114114114113,-1.934259809863788
131.1911911911912,-1.9694283106057564
131.24124124124126,-1.9837563967540852
131.2912912912913,-1.988845257590483
131.34134134134135,-2.023238301388778
131.39139139139138,-2.0424153347348937
131.44144144144144,-2.0669480718391995
131.4914914914915,-2.0687824691252557
131.54154154154153,-2.122253403031779
131.5915915915916,-2.15411613868775
131.64164164164163,-2.1749167395289204
131.6916916916917,-2.2295293669402234
131.74174174174175,-2.239492624218916
131.7917917917918,-2.292094496035613
131.84184184184184,-2.3206883263470313
131.8918918918919,-2.3841661722091883
131.94194194194193,-2.4170091197914787
131.991991991992,-2.4550760121432194
132.04204204204206,-2.51003516707611
132.0920920920921,-2.550718106690065
132.14214214214215,-2.617077661937445
132.19219219219218,-2.650719374155097
132.24224224224224,-2.6846693804940767
132.2922922922923,-2.746784925378
132.34234234234233,-2.815004246771111
132.3923923923924,-2.8641582719118555
132.44244244244243,-2.8988632242589674
132.4924924924925,-2.9552604661614175
132.54254254254255,-3.013955726903986
132.5925925925926,-3.0849330274403544
132.64264264264264,-3.1249648364682914
132.6926926926927,-3.190002775551863
132.74274274274273,-3.225966330357434
132.7927927927928,-3.300543635891054
132.84284284284286,-3.3792264245158736
132.8928928928929,-3.4267185153398234
132.94294294294295,-3.46621715472118
132.99299299299298,-3.507029144094085
133.04304304304304,-3.592807730093834
133.0930930930931,-3.6608344805851334
133.14314314314316,-3.71398063644111
133.1931931931932,-3.7436854731268236
133.24324324324326,-3.829460715154877
133.2932932932933,-3.9018250373687025
133.34334334334335,-3.9651343058741935
133.3933933933934,-3.9897727520667634
133.44344344344344,-4.029008163165371
133.4934934934935,-4.1158454852797535
133.54354354354354,-4.174862044064368
133.5935935935936,-4.2478493362511855
133.64364364364366,-4.278929063811526
133.6936936936937,-4.316171412175375
133.74374374374375,-4.378096799073957
133.79379379379378,-4.467171291738901
133.84384384384384,-4.523894684397789
133.8938938938939,-4.542665459942498
133.94394394394396,-4.589578081953201
133.993993993994,-4.660803664146681
134.04404404404406,-4.726159737357507
134.0940940940941,-4.79564518875504
134.14414414414415,-4.816549890491785
134.1941941941942,-4.8513416317886975
134.24424424424424,-4.917639540937777
134.2942942942943,-4.987711109588876
134.34434434434434,-5.0282302270371115
134.3943943943944,-5.046896441051551
134.44444444444446,-5.092830537679977
134.4944944944945,-5.161139901670762
134.54454454454455,-5.213841145926305
134.59459459459458,-5.26915284149091
134.64464464464464,-5.299673012560746
134.6946946946947,-5.310510089614612
134.74474474474476,-5.402745999239355
134.7947947947948,-5.4638266113770815
134.84484484484486,-5.490639215859454
134.8948948948949,-5.487530193823442
134.94494494494495,-5.549369756269362
134.994994994995,-5.6069457331158965
135.04504504504504,-5.644145297907824
135.0950950950951,-5.683360249121447
135.14514514514514,-5.724012358723973
135.1951951951952,-5.7334936665488305
135.24524524524526,-5.796016439457215
135.2952952952953,-5.849216313421394
135.34534534534535,-5.847749705485137
135.39539539539538,-5.8704841137234975
135.44544544544544,-5.917716179579109
135.4954954954955,-5.9697101778531385
135.54554554554556,-5.996157103702446
135.5955955955956,-6.039922666344323
135.64564564564566,-6.06650335706862
135.6956956956957,-6.068138876001093
135.74574574574575,-6.15860143920043
135.7957957957958,-6.172933958979967
135.84584584584584,-6.157834024440431
135.8958958958959,-6.194857032510871
135.94594594594594,-6.245326580480001
135.995995995996,-6.280311163714241
136.04604604604606,-6.294594543146956
136.0960960960961,-6.296142263006753
136.14614614614615,-6.314047163990316
136.19619619619618,-6.34091085001018
136.24624624624624,-6.387551390846798
136.2962962962963,-6.405719088014304
136.34634634634637,-6.409427860835861
136.3963963963964,-6.428261582044711
136.44644644644646,-6.460796240407272
136.4964964964965,-6.509077304347126
136.54654654654655,-6.489913550153419
136.5965965965966,-6.501581848899273
136.64664664664664,-6.517668216720283
136.6966966966967,-6.549759892089199
136.74674674674674,-6.568271926477037
136.7967967967968,-6.572893038659358
136.84684684684686,-6.5591016376281
136.8968968968969,-6.582735145054356
136.94694694694695,-6.625654734485502
136.99699699699698,-6.622716688029952
137.04704704704704,-6.6131978865601235
137.0970970970971,-6.623960185082315
137.14714714714717,-6.636602470219027
137.1971971971972,-6.661361985334883
137.24724724724726,-6.6794680395849815
137.2972972972973,-6.649946018712818
137.34734734734735,-6.648963453786612
137.3973973973974,-6.672637830368562
137.44744744744744,-6.697249513515717
137.4974974974975,-6.679503875180019
137.54754754754754,-6.680381186191193
137.5975975975976,-6.669506160627262
137.64764764764766,-6.672502580548941
137.6976976976977,-6.691948388939369
137.74774774774775,-6.69014063836692
137.79779779779778,-6.669236751673765
137.84784784784785,-6.66640044544846
137.8978978978979,-6.666469633699975
137.94794794794797,-6.696365891832798
137.997997997998,-6.659662531709016
138.04804804804806,-6.636943383828471
138.0980980980981,-6.636674908449871
138.14814814814815,-6.638648145063536
138.1981981981982,-6.641964078589508
138.24824824824825,-6.606742697230749
138.2982982982983,-6.607595786277833
138.34834834834834,-6.595089187769366
138.3983983983984,-6.606684024584406
138.44844844844846,-6.592427238144569
138.4984984984985,-6.540847429294889
138.54854854854855,-6.517095252174818
138.59859859859858,-6.531738611522299
138.64864864864865,-6.522792880213216
138.6986986986987,-6.506078046968767
138.74874874874877,-6.467787083326754
138.7987987987988,-6.463162698536672
138.84884884884886,-6.426981702280541
138.8988988988989,-6.4159414972718976
138.94894894894895,-6.407939817300051
138.998998998999,-6.366355531327937
139.04904904904905,-6.3216476131099775
139.0990990990991,-6.324453693270898
139.14914914914914,-6.3184582031920105
139.1991991991992,-6.26549369820858
139.24924924924926,-6.216733908501815
139.2992992992993,-6.194647724696008
139.34934934934935,-6.1834164064742865
139.39939939939939,-6.167846506510285
139.44944944944945,-6.121887491809907
139.4994994994995,-6.061235792441396
139.54954954954957,-6.0640410240847125
139.5995995995996,-6.032309925691533
139.64964964964966,-5.978784576776946
139.6996996996997,-5.930022254892001
139.74974974974975,-5.910714577677709
139.7997997997998,-5.8405628207279126
139.84984984984985,-5.792967232243065
139.8998998998999,-5.780053291100174
139.94994994994994,-5.724823395875087
140.0,-5.64959095139433
