freq,trans_dB
90.0,-4.944232014608114
90.05005005005005,-4.884189289291988
90.10010010010011,-4.806728760431377
90.15015015015015,-4.7496109754565845
90.2002002002002,-4.636014260328466
90.25025025025025,-4.637605038091037
90.30030030030031,-4.56372162195617
90.35035035035035,-4.487510524929918
90.4004004004004,-4.412618744654839
90.45045045045045,-4.378729707699441
90.50050050050051,-4.311139679965695
90.55055055055055,-4.237289266599664
90.6006006006006,-4.194597819052678
90.65065065065065,-4.141409950906114
90.70070070070071,-4.042325915852119
90.75075075075075,-4.0487830207292825
90.8008008008008,-4.012726027588729
90.85085085085085,-3.927358179384585
90.90090090090091,-3.9187262400397334
90.95095095095095,-3.8712795586624225
91.001001001001,-3.8121460519574306
91.05105105105105,-3.7695656765843673
91.10110110110111,-3.767972366467387
91.15115115115115,-3.6667783733434955
91.2012012012012,-3.644410220356712
91.25125125125125,-3.6553407574787355
91.30130130130131,-3.6481694338367037
91.35135135135135,-3.5797281714424787
91.4014014014014,-3.5711996075698558
91.45145145145145,-3.567283647266848
91.50150150150151,-3.5269996290987766
91.55155155155155,-3.5281087459950107
91.6016016016016,-3.525599505482083
91.65165165165165,-3.499888738772978
91.70170170170171,-3.484501138914776
91.75175175175175,-3.506899678458916
91.8018018018018,-3.5215853184176806
91.85185185185185,-3.5024243593345266
91.90190190190191,-3.5212909808112296
91.95195195195195,-3.5311383149375515
92.002002002002,-3.52639870552263
92.05205205205205,-3.5458328813791087
92.10210210210211,-3.555393747574972
92.15215215215215,-3.535524312515927
92.2022022022022,-3.58167942322215
92.25225225225225,-3.6086325714935237
92.30230230230231,-3.6595064589371398
92.35235235235236,-3.6880467962880448
92.4024024024024,-3.7081992741863856
92.45245245245245,-3.7730311889729222
92.50250250250251,-3.806197623766535
92.55255255255256,-3.848851330294442
92.6026026026026,-3.862756995275703
92.65265265265265,-3.898148359631308
92.70270270270271,-3.938841875635723
92.75275275275276,-4.021952383273494
92.8028028028028,-4.057930172107575
92.85285285285285,-4.130536013386833
92.90290290290291,-4.169516625572333
92.95295295295296,-4.24524370204036
93.003003003003,-4.301789242262517
93.05305305305305,-4.4254813383956995
93.10310310310311,-4.445586178945226
93.15315315315316,-4.495838024915911
93.2032032032032,-4.5731057724589705
93.25325325325325,-4.713989976953006
93.30330330330331,-4.769255694269848
93.35335335335336,-4.84594917777685
93.4034034034034,-4.889681459620254
93.45345345345345,-5.01414372723757
93.50350350350351,-5.112430811422907
93.55355355355356,-5.241923039115486
93.6036036036036,-5.292350590798884
93.65365365365365,-5.36393802688775
93.70370370370371,-5.492947966762118
93.75375375375376,-5.611817026847578
93.8038038038038,-5.683581942690946
93.85385385385385,-5.7881810809050975
93.90390390390391,-5.87385881346561
93.95395395395396,-6.006398274068686
94.004004004004,-6.197955209450356
94.05405405405405,-6.301679569986955
94.10410410410411,-6.38672766339937
94.15415415415416,-6.467064591565586
94.2042042042042,-6.660768524153516
94.25425425425425,-6.746858211966311
94.30430430430431,-6.849664029246353
94.35435435435436,-6.952526737367182
94.4044044044044,-7.052428371018652
94.45445445445445,-7.19668404724317
94.50450450450451,-7.374864831513718
94.55455455455456,-7.495451524071917
94.6046046046046,-7.561423551654506
94.65465465465465,-7.73192266772734
94.70470470470471,-7.873513366608017
94.75475475475476,-7.968952462992078
94.8048048048048,-8.065478833156842
94.85485485485485,-8.199097541260835
94.90490490490491,-8.304283491237623
94.95495495495496,-8.414461859329414
95.005005005005,-8.573245721439935
95.05505505505505,-8.662035907601974
95.10510510510511,-8.727811436472951
95.15515515515516,-8.799593664900858
95.2052052052052,-9.00165189183231
95.25525525525525,-9.086489985366796
95.30530530530531,-9.12807551781039
95.35535535535536,-9.250405591221284
95.4054054054054,-9.323439386954144
95.45545545545545,-9.41196169503036
95.50550550550551,-9.50414329215313
95.55555555555556,-9.610729204137439
95.6056056056056,-9.625959999505413
95.65565565565565,-9.698750026994185
95.70570570570571,-9.847131223104993
95.75575575575576,-9.917101386195709
95.8058058058058,-9.980243042636681
95.85585585585585,-10.006956730549009
95.90590590590591,-10.066854525335383
95.95595595595596,-10.108828359791964
96.006006006006,-10.197155236645461
96.05605605605605,-10.20226191291275
96.10610610610611,-10.199996645397308
96.15615615615616,-10.304603840492227
96.2062062062062,-10.344159868486592
96.25625625625625,-10.348598791550733
96.30630630630631,-10.391522573953035
96.35635635635636,-10.421417013233338
96.4064064064064,-10.477175376522109
96.45645645645645,-10.475601766721956
96.50650650650651,-10.547188697966115
96.55655655655656,-10.539394190356443
96.6066066066066,-10.537709658599628
96.65665665665665,-10.590268880582947
96.70670670670671,-10.619621306738196
96.75675675675676,-10.60549987759673
96.8068068068068,-10.610747183904644
96.85685685685685,-10.550318633918907
96.90690690690691,-10.66450536649768
96.95695695695696,-10.625480838818731
97.007007007007,-10.637234132511383
97.05705705705705,-10.641976857648322
97.10710710710711,-10.635840167325426
97.15715715715716,-10.643794888672954
97.2072072072072,-10.661543640462295
97.25725725725725,-10.711373743795798
97.30730730730731,-10.662928326512557
97.35735735735736,-10.655640186685845
97.4074074074074,-10.69252533567087
97.45745745745745,-10.66528605485502
97.50750750750751,-10.682774155494686
97.55755755755756,-10.643708496966912
97.6076076076076,-10.638342397637585
97.65765765765767,-10.649836532827726
97.70770770770771,-10.617228817091602
97.75775775775776,-10.588456658960427
97.8078078078078,-10.549102623673805
97.85785785785785,-10.55328537233296
97.90790790790791,-10.526283470187257
97.95795795795796,-10.544930055659515
98.008008008008,-10.520340124243837
98.05805805805807,-10.505162751891872
98.10810810810811,-10.526722025454003
98.15815815815816,-10.518169910087074
98.2082082082082,-10.489869592654943
98.25825825825825,-10.456487978803807
98.30830830830831,-10.439500231410454
98.35835835835836,-10.41948835523151
98.4084084084084,-10.388248404937709
98.45845845845847,-10.374251322427277
98.50850850850851,-10.3423345281128
98.55855855855856,-10.25923033769914
98.6086086086086,-10.291394450980327
98.65865865865865,-10.245379731079815
98.70870870870871,-10.210662166052385
98.75875875875876,-10.199793032445099
98.8088088088088,-10.15793432544302
98.85885885885887,-10.116358414363173
98.90890890890891,-10.118200860194722
98.95895895895896,-10.117495698867781
99.009009009009,-10.040311739615563
99.05905905905905,-10.027972733635256
99.10910910910911,-10.007101074805083
99.15915915915916,-9.96450431887447
99.2092092092092,-9.947147158039714
99.25925925925927,-9.885049002589215
99.30930930930931,-9.863553662931555
99.35935935935936,-9.836403773573094
99.4094094094094,-9.795462492298354
99.45945945945945,-9.75815697565296
99.50950950950951,-9.701408898602542
99.55955955955956,-9.66228435682421
99.6096096096096,-9.613369553851662
99.65965965965967,-9.582272747632528
99.70970970970971,-9.539732037185045
99.75975975975976,-9.497665446455281
99.8098098098098,-9.49061381379346
99.85985985985985,-9.440572207849257
99.90990990990991,-9.386815053565734
99.95995995995996,-9.354557111142894
100.01001001001,-9.2802819523738
100.06006006006007,-9.277474781288106
100.11011011011011,-9.226847458914733
100.16016016016016,-9.190700089655033
100.2102102102102,-9.121057973092
100.26026026026025,-9.05532293491987
100.31031031031031,-9.03196148682889
100.36036036036036,-8.964303897671337
100.4104104104104,-8.9289004245807
100.46046046046047,-8.873130481906703
100.51051051051051,-8.817230705174033
100.56056056056056,-8.755993368147694
100.6106106106106,-8.694291698395341
100.66066066066065,-8.659454400690509
100.71071071071071,-8.601345957097852
100.76076076076076,-8.535205107773375
100.8108108108108,-8.492214103458478
100.86086086086087,-8.456092469918373
100.91091091091091,-8.377033550259203
100.96096096096096,-8.337890170258511
101.011011011011,-8.279396193412397
101.06106106106107,-8.221152804960795
101.11111111111111,-8.151373874045408
101.16116116116116,-8.104562605022856
101.21121121121121,-8.045046313885354
101.26126126126127,-7.968611747935131
101.31131131131131,-7.940201683020849
101.36136136136136,-7.869504367903384
101.41141141141141,-7.796808586213229
101.46146146146147,-7.731674636294333
101.51151151151151,-7.685008949078122
101.56156156156156,-7.601095969349659
101.61161161161161,-7.530064893589549
101.66166166166167,-7.473124362867058
101.71171171171171,-7.437332063511298
101.76176176176176,-7.369084527309167
101.81181181181181,-7.319818809487754
101.86186186186187,-7.252878543199789
101.91191191191191,-7.1602988943272745
101.96196196196196,-7.094290172657604
102.01201201201201,-7.035290402932853
102.06206206206207,-6.964795141321178
102.11211211211211,-6.889592236398538
102.16216216216216,-6.827911381885263
102.21221221221221,-6.773433242497521
102.26226226226227,-6.712828228587172
102.31231231231232,-6.632321420752061
102.36236236236236,-6.559801227057938
102.41241241241241,-6.486749991223998
102.46246246246247,-6.438108236173726
102.51251251251252,-6.388965090724704
102.56256256256256,-6.322928556312401
102.61261261261261,-6.253842781647997
102.66266266266267,-6.201434973869827
102.71271271271272,-6.14338158911369
102.76276276276276,-6.072182646121574
102.81281281281281,-5.9863867654159675
102.86286286286287,-5.913422961996465
102.91291291291292,-5.848146723653792
102.96296296296296,-5.802236212594654
103.01301301301301,-5.748680090464341
103.06306306306307,-5.668572256762305
103.11311311311312,-5.616334084369947
103.16316316316316,-5.578516675242075
103.21321321321321,-5.541508584796125
103.26326326326327,-5.5007474075137495
103.31331331331332,-5.428950785897242
103.36336336336336,-5.3568821741821075
103.41341341341341,-5.317771620338663
103.46346346346347,-5.268691563822813
103.51351351351352,-5.230541173924693
103.56356356356356,-5.172472169553787
103.61361361361361,-5.13064166593155
103.66366366366367,-5.079953140209584
103.71371371371372,-5.042845417937079
103.76376376376376,-5.020979774476937
103.81381381381381,-4.952715615632802
103.86386386386387,-4.928099669390374
103.91391391391392,-4.9092322089741165
103.96396396396396,-4.892479089039294
104.01401401401401,-4.846786985681321
104.06406406406407,-4.817412984348049
104.11411411411412,-4.809929458989395
104.16416416416416,-4.803378723831125
104.21421421421421,-4.813404832032026
104.26426426426427,-4.799580617173627
104.31431431431432,-4.773774706744505
104.36436436436436,-4.752098202922728
104.41441441441441,-4.760020256617124
104.46446446446447,-4.757887543964809
104.51451451451452,-4.758791211099859
104.56456456456456,-4.767808066524674
104.61461461461461,-4.779525695161674
104.66466466466467,-4.800315784796209
104.71471471471472,-4.82220079763656
104.76476476476476,-4.843615789413811
104.81481481481481,-4.842291396972623
104.86486486486487,-4.872970303451989
104.91491491491492,-4.930795358203977
104.96496496496496,-4.983293208595844
105.01501501501502,-5.018209458409011
105.06506506506507,-5.045753514898264
105.11511511511512,-5.100996528863625
105.16516516516516,-5.154617652262629
105.21521521521521,-5.210994511948885
105.26526526526527,-5.247550996586675
105.31531531531532,-5.3100809627103045
105.36536536536536,-5.353385737075475
105.41541541541542,-5.437577578534965
105.46546546546547,-5.543881540271475
105.51551551551552,-5.584922800947043
105.56556556556556,-5.660960193497642
105.61561561561561,-5.745312204674624
105.66566566566567,-5.847456908353203
105.71571571571572,-5.921334004471771
105.76576576576576,-6.002313508562465
105.81581581581582,-6.075102825066019
105.86586586586587,-6.150258537201995
105.91591591591592,-6.257486639220756
105.96596596596596,-6.35690077794785
106.01601601601601,-6.44013654253332
106.06606606606607,-6.517396066043493
106.11611611611612,-6.635985782894445
106.16616616616616,-6.728694808690175
106.21621621621622,-6.831071940156209
106.26626626626627,-6.930186662540344
106.31631631631632,-7.01553254010821
106.36636636636636,-7.0913352544782935
106.41641641641641,-7.191442176915476
106.46646646646647,-7.314053290606188
106.51651651651652,-7.38352248672261
106.56656656656656,-7.47779521384259
106.61661661661662,-7.5720497247838665
106.66666666666667,-7.680880029607977
106.71671671671672,-7.7687012975964524
106.76676676676676,-7.84007259214853
106.81681681681681,-7.931645961657451
106.86686686686687,-8.002811861308857
106.91691691691692,-8.101794009361978
106.96696696696696,-8.196671048549812
107.01701701701703,-8.255495122484406
107.06706706706707,-8.29568735551672
107.11711711711712,-8.395555814196017
107.16716716716716,-8.47797686178245
107.21721721721721,-8.541689958868158
107.26726726726727,-8.602784281086636
107.31731731731732,-8.667475247904349
107.36736736736736,-8.747110317536267
107.41741741741743,-8.82889758886045
107.46746746746747,-8.908875956547163
107.51751751751752,-8.910701769808982
107.56756756756756,-8.952203866408492
107.61761761761761,-9.032445742458044
107.66766766766767,-9.08563904862725
107.71771771771772,-9.134699106818168
107.76776776776777,-9.170139682540576
107.81781781781783,-9.228062576414851
107.86786786786787,-9.303759593769179
107.91791791791792,-9.39254273063588
107.96796796796797,-9.421743081648767
108.01801801801801,-9.418585355081877
108.06806806806807,-9.461919660946068
108.11811811811812,-9.508365826613112
108.16816816816817,-9.572993289594182
108.21821821821823,-9.59450137478541
108.26826826826827,-9.611725412073003
108.31831831831832,-9.64847672388723
108.36836836836837,-9.708357146602623
108.41841841841841,-9.73991455910266
108.46846846846847,-9.757263777290383
108.51851851851852,-9.774331939656141
108.56856856856857,-9.805340085800179
108.61861861861863,-9.830477935006773
108.66866866866867,-9.885236132513517
108.71871871871872,-9.923558697532382
108.76876876876877,-9.914248975409807
108.81881881881881,-9.95902687580351
108.86886886886887,-10.031701340998392
108.91891891891892,-10.054265228058373
108.96896896896897,-10.046827298181807
109.01901901901903,-10.056830733394788
109.06906906906907,-10.091134881317792
109.11911911911912,-10.112503578792028
109.16916916916917,-10.138355023877976
109.21921921921921,-10.139507962724895
109.26926926926927,-10.14269300923688
109.31931931931932,-10.172510874850966
109.36936936936937,-10.23006982031074
109.41941941941943,-10.234963834869006
109.46946946946947,-10.220311779042069
109.51951951951952,-10.23867431603994
109.56956956956957,-10.274080085331423
109.61961961961961,-10.29970125056233
109.66966966966967,-10.314971914775624
109.71971971971972,-10.3159665663557
109.76976976976977,-10.311942834345954
109.81981981981983,-10.341278426142882
109.86986986986987,-10.377458004624161
109.91991991991992,-10.352946371578104
109.96996996996997,-10.331309818788759
110.02002002002001,-10.38202349784046
110.07007007007007,-10.42606000610226
110.12012012012012,-10.410501350781303
110.17017017017017,-10.415890570086624
110.22022022022023,-10.420956720469324
110.27027027027027,-10.399281266456734
110.32032032032032,-10.418046754834053
110.37037037037037,-10.458518816755479
110.42042042042041,-10.430564632395676
110.47047047047047,-10.408379985239783
110.52052052052052,-10.44010021151272
110.57057057057057,-10.449409540604682
110.62062062062063,-10.430996766358442
110.67067067067067,-10.424151279016796
110.72072072072072,-10.424862336869102
110.77077077077077,-10.44536502096957
110.82082082082081,-10.450380032951212
110.87087087087087,-10.422463466751875
110.92092092092092,-10.409761364631288
110.97097097097097,-10.402884224321117
111.02102102102103,-10.409038262653251
111.07107107107107,-10.421245760899524
111.12112112112112,-10.411138584429215
111.17117117117117,-10.395218923949708
111.22122122122121,-10.381648303374513
111.27127127127127,-10.37373554787298
111.32132132132132,-10.373632728591316
111.37137137137137,-10.37883795754441
111.42142142142143,-10.35386613658724
111.47147147147147,-10.332364381531065
111.52152152152152,-10.361919878335883
111.57157157157158,-10.348920370014254
111.62162162162163,-10.301246971450176
111.67167167167167,-10.295747069290318
111.72172172172172,-10.29400522888184
111.77177177177177,-10.258100601945658
111.82182182182183,-10.26479087735323
111.87187187187187,-10.256876349134737
111.92192192192192,-10.198717782115827
111.97197197197198,-10.176876478254071
112.02202202202203,-10.178687327185125
112.07207207207207,-10.155155345219653
112.12212212212212,-10.130043755152286
112.17217217217217,-10.101609200457219
112.22222222222223,-10.107107661810522
112.27227227227228,-10.12301879507342
112.32232232232232,-10.092232748053382
112.37237237237238,-10.032641957795718
112.42242242242243,-10.017846760016722
112.47247247247248,-10.015366664040553
112.52252252252252,-9.963466698878587
112.57257257257257,-9.917054241394885
112.62262262262263,-9.890658771674046
112.67267267267268,-9.8581282791664
112.72272272272272,-9.844675871542766
112.77277277277278,-9.843202985007807
112.82282282282283,-9.813993545760992
112.87287287287288,-9.769020723486053
112.92292292292292,-9.7396251596992
112.97297297297297,-9.718941713031782
113.02302302302303,-9.68966459381846
113.07307307307308,-9.648947140420976
113.12312312312312,-9.598835840535987
113.17317317317318,-9.576003618262064
113.22322322322323,-9.563643230853849
113.27327327327328,-9.524849479146045
113.32332332332332,-9.468994402684666
113.37337337337337,-9.425969751557458
113.42342342342343,-9.403446310425226
113.47347347347348,-9.368386728932393
113.52352352352352,-9.320304581636947
113.57357357357358,-9.289064729105482
113.62362362362363,-9.243955372068482
113.67367367367368,-9.19300318331149
113.72372372372372,-9.164892642318902
113.77377377377377,-9.128358563736395
113.82382382382383,-9.068206599177195
113.87387387387388,-9.020605945092887
113.92392392392392,-9.001789905048415
113.97397397397398,-8.973915467303325
114.02402402402403,-8.912599168625684
114.07407407407408,-8.853424825440957
114.12412412412412,-8.81097506367931
114.17417417417417,-8.782918878380544
114.22422422422423,-8.74796885757853
114.27427427427428,-8.698139967322353
114.32432432432432,-8.62537413732906
114.37437437437438,-8.572403388112859
114.42442442442443,-8.54157276486576
114.47447447447448,-8.48896788086035
114.52452452452452,-8.4369808962299
114.57457457457457,-8.395317481486504
114.62462462462463,-8.350600077350775
114.67467467467468,-8.301422055596403
114.72472472472472,-8.257125319753213
114.77477477477478,-8.192535400686545
114.82482482482483,-8.122343409791586
114.87487487487488,-8.078114762980512
114.92492492492492,-8.05068569319139
114.97497497497497,-8.006865388690795
115.02502502502503,-7.947755886568893
115.07507507507508,-7.879678985352091
115.12512512512512,-7.827968724100622
115.17517517517518,-7.802104202509705
115.22522522522523,-7.764874115332973
115.27527527527528,-7.7016751894369415
115.32532532532532,-7.637916275771596
115.37537537537537,-7.609094698747093
115.42542542542543,-7.570462230716065
115.47547547547548,-7.502375596151711
115.52552552552552,-7.433187081275954
115.57557557557558,-7.374321352423003
115.62562562562563,-7.327913854231363
115.67567567567568,-7.293770025824309
115.72572572572572,-7.262158434231152
115.77577577577577,-7.190446929021809
115.82582582582583,-7.130908447783694
115.87587587587588,-7.119044422225601
115.92592592592592,-7.091163754056639
115.97597597597598,-7.0287479497533525
116.02602602602603,-6.971283174173778
116.07607607607608,-6.930471134693396
116.12612612612612,-6.883469062770171
116.17617617617617,-6.843787767106806
116.22622622622623,-6.78834244265659
116.27627627627628,-6.743135210057851
116.32632632632632,-6.721793510431414
116.37637637637638,-6.703205990369074
116.42642642642643,-6.659847360095268
116.47647647647648,-6.6057861133405575
116.52652652652652,-6.569633173384434
116.57657657657657,-6.542853983605776
116.62662662662663,-6.534227674282739
116.67667667667668,-6.502103485912128
116.72672672672672,-6.449876517175499
116.77677677677679,-6.405971159073438
116.82682682682683,-6.416807356229652
116.87687687687688,-6.4155359577692685
116.92692692692692,-6.378475253823747
116.97697697697697,-6.350073175138449
117.02702702702703,-6.333729096105829
117.07707707707708,-6.339537541493767
117.12712712712712,-6.328964144751663
117.17717717717719,-6.314126879519175
117.22722722722723,-6.254117663224614
117.27727727727728,-6.228776133441866
117.32732732732732,-6.253347291551679
117.37737737737737,-6.2580226510925065
117.42742742742743,-6.236873183555903
117.47747747747748,-6.204271735713843
117.52752752752752,-6.230142364450864
117.57757757757759,-6.263278113848227
117.62762762762763,-6.303073153115015
117.67767767767768,-6.279708452080207
117.72772772772772,-6.240208257875904
117.77777777777777,-6.240178574814679
117.82782782782783,-6.2538040403506345
117.87787787787788,-6.261290659457981
117.92792792792793,-6.229038478880099
117.97797797797799,-6.248792872031841
118.02802802802803,-6.266521300024338
118.07807807807808,-6.319928242735384
118.12812812812813,-6.366871062928066
118.17817817817817,-6.362021182835007
118.22822822822823,-6.34340938409446
118.27827827827828,-6.374380882720371
118.32832832832833,-6.427134763921434
118.37837837837839,-6.40341382211833
118.42842842842843,-6.411101101933249
118.47847847847848,-6.438364163927906
118.52852852852853,-6.472838047582736
118.57857857857857,-6.522766921880286
118.62862862862863,-6.5825978145083255
118.67867867867868,-6.594629598833192
118.72872872872873,-6.574503430113837
118.77877877877879,-6.635842836498014
118.82882882882883,-6.681027567413811
118.87887887887888,-6.703915836995141
118.92892892892893,-6.701407768730606
118.97897897897897,-6.731808700618467
119.02902902902903,-6.782942543650073
119.07907907907908,-6.846522914629059
119.12912912912913,-6.904960955951775
119.17917917917919,-6.900458829893343
119.22922922922923,-6.954147454730949
119.27927927927928,-7.015227682089268
119.32932932932933,-7.079489766004356
119.37937937937937,-7.092049096256326
119.42942942942943,-7.12665669397008
119.47947947947948,-7.161927192185906
119.52952952952953,-7.171877252590946
119.57957957957959,-7.269497220361217
119.62962962962963,-7.337478905835599
119.67967967967968,-7.3437332300688105
119.72972972972973,-7.356914535165027
119.77977977977977,-7.465998484982036
119.82982982982983,-7.531729516159554
119.87987987987988,-7.540917362004467
119.92992992992993,-7.594877764776773
119.97997997997999,-7.634384582357388
120.03003003003003,-7.676584886485958
120.08008008008008,-7.7418041044955235
120.13013013013014,-7.820477962028085
120.18018018018019,-7.8245526069690605
120.23023023023023,-7.852367443625229
120.28028028028028,-7.941370595399216
120.33033033033033,-8.000354084371693
120.38038038038039,-8.053874239458644
120.43043043043043,-8.082485847066886
120.48048048048048,-8.10238592378253
120.53053053053054,-8.137956832138604
120.58058058058059,-8.241223257111796
120.63063063063063,-8.280435501780035
120.68068068068068,-8.261246145079177
120.73073073073073,-8.335090849689031
120.78078078078079,-8.427344687634578
120.83083083083083,-8.47023275790193
120.88088088088088,-8.516981367852194
120.93093093093094,-8.571592313847319
120.98098098098099,-8.57688471907215
121.03103103103103,-8.625170473974189
121.08108108108108,-8.719321101817469
121.13113113113113,-8.776518376702485
121.18118118118119,-8.755638509360253
121.23123123123123,-8.77162912900184
121.28128128128128,-8.851971196711377
121.33133133133134,-8.895996132141846
121.38138138138139,-8.948972129846801
121.43143143143143,-8.983246196952585
121.48148148148148,-9.020979012717257
121.53153153153153,-9.101888921964052
121.58158158158159,-9.172901389430828
121.63163163163163,-9.172487597244672
121.68168168168168,-9.167581278357048
121.73173173173174,-9.235467653191154
121.78178178178179,-9.2760232231823
121.83183183183183,-9.323179651576815
121.88188188188188,-9.376925512930809
121.93193193193193,-9.396022264179521
121.98198198198199,-9.375200250504747
122.03203203203203,-9.445343424568735
122.08208208208208,-9.521351588186224
122.13213213213214,-9.510340040450377
122.18218218218217,-9.520237806787529
122.23223223223223,-9.569812678403974
122.28228228228228,-9.625293360488726
122.33233233233233,-9.663871156748977
122.38238238238239,-9.70239625408382
122.43243243243244,-9.710430888559742
122.48248248248248,-9.752579230167866
122.53253253253254,-9.81903635398407
122.58258258258257,-9.830154619350491
122.63263263263264,-9.816875416821857
122.68268268268268,-9.84986113570814
122.73273273273273,-9.887219677312318
122.78278278278279,-9.884314461879828
122.83283283283284,-9.934651141934543
122.88288288288288,-9.9685453755989
122.93293293293294,-9.969195687366259
122.98298298298297,-9.986275841280223
123.03303303303304,-10.082719184261848
123.08308308308308,-10.088504900060833
123.13313313313313,-10.047025256144476
123.18318318318319,-10.073282773857649
123.23323323323324,-10.122836058655942
123.28328328328328,-10.145880534804629
123.33333333333334,-10.160242453034758
123.38338338338338,-10.179422157585504
123.43343343343344,-10.185582283385628
123.48348348348348,-10.213471549881776
123.53353353353353,-10.265031616228201
123.58358358358359,-10.244315887600857
123.63363363363364,-10.208979189972583
123.68368368368368,-10.261791406344964
123.73373373373374,-10.280578483657607
123.78378378378378,-10.272208140154472
123.83383383383384,-10.312225064327068
123.88388388388388,-10.327982645847008
123.93393393393393,-10.291094075036744
123.98398398398399,-10.35877044573601
124.03403403403404,-10.426784793188324
124.08408408408408,-10.34948369070539
124.13413413413414,-10.321532636694245
124.18418418418419,-10.388690291165387
124.23423423423424,-10.365133859480192
124.2842842842843,-10.35610093251185
124.33433433433433,-10.382675287186157
124.38438438438439,-10.395234112153638
124.43443443443444,-10.394961797959333
124.48448448448448,-10.427287651800599
124.53453453453454,-10.428463397278591
124.58458458458459,-10.388246886002367
124.63463463463464,-10.374776636998185
124.6846846846847,-10.398403850333308
124.73473473473473,-10.394499529622783
124.78478478478479,-10.396282538697443
124.83483483483484,-10.40313528967352
124.88488488488488,-10.381039941091892
124.93493493493494,-10.40130659191983
124.98498498498499,-10.426611110791365
125.03503503503504,-10.412981745381744
125.0850850850851,-10.365985600320165
125.13513513513513,-10.355554294905968
125.18518518518519,-10.396975687734095
125.23523523523524,-10.364808932771371
125.28528528528528,-10.329231834613227
125.33533533533534,-10.33822302350366
125.38538538538539,-10.324841340148119
125.43543543543544,-10.316256956712724
125.4854854854855,-10.344948279455332
125.53553553553553,-10.335506025410146
125.58558558558559,-10.252006509157459
125.63563563563564,-10.262409970193971
125.68568568568568,-10.302514333401616
125.73573573573574,-10.271787970455788
125.78578578578579,-10.249454401915182
125.83583583583584,-10.25114268555544
125.8858858858859,-10.20975559161618
125.93593593593593,-10.196070597468028
125.98598598598599,-10.191512601561788
126.03603603603604,-10.125284782092434
126.08608608608608,-10.085434786485386
126.13613613613614,-10.129997729813583
126.18618618618619,-10.110384453418169
126.23623623623624,-10.064000316231242
126.2862862862863,-10.075048962996446
126.33633633633633,-10.05911055607864
126.38638638638639,-10.023987597908645
126.43643643643644,-10.013553574608308
126.48648648648648,-9.993989987342673
126.53653653653654,-9.915386410158687
126.58658658658659,-9.895356848310271
126.63663663663664,-9.893522889831582
126.6866866866867,-9.84810051694907
126.73673673673673,-9.815383771085871
126.78678678678679,-9.79248719623231
126.83683683683684,-9.776109010196327
126.88688688688688,-9.764126587973578
126.93693693693695,-9.74722456634743
126.98698698698699,-9.68391294390111
127.03703703703704,-9.626200426935599
127.0870870870871,-9.610436006905925
127.13713713713713,-9.580935669983434
127.18718718718719,-9.53645221972549
127.23723723723724,-9.513375348944566
127.28728728728728,-9.474274552489991
127.33733733733735,-9.432644190352992
127.38738738738739,-9.393128229723747
127.43743743743744,-9.356537358332808
127.4874874874875,-9.305917951623167
127.53753753753753,-9.235405505849432
127.58758758758759,-9.223774242000944
127.63763763763764,-9.197992578935626
127.68768768768768,-9.137128909739662
127.73773773773775,-9.077107822653506
127.78778778778779,-9.026511889242819
127.83783783783784,-8.979906047379377
127.8878878878879,-8.931082379311038
127.93793793793793,-8.899204401206806
127.98798798798799,-8.830407936457771
128.03803803803805,-8.745456681413538
128.08808808808809,-8.719438017696874
128.13813813813815,-8.666653836106091
128.18818818818818,-8.602456315707311
128.23823823823824,-8.537039739958677
128.2882882882883,-8.464743285237612
128.33833833833833,-8.395903032941725
128.3883883883884,-8.337407648794496
128.43843843843842,-8.27459304444992
128.48848848848849,-8.172327987063278
128.53853853853855,-8.11190369715203
128.5885885885886,-8.0527924299621
128.63863863863864,-7.992059578615944
128.6886886886887,-7.910278704947274
128.73873873873873,-7.84032570900322
128.7887887887888,-7.760576315358093
128.83883883883885,-7.67008240765549
128.88888888888889,-7.591640533756445
128.93893893893895,-7.4913783636181215
128.98898898898898,-7.383363684936544
129.03903903903904,-7.318022806304982
129.0890890890891,-7.242104989019663
129.13913913913913,-7.14402550285131
129.1891891891892,-7.067089739711361
129.23923923923923,-6.990909675602825
129.2892892892893,-6.9077034108156665
129.33933933933935,-6.802221918304312
129.3893893893894,-6.723770687135327
129.43943943943944,-6.625118911658777
129.4894894894895,-6.503825828205234
129.53953953953953,-6.436449177874189
129.5895895895896,-6.353115134039999
129.63963963963965,-6.275747840831139
129.6896896896897,-6.170487674095295
129.73973973973975,-6.127902126312566
129.78978978978978,-6.047914651744687
129.83983983983984,-5.958220867599883
129.8898898898899,-5.891930885030203
129.93993993993993,-5.799126787861665
129.98998998999,-5.732854489350862
130.04004004004003,-5.678048814668806
130.0900900900901,-5.608993962639759
130.14014014014015,-5.522821778841283
130.1901901901902,-5.464153203433254
130.24024024024024,-5.422338149920863
130.2902902902903,-5.363731997869529
130.34034034034033,-5.304792828452792
130.3903903903904,-5.265952695575011
130.44044044044045,-5.233619326385309
130.4904904904905,-5.185378829526806
130.54054054054055,-5.170615941989987
130.59059059059058,-5.1259339834859405
130.64064064064064,-5.07490858462855
130.6906906906907,-5.044559591668053
130.74074074074073,-5.025149706961252
130.7907907907908,-5.01276831138489
130.84084084084083,-4.988988067252296
130.8908908908909,-4.999705345282198
130.94094094094095,-4.983825443855943
130.990990990991,-4.984606366733091
131.04104104104104,-4.984554274433259
131.0910910910911,-4.979695616069633
131.14114114114113,-4.951315597702801
131.1911911911912,-4.982075679489702
131.24124124124126,-4.990879151328359
131.2912912912913,-4.990555993946041
131.34134134134135,-5.0197388498086575
131.39139139139138,-5.021335456302867
131.44144144144144,-5.059379577148022
131.4914914914915,-5.075795247579461
131.54154154154153,-5.139446342174768
131.5915915915916,-5.150664550775405
131.64164164164163,-5.171381993882122
131.6916916916917,-5.2335786351497005
131.74174174174175,-5.232805007418164
131.7917917917918,-5.2849123623432215
131.84184184184184,-5.297539055555698
131.8918918918919,-5.352067208757026
131.94194194194193,-5.392618719674967
131.991991991992,-5.442538388596132
132.04204204204206,-5.503048309906202
132.0920920920921,-5.535513952706852
132.14214214214215,-5.603721233332891
132.19219219219218,-5.65376004514698
132.24224224224224,-5.697050658489611
132.2922922922923,-5.756343795169531
132.34234234234233,-5.821948424152373
132.3923923923924,-5.870046736363117
132.44244244244243,-5.906236598758116
132.4924924924925,-5.9652177911544495
132.54254254254255,-6.029037523943566
132.5925925925926,-6.108123225564432
132.64264264264264,-6.142106936130184
132.6926926926927,-6.21968626072043
132.74274274274273,-6.272078175878911
132.7927927927928,-6.354977323207629
132.84284284284286,-6.434791022554373
132.8928928928929,-6.480202122044328
132.94294294294295,-6.5225759725483865
132.99299299299298,-6.561980207361023
133.04304304304304,-6.646805730004015
133.0930930930931,-6.712595321644592
133.14314314314316,-6.778484605453527
133.1931931931932,-6.82683600718821
133.24324324324326,-6.9404648035351535
133.2932932932933,-7.019883306219692
133.34334334334335,-7.070747731084821
133.3933933933934,-7.090024458216884
133.44344344344344,-7.137570173949482
133.4934934934935,-7.2365730868678835
133.54354354354354,-7.29272716689344
133.5935935935936,-7.368628824312747
133.64364364364366,-7.40072192104538
133.6936936936937,-7.4545993183780705
133.74374374374375,-7.523566455051576
133.79379379379378,-7.6333566941516935
133.84384384384384,-7.701288685008871
133.8938938938939,-7.722314300337634
133.94394394394396,-7.77860744526059
133.993993993994,-7.859230270208032
134.04404404404406,-7.9188443648651035
134.0940940940941,-7.9936370448645695
134.14414414414415,-8.025807162398273
134.1941941941942,-8.071495930112793
134.24424424424424,-8.145604032875005
134.2942942942943,-8.23011249325188
134.34434434434434,-8.274814712642158
134.3943943943944,-8.294314149233733
134.44444444444446,-8.35323507148442
134.4944944944945,-8.436349913737818
134.54454454454455,-8.48849464273911
134.59459459459458,-8.558496069701718
134.64464464464464,-8.597700292177922
134.6946946946947,-8.598515430176466
134.74474474474476,-8.708704656884558
134.7947947947948,-8.760226273465072
134.84484484484486,-8.79620254448014
134.8948948948949,-8.813623843191786
134.94494494494495,-8.896665601864273
134.994994994995,-8.971725262738152
135.04504504504504,-9.007184013926473
135.0950950950951,-9.043009711152859
135.14514514514514,-9.083490284424673
135.1951951951952,-9.10167330430171
135.24524524524526,-9.186229722788163
135.2952952952953,-9.246418721644476
135.34534534534535,-9.244840475589521
135.39539539539538,-9.285750358819108
135.44544544544544,-9.340222126305873
135.4954954954955,-9.398991996828816
135.54554554554556,-9.439970484951198
135.5955955955956,-9.493573092684473
135.64564564564566,-9.529311374683486
135.6956956956957,-9.539642339479148
135.74574574574575,-9.64443260012944
135.7957957957958,-9.6628213311321
135.84584584584584,-9.647422093686256
135.8958958958959,-9.697242041669712
135.94594594594594,-9.763102850650805
135.995995995996,-9.805465068901748
136.04604604604606,-9.835226611117648
136.0960960960961,-9.847430972279215
136.14614614614615,-9.877977642532587
136.19619619619618,-9.907675869141189
136.24624624624624,-9.968876181537606
136.2962962962963,-9.996448501273933
136.34634634634637,-9.995368962142576
136.3963963963964,-10.031220763881198
136.44644644644646,-10.076071311681755
136.4964964964965,-10.124101028099348
136.54654654654655,-10.125839304259994
136.5965965965966,-10.151466687176507
136.64664664664664,-10.18764781858906
136.6966966966967,-10.22949257706163
136.74674674674674,-10.27167930527571
136.7967967967968,-10.291608756499826
136.84684684684686,-10.27159938747017
136.8968968968969,-10.304066888900099
136.94694694694695,-10.347891661317394
136.99699699699698,-10.375966202916521
137.04704704704704,-10.369582727480134
137.0970970970971,-10.399727496187625
137.14714714714717,-10.415733494646863
137.1971971971972,-10.449822025721216
137.24724724724726,-10.470685743270217
137.2972972972973,-10.458254761888488
137.34734734734735,-10.460588115881006
137.3973973973974,-10.484861801824096
137.44744744744744,-10.522027831188987
137.4974974974975,-10.517277025888339
137.54754754754754,-10.543303773983585
137.5975975975976,-10.544261661999569
137.64764764764766,-10.562766407143275
137.6976976976977,-10.587129600007286
137.74774774774775,-10.6171531420144
137.79779779779778,-10.602943211370437
137.84784784784785,-10.608868672851518
137.8978978978979,-10.603483858318505
137.94794794794797,-10.647693382837254
137.997997997998,-10.61593146328192
138.04804804804806,-10.610445143482254
138.0980980980981,-10.61150932055989
138.14814814814815,-10.632351086555756
138.1981981981982,-10.645531976160049
138.24824824824825,-10.607157128897025
138.2982982982983,-10.623316005721886
138.34834834834834,-10.614133496860264
138.3983983983984,-10.634925338632442
138.44844844844846,-10.639778959830963
138.4984984984985,-10.615618751981671
138.54854854854855,-10.601926636058701
138.59859859859858,-10.59984299124924
138.64864864864865,-10.602194063962404
138.6986986986987,-10.5931181243127
138.74874874874877,-10.554728714545824
138.7987987987988,-10.546444007966702
138.84884884884886,-10.506335817135117
138.8988988988989,-10.522112785489579
138.94894894894895,-10.528631320039596
138.998998998999,-10.487450480788967
139.04904904904905,-10.444926371770206
139.0990990990991,-10.43726778895027
139.14914914914914,-10.426559147795286
139.1991991991992,-10.358865614118894
139.24924924924926,-10.300528761477667
139.2992992992993,-10.28336754902977
139.34934934934935,-10.25359852036063
139.39939939939939,-10.239753909382689
139.44944944944945,-10.207642003309529
139.4994994994995,-10.133862684338723
139.54954954954957,-10.130203459986244
139.5995995995996,-10.074691510683486
139.64964964964966,-10.006702536527406
139.6996996996997,-9.93057940545928
139.74974974974975,-9.892838294846575
139.7997997997998,-9.794048151631914
139.84984984984985,-9.728878071457068
139.8998998998999,-9.692588062119414
139.94994994994994,-9.624626869654874
140.0,-9.52965591568433
