freq,trans_dB
90.0,-4.693572548818114
90.05005005005005,-4.618054038209771
90.10010010010011,-4.555768581267944
90.15015015015015,-4.48967715151199
90.2002002002002,-4.367405461598807
90.25025025025025,-4.366807108124288
90.30030030030031,-4.316899511068245
90.35035035035035,-4.214656549984463
90.4004004004004,-4.135583311634347
90.45045045045045,-4.113171602367911
90.50050050050051,-4.037368517585016
90.55055055055055,-3.97447360473549
90.6006006006006,-3.9236828942976905
90.65065065065065,-3.8835538510929957
90.70070070070071,-3.764688208874414
90.75075075075075,-3.794046475524899
90.8008008008008,-3.762437455670033
90.85085085085085,-3.667298531532153
90.90090090090091,-3.6546810960620757
90.95095095095095,-3.607338677818909
91.001001001001,-3.5598281651423456
91.05105105105105,-3.5078380786059595
91.10110110110111,-3.503906412519549
91.15115115115115,-3.4040884167904717
91.2012012012012,-3.3876159166100153
91.25125125125125,-3.4032650593161238
91.30130130130131,-3.383100733116735
91.35135135135135,-3.3013844939246386
91.4014014014014,-3.311584915608093
91.45145145145145,-3.3122771339503223
91.50150150150151,-3.266148483585053
91.55155155155155,-3.271948279825143
91.6016016016016,-3.25519692626725
91.65165165165165,-3.2198399624590137
91.70170170170171,-3.2069847569209537
91.75175175175175,-3.2488750773349118
91.8018018018018,-3.2616238057066975
91.85185185185185,-3.21364695497267
91.90190190190191,-3.252159750887876
91.95195195195195,-3.26271559104611
92.002002002002,-3.264981468877235
92.05205205205205,-3.2692981366958986
92.10210210210211,-3.2995412222731106
92.15215215215215,-3.2748813224240743
92.2022022022022,-3.3347091634727213
92.25225225225225,-3.3579167272194708
92.30230230230231,-3.398333766723648
92.35235235235236,-3.4086321983621604
92.4024024024024,-3.4214061925792967
92.45245245245245,-3.500762646671823
92.50250250250251,-3.519925856186157
92.55255255255256,-3.581492460896334
92.6026026026026,-3.5961699710619364
92.65265265265265,-3.647444017453017
92.70270270270271,-3.6999410144105855
92.75275275275276,-3.7568932641621227
92.8028028028028,-3.800529451062915
92.85285285285285,-3.855691801527788
92.90290290290291,-3.9135365274832843
92.95295295295296,-3.984995998489069
93.003003003003,-4.0538921700157315
93.05305305305305,-4.155239930851813
93.10310310310311,-4.1551081136114005
93.15315315315316,-4.234531910884289
93.2032032032032,-4.3075790911282885
93.25325325325325,-4.460474494279535
93.30330330330331,-4.489442327300838
93.35335335335336,-4.569322720212866
93.4034034034034,-4.613707861330981
93.45345345345345,-4.755248879909104
93.50350350350351,-4.838568017066107
93.55355355355356,-4.934801278739066
93.6036036036036,-5.00538402208645
93.65365365365365,-5.091187728945034
93.70370370370371,-5.232039345435821
93.75375375375376,-5.3309914806546645
93.8038038038038,-5.410130968106161
93.85385385385385,-5.5152603105687765
93.90390390390391,-5.616544880361885
93.95395395395396,-5.716448838341519
94.004004004004,-5.87799787199386
94.05405405405405,-5.976011454115612
94.10410410410411,-6.039767565586234
94.15415415415416,-6.154682813287658
94.2042042042042,-6.351494891722916
94.25425425425425,-6.437829630398273
94.30430430430431,-6.535986824743678
94.35435435435436,-6.6518736548979325
94.4044044044044,-6.758586195680775
94.45445445445445,-6.8939480312353965
94.50450450450451,-7.041250860179209
94.55455455455456,-7.133742864875546
94.6046046046046,-7.220953009474321
94.65465465465465,-7.369107525338026
94.70470470470471,-7.531545791058928
94.75475475475476,-7.626570017637584
94.8048048048048,-7.726342901387537
94.85485485485485,-7.841887246394999
94.90490490490491,-7.918565718368855
94.95495495495496,-8.033664791051576
95.005005005005,-8.163934268415352
95.05505505505505,-8.238220779875688
95.10510510510511,-8.285921553318143
95.15515515515516,-8.415594607894622
95.2052052052052,-8.603642127650259
95.25525525525525,-8.671278098748356
95.30530530530531,-8.717826995285348
95.35535535535536,-8.818971232893343
95.4054054054054,-8.905124375846311
95.45545545545545,-8.964326615263188
95.50550550550551,-9.073977568880252
95.55555555555556,-9.145279976915214
95.6056056056056,-9.173925905548291
95.65565565565565,-9.264759455879025
95.70570570570571,-9.39108357790202
95.75575575575576,-9.43363696951666
95.8058058058058,-9.456898096779089
95.85585585585585,-9.503764937283425
95.90590590590591,-9.55931142257382
95.95595595595596,-9.621156313875177
96.006006006006,-9.680168750567713
96.05605605605605,-9.693808134245543
96.10610610610611,-9.736574619532764
96.15615615615616,-9.798568505432918
96.2062062062062,-9.8335039345862
96.25625625625625,-9.851682116087522
96.30630630630631,-9.924877487770159
96.35635635635636,-9.91830581256581
96.4064064064064,-9.98451268131644
96.45645645645645,-10.004500277921062
96.50650650650651,-10.0451747774515
96.55655655655656,-10.021429945616498
96.6066066066066,-10.043146630294524
96.65665665665665,-10.083731010634606
96.70670670670671,-10.078788197229086
96.75675675675676,-10.08268577127781
96.8068068068068,-10.096760203000736
96.85685685685685,-10.052894697238232
96.90690690690691,-10.157114668366749
96.95695695695696,-10.137696114240152
97.007007007007,-10.153965012881754
97.05705705705705,-10.138879320632396
97.10710710710711,-10.1557136318002
97.15715715715716,-10.172860794977261
97.2072072072072,-10.17237921925509
97.25725725725725,-10.199572898553049
97.30730730730731,-10.178455115227573
97.35735735735736,-10.159935094744107
97.4074074074074,-10.178855509248645
97.45745745745745,-10.169433178717682
97.50750750750751,-10.188010176904896
97.55755755755756,-10.149367599443492
97.6076076076076,-10.126550462898543
97.65765765765767,-10.151288042358358
97.70770770770771,-10.135436422530741
97.75775775775776,-10.119028647141807
97.8078078078078,-10.095461597090022
97.85785785785785,-10.101510059158379
97.90790790790791,-10.087981560843113
97.95795795795796,-10.089559891544798
98.008008008008,-10.078959894559553
98.05805805805807,-10.05848344089918
98.10810810810811,-10.086790259035086
98.15815815815816,-10.073270417844435
98.2082082082082,-10.018646608280166
98.25825825825825,-9.992249680287141
98.30830830830831,-9.974018057083658
98.35835835835836,-9.94886447016907
98.4084084084084,-9.950786855467586
98.45845845845847,-9.937783070136701
98.50850850850851,-9.88119385253985
98.55855855855856,-9.837302292761303
98.6086086086086,-9.870981890987233
98.65865865865865,-9.829488480844923
98.70870870870871,-9.783491604486619
98.75875875875876,-9.770393531582034
98.8088088088088,-9.759627410088095
98.85885885885887,-9.73880946055122
98.90890890890891,-9.712067377454682
98.95895895895896,-9.693079873732126
99.009009009009,-9.630606001912136
99.05905905905905,-9.627476601168585
99.10910910910911,-9.594438490392921
99.15915915915916,-9.55206329432546
99.2092092092092,-9.538624694381676
99.25925925925927,-9.477377356752548
99.30930930930931,-9.450734178592127
99.35935935935936,-9.419013308194145
99.4094094094094,-9.3792686199389
99.45945945945945,-9.356095384378367
99.50950950950951,-9.28985613815117
99.55955955955956,-9.248138550183343
99.6096096096096,-9.229388227177722
99.65965965965967,-9.210305950319434
99.70970970970971,-9.163182541712953
99.75975975975976,-9.129651603412668
99.8098098098098,-9.127396939188328
99.85985985985985,-9.0711264337911
99.90990990990991,-9.016845728544654
99.95995995995996,-8.988414457298969
100.01001001001,-8.89250492458794
100.06006006006007,-8.860094491299787
100.11011011011011,-8.822460302746354
100.16016016016016,-8.798028371877454
100.2102102102102,-8.74466027316431
100.26026026026025,-8.69693091157146
100.31031031031031,-8.681599504327147
100.36036036036036,-8.612249825816745
100.4104104104104,-8.562342171111212
100.46046046046047,-8.503209069711609
100.51051051051051,-8.470081632348508
100.56056056056056,-8.406920964288929
100.6106106106106,-8.329509626594907
100.66066066066065,-8.303743732449007
100.71071071071071,-8.24688403515539
100.76076076076076,-8.188567086005738
100.8108108108108,-8.143983019819293
100.86086086086087,-8.097059900089963
100.91091091091091,-8.028340830020323
100.96096096096096,-7.993865699648272
101.011011011011,-7.931431692299453
101.06106106106107,-7.87748304581726
101.11111111111111,-7.81370953476652
101.16116116116116,-7.760424136913368
101.21121121121121,-7.6879393604706365
101.26126126126127,-7.620840421228375
101.31131131131131,-7.597245961984243
101.36136136136136,-7.518114247158169
101.41141141141141,-7.442315264610914
101.46146146146147,-7.384095676868377
101.51151151151151,-7.3440628661240375
101.56156156156156,-7.280684408935609
101.61161161161161,-7.196161917411733
101.66166166166167,-7.13862457510837
101.71171171171171,-7.109508106704361
101.76176176176176,-7.011407764949277
101.81181181181181,-6.968406337536069
101.86186186186187,-6.909683591675854
101.91191191191191,-6.818181275932529
101.96196196196196,-6.748488963352218
102.01201201201201,-6.70746119089273
102.06206206206207,-6.650146498292621
102.11211211211211,-6.560801670531422
102.16216216216216,-6.490063813989857
102.21221221221221,-6.443537838723557
102.26226226226227,-6.382231077076921
102.31231231231232,-6.293770339052301
102.36236236236236,-6.2248018943762435
102.41241241241241,-6.161877186747633
102.46246246246247,-6.104898523952314
102.51251251251252,-6.04619011579058
102.56256256256256,-5.982459715757816
102.61261261261261,-5.9101881361958375
102.66266266266267,-5.851194903685724
102.71271271271272,-5.80003005458302
102.76276276276276,-5.7429299334030155
102.81281281281281,-5.659029815954507
102.86286286286287,-5.589242948454844
102.91291291291292,-5.537155921845445
102.96296296296296,-5.473526468950211
103.01301301301301,-5.4056472946016765
103.06306306306307,-5.328537063086721
103.11311311311312,-5.270184014031598
103.16316316316316,-5.2384832175587315
103.21321321321321,-5.206240077307774
103.26326326326327,-5.173543221113739
103.31331331331332,-5.093767464243058
103.36336336336336,-5.022331783449073
103.41341341341341,-4.986374832963949
103.46346346346347,-4.93514479311989
103.51351351351352,-4.89095428450145
103.56356356356356,-4.827764036642863
103.61361361361361,-4.79575796698203
103.66366366366367,-4.7513814540524075
103.71371371371372,-4.723798402711894
103.76376376376376,-4.693433375559559
103.81381381381381,-4.627797863886797
103.86386386386387,-4.601416303242216
103.91391391391392,-4.581250179934488
103.96396396396396,-4.555535149041367
104.01401401401401,-4.509354237475584
104.06406406406407,-4.4836745107840565
104.11411411411412,-4.467814476324378
104.16416416416416,-4.4709400448741095
104.21421421421421,-4.47592036441571
104.26426426426427,-4.459079973151404
104.31431431431432,-4.4270428253810605
104.36436436436436,-4.414447031313564
104.41441441441441,-4.432896820845328
104.46446446446447,-4.420627720586394
104.51451451451452,-4.432377041724144
104.56456456456456,-4.424863775267525
104.61461461461461,-4.442090365164908
104.66466466466467,-4.459706919264837
104.71471471471472,-4.479312004204128
104.76476476476476,-4.488524632865366
104.81481481481481,-4.477237778573353
104.86486486486487,-4.524491251609017
104.91491491491492,-4.569981314737039
104.96496496496496,-4.63280163091922
105.01501501501502,-4.653169717452105
105.06506506506507,-4.686195962156391
105.11511511511512,-4.753225468500973
105.16516516516516,-4.810593223170555
105.21521521521521,-4.866238940183424
105.26526526526527,-4.883309130684273
105.31531531531532,-4.940865740620399
105.36536536536536,-4.977953138383305
105.41541541541542,-5.074191488326363
105.46546546546547,-5.152061185417272
105.51551551551552,-5.203376630569315
105.56556556556556,-5.278745737508435
105.61561561561561,-5.36219205020501
105.66566566566567,-5.461589564707026
105.71571571571572,-5.5144002366937634
105.76576576576576,-5.6055813543694955
105.81581581581582,-5.666013453578872
105.86586586586587,-5.7649914083865585
105.91591591591592,-5.876738013589826
105.96596596596596,-5.964165443219031
106.01601601601601,-6.036725611404106
106.06606606606607,-6.106865229666522
106.11611611611612,-6.239907293688974
106.16616616616616,-6.310658328720274
106.21621621621622,-6.407439421485124
106.26626626626627,-6.4845254246520465
106.31631631631632,-6.575638406608237
106.36636636636636,-6.656441680759135
106.41641641641641,-6.762478059414209
106.46646646646647,-6.8896958878161465
106.51651651651652,-6.934647606475913
106.56656656656656,-7.032644227991772
106.61661661661662,-7.124919153529282
106.66666666666667,-7.232885161647977
106.71671671671672,-7.304266945948645
106.76676676676676,-7.3810232093023735
106.81681681681681,-7.4731510693105205
106.86686686686687,-7.548095287707272
106.91691691691692,-7.663119819579939
106.96696696696696,-7.727444890130322
107.01701701701703,-7.7733811773700205
107.06706706706707,-7.8010575872357055
107.11711711711712,-7.919182287769437
107.16716716716716,-8.007024653091525
107.21721721721721,-8.060292948681248
107.26726726726727,-8.134431645391173
107.31731731731732,-8.19654120198323
107.36736736736736,-8.293376052338854
107.41741741741743,-8.347141905491618
107.46746746746747,-8.411475074184871
107.51751751751752,-8.425168643565307
107.56756756756756,-8.487680576751469
107.61761761761761,-8.556240536206749
107.66766766766767,-8.599331403284177
107.71771771771772,-8.636590128431711
107.76776776776777,-8.654088352884697
107.81781781781783,-8.729777643685741
107.86786786786787,-8.807884435659329
107.91791791791792,-8.882522434495879
107.96796796796797,-8.897365535617206
108.01801801801801,-8.90288382057223
108.06806806806807,-8.96961263471773
108.11811811811812,-9.016585331704093
108.16816816816817,-9.073474557181184
108.21821821821823,-9.074729387409446
108.26826826826827,-9.096189285162854
108.31831831831832,-9.14163931148164
108.36836836836837,-9.217672665964642
108.41841841841841,-9.25313023411265
108.46846846846847,-9.2858572014948
108.51851851851852,-9.32657132236466
108.56856856856857,-9.347348291973429
108.61861861861863,-9.370016229707552
108.66866866866867,-9.399390619218543
108.71871871871872,-9.419149271205194
108.76876876876877,-9.41570371536515
108.81881881881881,-9.454195987465372
108.86886886886887,-9.509943656653958
108.91891891891892,-9.537307223332157
108.96896896896897,-9.535205779061306
109.01901901901903,-9.559352233018634
109.06906906906907,-9.609423310389174
109.11911911911912,-9.63368558752485
109.16916916916917,-9.669570672538335
109.21921921921921,-9.671293669953185
109.26926926926927,-9.669201265098101
109.31931931931932,-9.694948191953829
109.36936936936937,-9.75454917082623
109.41941941941943,-9.753518024977934
109.46946946946947,-9.720990188016344
109.51951951951952,-9.771397213071168
109.56956956956957,-9.824530753999035
109.61961961961961,-9.825152081114714
109.66966966966967,-9.82375291827094
109.71971971971972,-9.838978804000185
109.76976976976977,-9.827773694374978
109.81981981981983,-9.842576488575945
109.86986986986987,-9.885827833233401
109.91991991991992,-9.875898953479096
109.96996996996997,-9.86545056029149
110.02002002002001,-9.915566450698549
110.07007007007007,-9.964045662665482
110.12012012012012,-9.945948379782568
110.17017017017017,-9.93417649518274
110.22022022022023,-9.938572419663098
110.27027027027027,-9.940027491307815
110.32032032032032,-9.973231437021457
110.37037037037037,-9.989700540724002
110.42042042042041,-9.961925101089633
110.47047047047047,-9.9492970094978
110.52052052052052,-9.971742614640709
110.57057057057057,-9.973460402131229
110.62062062062063,-9.95573292922729
110.67067067067067,-9.958964125078138
110.72072072072072,-9.970207342539553
110.77077077077077,-9.986283670009593
110.82082082082081,-9.98293941635087
110.87087087087087,-9.970186606843225
110.92092092092092,-9.964757734855954
110.97097097097097,-9.94249277875373
111.02102102102103,-9.960717641839619
111.07107107107107,-9.988447117522057
111.12112112112112,-9.95401872769856
111.17117117117117,-9.924717883371596
111.22122122122121,-9.938542341288892
111.27127127127127,-9.948299648255833
111.32132132132132,-9.934566050756276
111.37137137137137,-9.93276226800538
111.42142142142143,-9.916225720221384
111.47147147147147,-9.898020519440614
111.52152152152152,-9.90739969481771
111.57157157157158,-9.876441775485745
111.62162162162163,-9.851399956277744
111.67167167167167,-9.84796899567119
111.72172172172172,-9.84577975121184
111.77177177177177,-9.839109017598178
111.82182182182183,-9.842747939974203
111.87187187187187,-9.812795107591054
111.92192192192192,-9.761663445874742
111.97197197197198,-9.760757674117245
112.02202202202203,-9.753503519296146
112.07207207207207,-9.718420673143706
112.12212212212212,-9.702813162674316
112.17217217217217,-9.682817166044066
112.22222222222223,-9.675815127932742
112.27227227227228,-9.676333742971318
112.32232232232232,-9.651734000791736
112.37237237237238,-9.597784821282776
112.42242242242243,-9.56063104517505
112.47247247247248,-9.548237643095588
112.52252252252252,-9.523154923317502
112.57257257257257,-9.499823022444621
112.62262262262263,-9.469331766873015
112.67267267267268,-9.42609755841595
112.72272272272272,-9.419904025187309
112.77277277277278,-9.408076435998844
112.82282282282283,-9.363888883874354
112.87287287287288,-9.329207627958555
112.92292292292292,-9.314104961572443
112.97297297297297,-9.29810972342827
113.02302302302303,-9.255302323599128
113.07307307307308,-9.21239430511844
113.12312312312312,-9.176308913923403
113.17317317317318,-9.153594895714747
113.22322322322323,-9.137398488453078
113.27327327327328,-9.10092680006034
113.32332332332332,-9.049059623014697
113.37337337337337,-9.002969224938951
113.42342342342343,-8.97301480699018
113.47347347347348,-8.939680730685746
113.52352352352352,-8.878627056639957
113.57357357357358,-8.829446630361039
113.62362362362363,-8.801287993274467
113.67367367367368,-8.770388999799266
113.72372372372372,-8.738878171693228
113.77377377377377,-8.698524765897504
113.82382382382383,-8.649798453521168
113.87387387387388,-8.602767427482167
113.92392392392392,-8.574319441035552
113.97397397397398,-8.54348716473767
114.02402402402403,-8.483305003434603
114.07407407407408,-8.426586233191328
114.12412412412412,-8.377313184673188
114.17417417417417,-8.338859389011866
114.22422422422423,-8.305330310481162
114.27427427427428,-8.260291299599558
114.32432432432432,-8.196964792886625
114.37437437437438,-8.158790735999787
114.42442442442443,-8.133114444640256
114.47447447447448,-8.071080072897079
114.52452452452452,-8.00447311779756
114.57457457457457,-7.952218313040491
114.62462462462463,-7.911056729892907
114.67467467467468,-7.867186143881747
114.72472472472472,-7.825029338655133
114.77477477477478,-7.772967136959335
114.82482482482483,-7.713265300067423
114.87487487487488,-7.664398241997943
114.92492492492492,-7.62590804221965
114.97497497497497,-7.573715091997604
115.02502502502503,-7.499498109500328
115.07507507507508,-7.434615563314218
115.12512512512512,-7.391200870086921
115.17517517517518,-7.3563481427662305
115.22522522522523,-7.306480803622254
115.27527527527528,-7.240183949281623
115.32532532532532,-7.1892944466543565
115.37537537537537,-7.1646648930550825
115.42542542542543,-7.121757037198107
115.47547547547548,-7.0493229260002
115.52552552552552,-6.987574206798411
115.57557557557558,-6.934777806397598
115.62562562562563,-6.889712050644556
115.67567567567568,-6.846561904805122
115.72572572572572,-6.796488317319212
115.77577577577577,-6.727226578521573
115.82582582582583,-6.673492630756817
115.87587587587588,-6.655521196121238
115.92592592592592,-6.623710609841825
115.97597597597598,-6.563970946928308
116.02602602602603,-6.499166239408396
116.07607607607608,-6.466203507085572
116.12612612612612,-6.444853263822149
116.17617617617617,-6.412682300884084
116.22622622622623,-6.349289866117192
116.27627627627628,-6.297201620353287
116.32632632632632,-6.274091167989653
116.37637637637638,-6.239319764228863
116.42642642642643,-6.1843208926373405
116.47647647647648,-6.126589183981901
116.52652652652652,-6.094868242553698
116.57657657657657,-6.072354193142626
116.62662662662663,-6.070780397989715
116.67667667667668,-6.0439631580284745
116.72672672672672,-5.982031595628564
116.77677677677679,-5.940585084844217
116.82682682682683,-5.945814868397873
116.87687687687688,-5.940100086505663
116.92692692692692,-5.89074684901264
116.97697697697697,-5.857663055666551
117.02702702702703,-5.843468791471777
117.07707707707708,-5.855017809717807
117.12712712712712,-5.854019748926959
117.17717717717719,-5.820921973696409
117.22722722722723,-5.755968161317044
117.27727727727728,-5.736600506165431
117.32732732732732,-5.771598862404707
117.37737737737737,-5.767291885267111
117.42742742742743,-5.741735787517765
117.47747747747748,-5.722673229611409
117.52752752752752,-5.752788138634718
117.57757757757759,-5.785846196036435
117.62762762762763,-5.799809579372255
117.67767767767768,-5.759636270180807
117.72772772772772,-5.713227797650243
117.77777777777777,-5.744050545521319
117.82782782782783,-5.782664552073038
117.87787787787788,-5.780856534805991
117.92792792792793,-5.743233044735235
117.97797797797799,-5.764041230345574
118.02802802802803,-5.798060802229959
118.07807807807808,-5.828137999636146
118.12812812812813,-5.851366562398965
118.17817817817817,-5.840847312352477
118.22822822822823,-5.838048915361272
118.27827827827828,-5.882954531292245
118.32832832832833,-5.938180559699871
118.37837837837839,-5.920264680239682
118.42842842842843,-5.9072788898272535
118.47847847847848,-5.946296995862141
118.52852852852853,-6.004177340714177
118.57857857857857,-6.058946660125159
118.62862862862863,-6.089263539762132
118.67867867867868,-6.09830615795364
118.72872872872873,-6.100453736403514
118.77877877877879,-6.16743584708474
118.82882882882883,-6.2128488870575955
118.87887887887888,-6.200422316517521
118.92892892892893,-6.194006762008788
118.97897897897897,-6.243464718606663
119.02902902902903,-6.299594984536969
119.07907907907908,-6.345976732751878
119.12912912912913,-6.407603242381528
119.17917917917919,-6.430132392404767
119.22922922922923,-6.480771042681492
119.27927927927928,-6.553080897278989
119.32932932932933,-6.607877951664227
119.37937937937937,-6.612672988292237
119.42942942942943,-6.625143683937889
119.47947947947948,-6.675854353105134
119.52952952952953,-6.720597984697667
119.57957957957959,-6.785082064375785
119.62962962962963,-6.849357784823375
119.67967967967968,-6.880990781142232
119.72972972972973,-6.912701943836643
119.77977977977977,-6.994207276767945
119.82982982982983,-7.044142353000012
119.87987987987988,-7.053370257940774
119.92992992992993,-7.107330796265891
119.97997997997999,-7.159138279398938
120.03003003003003,-7.200607242294278
120.08008008008008,-7.290448620936595
120.13013013013014,-7.369679305897752
120.18018018018019,-7.374560934011584
120.23023023023023,-7.4166720092743175
120.28028028028028,-7.5049619696952545
120.33033033033033,-7.5415744071169275
120.38038038038039,-7.573011504069905
120.43043043043043,-7.619726542258488
120.48048048048048,-7.649833738382262
120.53053053053054,-7.691860711602698
120.58058058058059,-7.791222540947552
120.63063063063063,-7.844441817478772
120.68068068068068,-7.837290673534712
120.73073073073073,-7.896963270890918
120.78078078078079,-7.986846407179953
120.83083083083083,-8.028084359315816
120.88088088088088,-8.074426694464117
120.93093093093094,-8.126900432448188
120.98098098098099,-8.14459133406993
121.03103103103103,-8.1910840667011
121.08108108108108,-8.27927543576774
121.13113113113113,-8.321065866280609
121.18118118118119,-8.306182081573159
121.23123123123123,-8.354609992331055
121.28128128128128,-8.434256970835147
121.33133133133134,-8.48302877387504
121.38138138138139,-8.522438940583768
121.43143143143143,-8.56453172422761
121.48148148148148,-8.594680376733931
121.53153153153153,-8.6538856513546
121.58158158158159,-8.723071573801569
121.63163163163163,-8.72763840158194
121.68168168168168,-8.728177097186657
121.73173173173174,-8.801776622684647
121.78178178178179,-8.854609971476641
121.83183183183183,-8.892475087993004
121.88188188188188,-8.934946019705675
121.93193193193193,-8.95847761427831
121.98198198198199,-8.967511594134654
122.03203203203203,-9.043690543350998
122.08208208208208,-9.100792994773386
122.13213213213214,-9.078154996296954
122.18218218218217,-9.086597487129701
122.23223223223223,-9.150367798074672
122.28228228228228,-9.194168719110687
122.33233233233233,-9.220803851423762
122.38238238238239,-9.259573514196122
122.43243243243244,-9.262986178990284
122.48248248248248,-9.313224710707521
122.53253253253254,-9.391458566769975
122.58258258258257,-9.399719750848092
122.63263263263264,-9.38092851697543
122.68268268268268,-9.425454444473404
122.73273273273273,-9.46957139624571
122.78278278278279,-9.485519319690594
122.83283283283284,-9.52493001180882
122.88288288288288,-9.54292399062638
122.93293293293294,-9.536477625183768
122.98298298298297,-9.551278735170195
123.03303303303304,-9.654413034281545
123.08308308308308,-9.658572994061696
123.13313313313313,-9.612225882324257
123.18318318318319,-9.65058861058723
123.23323323323324,-9.712330834507041
123.28328328328328,-9.713633020708194
123.33333333333334,-9.727702513191426
123.38338338338338,-9.76205747865561
123.43343343343344,-9.766859247654295
123.48348348348348,-9.79084835372484
123.53353353353353,-9.854410081959045
123.58358358358359,-9.830634747515981
123.63363363363364,-9.793488180328708
123.68368368368368,-9.84748350274112
123.73373373373374,-9.852171695738768
123.78378378378378,-9.851902810777165
123.83383383383384,-9.883014536091435
123.88388388388388,-9.886212687932716
123.93393393393393,-9.876465321628089
123.98398398398399,-9.939462057291047
124.03403403403404,-9.983265410874294
124.08408408408408,-9.914577154989349
124.13413413413414,-9.907834410663655
124.18418418418419,-9.978116710818078
124.23423423423424,-9.947907179823618
124.2842842842843,-9.924031810859377
124.33433433433433,-9.950066744797105
124.38438438438439,-9.964861779464387
124.43443443443444,-9.97278257205663
124.48448448448448,-10.020841992962257
124.53453453453454,-10.026221704753667
124.58458458458459,-9.99698008228616
124.63463463463464,-9.963754997719338
124.6846846846847,-9.985721497498355
124.73473473473473,-9.99410041990656
124.78478478478479,-9.97324726741987
124.83483483483484,-9.96962828106517
124.88488488488488,-9.973658786931004
124.93493493493494,-9.987688524234303
124.98498498498499,-9.992520823023199
125.03503503503504,-9.975807624255218
125.0850850850851,-9.936529293318333
125.13513513513513,-9.926895912605158
125.18518518518519,-9.968178707656687
125.23523523523524,-9.931274320162233
125.28528528528528,-9.911748782617245
125.33533533533534,-9.933898553956093
125.38538538538539,-9.915412112603434
125.43543543543544,-9.894345974863416
125.4854854854855,-9.92659999765227
125.53553553553553,-9.913322559963243
125.58558558558559,-9.827005433504846
125.63563563563564,-9.84261922116246
125.68568568568568,-9.8735042972731
125.73573573573574,-9.820201593674138
125.78578578578579,-9.793252150772217
125.83583583583584,-9.812626310298398
125.8858858858859,-9.78618967551735
125.93593593593593,-9.772627566897727
125.98598598598599,-9.767970744941257
126.03603603603604,-9.696942134708742
126.08608608608608,-9.658967783544375
126.13613613613614,-9.69894400399133
126.18618618618619,-9.674629648777268
126.23623623623624,-9.640972869073222
126.2862862862863,-9.654911058365204
126.33633633633633,-9.6243613108042
126.38638638638639,-9.599728839783879
126.43643643643644,-9.591876285866286
126.48648648648648,-9.563650431846188
126.53653653653654,-9.473527919970008
126.58658658658659,-9.452517835823794
126.63663663663664,-9.455686251387707
126.6866866866867,-9.411391087183896
126.73673673673673,-9.380654877532809
126.78678678678679,-9.357065891209276
126.83683683683684,-9.33696312488789
126.88688688688688,-9.315587128066563
126.93693693693695,-9.287462946784277
126.98698698698699,-9.243236061919875
127.03703703703704,-9.183569553148565
127.0870870870871,-9.168079338828118
127.13713713713713,-9.14813342098152
127.18718718718719,-9.104052693358932
127.23723723723724,-9.065973798149825
127.28728728728728,-9.024031300431231
127.33733733733735,-8.98877461200094
127.38738738738739,-8.963277239016088
127.43743743743744,-8.934252172413098
127.4874874874875,-8.880876156253708
127.53753753753753,-8.808150880577571
127.58758758758759,-8.79379331579525
127.63763763763764,-8.749355843292737
127.68768768768768,-8.687005466480711
127.73773773773775,-8.637383853189592
127.78778778778779,-8.588438883719249
127.83783783783784,-8.534958289148298
127.8878878878879,-8.4814415639927
127.93793793793793,-8.453926883585282
127.98798798798799,-8.398196762192939
128.03803803803805,-8.322195726290246
128.08808808808809,-8.291237130806723
128.13813813813815,-8.238804292763028
128.18818818818818,-8.169676384976993
128.23823823823824,-8.083725083826197
128.2882882882883,-8.019592849727704
128.33833833833833,-7.95040237461686
128.3883883883884,-7.8947897675114715
128.43843843843842,-7.828483802541155
128.48848848848849,-7.747354351244545
128.53853853853855,-7.68259451374201
128.5885885885886,-7.615394249725432
128.63863863863864,-7.548112546449189
128.6886886886887,-7.45996305097295
128.73873873873873,-7.395543993200605
128.7887887887888,-7.3144090033753
128.83883883883885,-7.239919965434626
128.88888888888889,-7.174786682015333
128.93893893893895,-7.085145172251203
128.98898898898898,-6.971861143693123
129.03903903903904,-6.904317401486783
129.0890890890891,-6.835581218144009
129.13913913913913,-6.725246958773876
129.1891891891892,-6.651829334558116
129.23923923923923,-6.576965871786438
129.2892892892893,-6.5014438425713
129.33933933933935,-6.3873838290629275
129.3893893893894,-6.327101494535356
129.43943943943944,-6.23167640117111
129.4894894894895,-6.119723946203974
129.53953953953953,-6.064646186297248
129.5895895895896,-5.955806562957433
129.63963963963965,-5.878124280374564
129.6896896896897,-5.7739953441754945
129.73973973973975,-5.734245445303517
129.78978978978978,-5.637741632254816
129.83983983983984,-5.556158262982197
129.8898898898899,-5.49910958692577
129.93993993993993,-5.39960046529269
129.98998998999,-5.348288877248288
130.04004004004003,-5.278348133421098
130.0900900900901,-5.209715575354985
130.14014014014015,-5.107790040728237
130.1901901901902,-5.072196189617359
130.24024024024024,-5.043293977990052
130.2902902902903,-4.966201508008287
130.34034034034033,-4.918288263767784
130.3903903903904,-4.87457164090354
130.44044044044045,-4.8449174645823865
130.4904904904905,-4.787250341483525
130.54054054054055,-4.776945537713771
130.59059059059058,-4.716949579650068
130.64064064064064,-4.672801688567607
130.6906906906907,-4.66222453310736
130.74074074074073,-4.639589600614217
130.7907907907908,-4.638842213102015
130.84084084084083,-4.586661799851916
130.8908908908909,-4.6069176620395424
130.94094094094095,-4.590812212345262
130.990990990991,-4.59938371694904
131.04104104104104,-4.582228922047008
131.0910910910911,-4.568379100979832
131.14114114114113,-4.5549191311391635
131.1911911911912,-4.579515267381386
131.24124124124126,-4.59793696187686
131.2912912912913,-4.584516104438988
131.34134134134135,-4.613418395806966
131.39139139139138,-4.626406475426397
131.44144144144144,-4.665598911786311
131.4914914914915,-4.672273434394535
131.54154154154153,-4.714383641861623
131.5915915915916,-4.750298758538081
131.64164164164163,-4.744693156191675
131.6916916916917,-4.818018210641153
131.74174174174175,-4.818901232617353
131.7917917917918,-4.872924336913382
131.84184184184184,-4.881914103861794
131.8918918918919,-4.949892400873784
131.94194194194193,-5.005399799958765
131.991991991992,-5.043349204689926
132.04204204204206,-5.106099525582779
132.0920920920921,-5.1384044375107765
132.14214214214215,-5.21202894910248
132.19219219219218,-5.238782753823301
132.24224224224224,-5.283767428786137
132.2922922922923,-5.332902573642284
132.34234234234233,-5.3921988322210215
132.3923923923924,-5.454747908347971
132.44244244244243,-5.492880505564993
132.4924924924925,-5.572546579811833
132.54254254254255,-5.632943204129982
132.5925925925926,-5.707546510445171
132.64264264264264,-5.747445483806399
132.6926926926927,-5.8313687081879575
132.74274274274273,-5.87853503222634
132.7927927927928,-5.949542753407361
132.84284284284286,-6.02745147542221
132.8928928928929,-6.062140113864181
132.94294294294295,-6.109918614277304
132.99299299299298,-6.157543387093644
133.04304304304304,-6.254267567197895
133.0930930930931,-6.319731376446513
133.14314314314316,-6.398033206886924
133.1931931931932,-6.442230272512366
133.24324324324326,-6.533321661760283
133.2932932932933,-6.609246170001534
133.34334334334335,-6.669013118833272
133.3933933933934,-6.692340033011118
133.44344344344344,-6.745859599025915
133.4934934934935,-6.844463549120566
133.54354354354354,-6.899626671802479
133.5935935935936,-6.977250192970886
133.64364364364366,-7.015497961987884
133.6936936936937,-7.062053429295101
133.74374374374375,-7.139531031462177
133.79379379379378,-7.232680238450191
133.84384384384384,-7.29950677089755
133.8938938938939,-7.3112892196237285
133.94394394394396,-7.367434959337877
133.993993993994,-7.4532201422089335
134.04404404404406,-7.519773071915455
134.0940940940941,-7.5874762167522976
134.14414414414415,-7.612634852937011
134.1941941941942,-7.671508735119549
134.24424424424424,-7.745459362294814
134.2942942942943,-7.823907799947765
134.34434434434434,-7.869120514796801
134.3943943943944,-7.894035325594284
134.44444444444446,-7.95640324114331
134.4944944944945,-8.030396185697398
134.54454454454455,-8.079138068221212
134.59459459459458,-8.137626757925503
134.64464464464464,-8.191817123626889
134.6946946946947,-8.203750728538246
134.74474474474476,-8.31449952054708
134.7947947947948,-8.375594180051566
134.84484484484486,-8.403768772739825
134.8948948948949,-8.408099225629657
134.94494494494495,-8.492627104821079
134.994994994995,-8.556478151275135
135.04504504504504,-8.58842310423323
135.0950950950951,-8.630359655317886
135.14514514514514,-8.685202882648612
135.1951951951952,-8.703755284734143
135.24524524524526,-8.784474346879774
135.2952952952953,-8.838217896350605
135.34534534534535,-8.842963668015889
135.39539539539538,-8.87641191652679
135.44544544544544,-8.933560650684221
135.4954954954955,-8.994366233059084
135.54554554554556,-9.029910028152237
135.5955955955956,-9.0818324946614
135.64564564564566,-9.130741860958713
135.6956956956957,-9.12784539925492
135.74574574574575,-9.226296070267107
135.7957957957958,-9.25389518067222
135.84584584584584,-9.232430406554744
135.8958958958959,-9.287467921038902
135.94594594594594,-9.349675832821076
135.995995995996,-9.392509177639756
136.04604604604606,-9.407324705425223
136.0960960960961,-9.417739989790656
136.14614614614615,-9.455511032246191
136.19619619619618,-9.495014165873265
136.24624624624624,-9.546504237033734
136.2962962962963,-9.585208771236525
136.34634634634637,-9.587653109382167
136.3963963963964,-9.623471751069935
136.44644644644646,-9.669584135109933
136.4964964964965,-9.716173993206715
136.54654654654655,-9.70531474713603
136.5965965965966,-9.73059643219204
136.64664664664664,-9.758903276264375
136.6966966966967,-9.802550768429077
136.74674674674674,-9.833473776219316
136.7967967967968,-9.84511537285129
136.84684684684686,-9.834607876303236
136.8968968968969,-9.873854321049977
136.94694694694695,-9.92998078189552
136.99699699699698,-9.94632432467235
137.04704704704704,-9.937842460250776
137.0970970970971,-9.957959630808649
137.14714714714717,-9.986380175900262
137.1971971971972,-10.02440145166736
137.24724724724726,-10.04131913802277
137.2972972972973,-10.009939115629036
137.34734734734735,-10.0400432537861
137.3973973973974,-10.07157115934662
137.44744744744744,-10.115093024309104
137.4974974974975,-10.099295189846195
137.54754754754754,-10.112740835308815
137.5975975975976,-10.102845583160533
137.64764764764766,-10.12202699223537
137.6976976976977,-10.13825487528727
137.74774774774775,-10.162006043233317
137.79779779779778,-10.147180672739006
137.84784784784785,-10.16317140969996
137.8978978978979,-10.168909722539226
137.94794794794797,-10.209464787999314
137.997997997998,-10.189881867991028
138.04804804804806,-10.174952816908082
138.0980980980981,-10.180360901204232
138.14814814814815,-10.195815109989091
138.1981981981982,-10.208516803552842
138.24824824824825,-10.177742627948676
138.2982982982983,-10.198458717256019
138.34834834834834,-10.180736493026636
138.3983983983984,-10.197957124236247
138.44844844844846,-10.179973699391127
138.4984984984985,-10.146986924475968
138.54854854854855,-10.153138985977417
138.59859859859858,-10.165909745628007
138.64864864864865,-10.16283535269754
138.6986986986987,-10.151421912477165
138.74874874874877,-10.127317600793177
138.7987987987988,-10.131063509952286
138.84884884884886,-10.080845355734118
138.8988988988989,-10.073857002142137
138.94894894894895,-10.062070692860923
138.998998998999,-10.025535743414896
139.04904904904905,-9.991259132077813
139.0990990990991,-9.998308718792607
139.14914914914914,-9.991340290891882
139.1991991991992,-9.938043763592393
139.24924924924926,-9.894585750118422
139.2992992992993,-9.864677162514019
139.34934934934935,-9.843512363063729
139.39939939939939,-9.813307988483833
139.44944944944945,-9.782389780962463
139.4994994994995,-9.724832884103519
139.54954954954957,-9.720376382225615
139.5995995995996,-9.64914958420149
139.64964964964966,-9.592090897723802
139.6996996996997,-9.550810781857853
139.74974974974975,-9.510431130297055
139.7997997997998,-9.402490945006718
139.84984984984985,-9.337047386554875
139.8998998998999,-9.30825466924574
139.94994994994994,-9.244252777421035
140.0,-9.151555520484331
