freq,trans_dB
90.0,-6.2534389771881145
90.05005005005005,-6.181928613205379
90.10010010010011,-6.1109094068702765
90.15015015015015,-6.033974709203072
90.2002002002002,-5.887215276622782
90.25025025025025,-5.87102996845427
90.30030030030031,-5.806992616261607
90.35035035035035,-5.7198145886964955
90.4004004004004,-5.631191032352787
90.45045045045045,-5.587646363232956
90.50050050050051,-5.508418687908115
90.55055055055055,-5.424683214477015
90.6006006006006,-5.358061756681895
90.65065065065065,-5.313908799972446
90.70070070070071,-5.187094216446554
90.75075075075075,-5.201001140601295
90.8008008008008,-5.162445467299543
90.85085085085085,-5.068161037498485
90.90090090090091,-5.0342215459211745
90.95095095095095,-4.971511735498377
91.001001001001,-4.921439924719713
91.05105105105105,-4.865108087417164
91.10110110110111,-4.8489098427081885
91.15115115115115,-4.7274152550519535
91.2012012012012,-4.706787129062329
91.25125125125125,-4.709964205694112
91.30130130130131,-4.696508209357468
91.35135135135135,-4.593690176081938
91.4014014014014,-4.585815758318543
91.45145145145145,-4.5864410206590716
91.50150150150151,-4.535115355997002
91.55155155155155,-4.520987965355326
91.6016016016016,-4.4883098344822745
91.65165165165165,-4.454222462974572
91.70170170170171,-4.4284318977574895
91.75175175175175,-4.457737739765243
91.8018018018018,-4.4773470474802135
91.85185185185185,-4.414371565552305
91.90190190190191,-4.431400213663782
91.95195195195195,-4.4339397426939176
92.002002002002,-4.442327350462581
92.05205205205205,-4.434309140502912
92.10210210210211,-4.445407654259898
92.15215215215215,-4.4057352424289595
92.2022022022022,-4.461482384590879
92.25225225225225,-4.481383113677669
92.30230230230231,-4.517506235998543
92.35235235235236,-4.527482848370432
92.4024024024024,-4.519151755031128
92.45245245245245,-4.599578064894587
92.50250250250251,-4.609821006752763
92.55255255255256,-4.669814894160421
92.6026026026026,-4.663838352215833
92.65265265265265,-4.70217741624649
92.70270270270271,-4.754180281030586
92.75275275275276,-4.819085752167057
92.8028028028028,-4.848975898947811
92.85285285285285,-4.899834621265298
92.90290290290291,-4.949097728931243
92.95295295295296,-5.012852851045495
93.003003003003,-5.084454436237022
93.05305305305305,-5.197363023274241
93.10310310310311,-5.179069824712342
93.15315315315316,-5.242241800682397
93.2032032032032,-5.325506527269539
93.25325325325325,-5.488907485930197
93.30330330330331,-5.511164277466156
93.35335335335336,-5.579181761865768
93.4034034034034,-5.627792405722661
93.45345345345345,-5.78646755614811
93.50350350350351,-5.8899495305949054
93.55355355355356,-5.985176535075161
93.6036036036036,-6.057034907068792
93.65365365365365,-6.142551823345991
93.70370370370371,-6.302725067642486
93.75375375375376,-6.397983421284005
93.8038038038038,-6.484600853292778
93.85385385385385,-6.5910201853825034
93.90390390390391,-6.71711315197726
93.95395395395396,-6.835524735678095
94.004004004004,-7.026639506025931
94.05405405405405,-7.145115179655067
94.10410410410411,-7.222533390718645
94.15415415415416,-7.356230875099058
94.2042042042042,-7.574317058135916
94.25425425425425,-7.689685497321936
94.30430430430431,-7.79174994689839
94.35435435435436,-7.927367283882883
94.4044044044044,-8.068755354072252
94.45445445445445,-8.239508490758242
94.50450450450451,-8.430303173906871
94.55455455455456,-8.543127639607754
94.6046046046046,-8.65982653771339
94.65465465465465,-8.859847770144713
94.70470470470471,-9.070003022424984
94.75475475475476,-9.19175105294263
94.8048048048048,-9.324526398676229
94.85485485485485,-9.504938503179373
94.90490490490491,-9.623307101829996
94.95495495495496,-9.778462368778152
95.005005005005,-9.948538250305088
95.05505505505505,-10.081357424111111
95.10510510510511,-10.158367874083966
95.15515515515516,-10.336317564517651
95.2052052052052,-10.585919169217831
95.25525525525525,-10.698281759313877
95.30530530530531,-10.784623972059398
95.35535535535536,-10.930984013993557
95.4054054054054,-11.069577212143603
95.45545545545545,-11.164068040810166
95.50550550550551,-11.323668388394712
95.55555555555556,-11.436439924651872
95.6056056056056,-11.512261920342008
95.65565565565565,-11.645942566572327
95.70570570570571,-11.82462987902022
95.75575575575576,-11.913704830745369
95.8058058058058,-11.97156142454621
95.85585585585585,-12.044966623263415
95.90590590590591,-12.141554504747695
95.95595595595596,-12.24802387646754
96.006006006006,-12.328087408772484
96.05605605605605,-12.378038589318836
96.10610610610611,-12.430273834817628
96.15615615615616,-12.53262353483607
96.2062062062062,-12.584474939211217
96.25625625625625,-12.601701952327893
96.30630630630631,-12.737046098798084
96.35635635635636,-12.744604045153457
96.4064064064064,-12.822840422323306
96.45645645645645,-12.85807867073156
96.50650650650651,-12.961723531195943
96.55655655655656,-12.923046766706793
96.6066066066066,-12.930919319262685
96.65665665665665,-12.997962467578649
96.70670670670671,-12.999902166046404
96.75675675675676,-12.99752244858862
96.8068068068068,-13.043350420422863
96.85685685685685,-12.987232085978466
96.90690690690691,-13.110696624472755
96.95695695695696,-13.089612173181393
97.007007007007,-13.103052028892066
97.05705705705705,-13.078596556179846
97.10710710710711,-13.095132755753651
97.15715715715716,-13.122901533929413
97.2072072072072,-13.113570402862296
97.25725725725725,-13.163769389150751
97.30730730730731,-13.11965844171116
97.35735735735736,-13.087326811453712
97.4074074074074,-13.125604878585685
97.45745745745745,-13.104561005058322
97.50750750750751,-13.120259844631923
97.55755755755756,-13.07509035645781
97.6076076076076,-13.037602428822566
97.65765765765767,-13.06023601271151
97.70770770770771,-13.030326120374585
97.75775775775776,-13.010756551884048
97.8078078078078,-12.964330934615845
97.85785785785785,-12.973144998841567
97.90790790790791,-12.943584664408778
97.95795795795796,-12.95588080800426
98.008008008008,-12.943083598946941
98.05805805805807,-12.912504710914895
98.10810810810811,-12.925661647897249
98.15815815815816,-12.90330325818067
98.2082082082082,-12.843691546654444
98.25825825825825,-12.797639705985487
98.30830830830831,-12.783096104667814
98.35835835835836,-12.732834489628205
98.4084084084084,-12.704747946015484
98.45845845845847,-12.702973912497646
98.50850850850851,-12.659215681194183
98.55855855855856,-12.584635183544188
98.6086086086086,-12.610088522694042
98.65865865865865,-12.563119965205646
98.70870870870871,-12.509286597171002
98.75875875875876,-12.48260897520786
98.8088088088088,-12.450755421061032
98.85885885885887,-12.418523746507017
98.90890890890891,-12.39114816205148
98.95895895895896,-12.37653400160582
99.009009009009,-12.293602603306551
99.05905905905905,-12.291339679158389
99.10910910910911,-12.244431208902002
99.15915915915916,-12.181275524860267
99.2092092092092,-12.15522112153486
99.25925925925927,-12.094387897200326
99.30930930930931,-12.053671894138589
99.35935935935936,-11.993277931918781
99.4094094094094,-11.947779695019971
99.45945945945945,-11.924845662785936
99.50950950950951,-11.852464973494273
99.55955955955956,-11.794972199479144
99.6096096096096,-11.767123407303783
99.65965965965967,-11.767616799342727
99.70970970970971,-11.706977668197327
99.75975975975976,-11.648640166898794
99.8098098098098,-11.642398720221077
99.85985985985985,-11.588360264208958
99.90990990990991,-11.50292210068204
99.95995995995996,-11.474050609943816
100.01001001001,-11.376320217993547
100.06006006006007,-11.320121805144293
100.11011011011011,-11.264913249007893
100.16016016016016,-11.240497753977674
100.2102102102102,-11.18647215264179
100.26026026026025,-11.120042368931072
100.31031031031031,-11.087057083050723
100.36036036036036,-11.010460789520257
100.4104104104104,-10.966733883723714
100.46046046046047,-10.898566152042546
100.51051051051051,-10.835124367486856
100.56056056056056,-10.77212018890201
100.6106106106106,-10.700973500527153
100.66066066066065,-10.663919515315525
100.71071071071071,-10.602707406930575
100.76076076076076,-10.541781614360653
100.8108108108108,-10.484981978731733
100.86086086086087,-10.417711640837771
100.91091091091091,-10.344642479388591
100.96096096096096,-10.317388741334998
101.011011011011,-10.239686713673272
101.06106106106107,-10.158975431325139
101.11111111111111,-10.089531697425409
101.16116116116116,-10.033926071516602
101.21121121121121,-9.957579901172773
101.26126126126127,-9.87598506458441
101.31131131131131,-9.845216321563784
101.36136136136136,-9.76212277107914
101.41141141141141,-9.680278461360198
101.46146146146147,-9.612289521747616
101.51151151151151,-9.57196347285633
101.56156156156156,-9.49755013606988
101.61161161161161,-9.396934097384195
101.66166166166167,-9.34217122659935
101.71171171171171,-9.315514582102107
101.76176176176176,-9.202514563598976
101.81181181181181,-9.147963498703492
101.86186186186187,-9.076894893725674
101.91191191191191,-8.985091635978385
101.96196196196196,-8.898379926489044
102.01201201201201,-8.848324476300629
102.06206206206207,-8.785489708173452
102.11211211211211,-8.692716635081483
102.16216216216216,-8.610867299040939
102.21221221221221,-8.562157915540402
102.26226226226227,-8.502965532902627
102.31231231231232,-8.399310203655848
102.36236236236236,-8.314524294805835
102.41241241241241,-8.240363837419144
102.46246246246247,-8.180336091204987
102.51251251251252,-8.120957414199408
102.56256256256256,-8.049915939703133
102.61261261261261,-7.977399893033042
102.66266266266267,-7.925345021120689
102.71271271271272,-7.864589674644591
102.76276276276276,-7.793646261951274
102.81281281281281,-7.7021053707947384
102.86286286286287,-7.624941789497817
102.91291291291292,-7.562082087408719
102.96296296296296,-7.488425581512062
103.01301301301301,-7.414700727264831
103.06306306306307,-7.328360401362217
103.11311311311312,-7.26279712293508
103.16316316316316,-7.2383733722276515
103.21321321321321,-7.202452352124681
103.26326326326327,-7.169340700107873
103.31331331331332,-7.089998605400417
103.36336336336336,-7.00211656281184
103.41341341341341,-6.953252404655839
103.46346346346347,-6.907628315899008
103.51351351351352,-6.855835008712801
103.56356356356356,-6.779464382773765
103.61361361361361,-6.745912150248865
103.66366366366367,-6.702905350865711
103.71371371371372,-6.665036292916349
103.76376376376376,-6.632093027774023
103.81381381381381,-6.570482605953074
103.86386386386387,-6.541672270229393
103.91391391391392,-6.516665999650955
103.96396396396396,-6.488529798257942
104.01401401401401,-6.442451509303573
104.06406406406407,-6.407472472850433
104.11411411411412,-6.387835027974798
104.16416416416416,-6.3953477289258
104.21421421421421,-6.406329525712928
104.26426426426427,-6.388598303352875
104.31431431431432,-6.355149940978069
104.36436436436436,-6.3395544984797
104.41441441441441,-6.358843357212985
104.46446446446447,-6.346493029480387
104.51451451451452,-6.355879190531952
104.56456456456456,-6.35661603743617
104.61461461461461,-6.385109761475617
104.66466466466467,-6.407105948411144
104.71471471471472,-6.422945168221184
104.76476476476476,-6.424027919034076
104.81481481481481,-6.409094481449645
104.86486486486487,-6.47060452873172
104.91491491491492,-6.530627008536418
104.96496496496496,-6.609384039704153
105.01501501501502,-6.643684887965769
105.06506506506507,-6.683752603210044
105.11511511511512,-6.760599022954923
105.16516516516516,-6.838266252858993
105.21521521521521,-6.899285683126315
105.26526526526527,-6.926052638848938
105.31531531531532,-6.993665291951929
105.36536536536536,-7.043857903659289
105.41541541541542,-7.156978007333922
105.46546546546547,-7.258382776572409
105.51551551551552,-7.33080329209392
105.56556556556556,-7.428555341920044
105.61561561561561,-7.553971324325693
105.66566566566567,-7.672186021127197
105.71571571571572,-7.732091357022602
105.76576576576576,-7.841444657648682
105.81581581581582,-7.925575611349631
105.86586586586587,-8.060376961942062
105.91591591591592,-8.2109826242576
105.96596596596596,-8.331331382448539
106.01601601601601,-8.422270506219595
106.06606606606607,-8.528424615016005
106.11611611611612,-8.704531909568969
106.16616616616616,-8.80978170012146
106.21621621621622,-8.939698576455127
106.26626626626627,-9.03940929755773
106.31631631631632,-9.157597225095657
106.36636636636636,-9.275365503795044
106.41641641641641,-9.419294064642232
106.46646646646647,-9.582414881016108
106.51651651651652,-9.666652306243238
106.56656656656656,-9.796600335648579
106.61661661661662,-9.931643415014447
106.66666666666667,-10.088098485911308
106.71671671671672,-10.187501660704111
106.76676676676676,-10.28386593814427
106.81681681681681,-10.419630185076702
106.86686686686687,-10.515855726964778
106.91691691691692,-10.664856348783088
106.96696696696696,-10.769259359122993
107.01701701701703,-10.83210933245899
107.06706706706707,-10.865508053595553
107.11711711711712,-11.014065502015828
107.16716716716716,-11.141562150395895
107.21721721721721,-11.21769164793813
107.26726726726727,-11.308876571415075
107.31731731731732,-11.385143212286671
107.36736736736736,-11.498680883612693
107.41741741741743,-11.576449930761381
107.46746746746747,-11.65232172528365
107.51751751751752,-11.67056605860052
107.56756756756756,-11.749683727912545
107.61761761761761,-11.829730729829569
107.66766766766767,-11.879711508163178
107.71771771771772,-11.921291951171593
107.76776776776777,-11.950053012033582
107.81781781781783,-12.047850501117393
107.86786786786787,-12.129235790564675
107.91791791791792,-12.202578042868634
107.96796796796797,-12.210480944763685
108.01801801801801,-12.204121889152141
108.06806806806807,-12.27516907140939
108.11811811811812,-12.326862647176496
108.16816816816817,-12.378256975007341
108.21821821821823,-12.374404353237443
108.26826826826827,-12.386666114697407
108.31831831831832,-12.436293513291545
108.36836836836837,-12.51027106954692
108.41841841841841,-12.530257844642907
108.46846846846847,-12.569235244118854
108.51851851851852,-12.60837229890503
108.56856856856857,-12.630328640014143
108.61861861861863,-12.64716426454494
108.66866866866867,-12.682516060349025
108.71871871871872,-12.696865941261882
108.76876876876877,-12.667656024166837
108.81881881881881,-12.701306372439218
108.86886886886887,-12.763050867912806
108.91891891891892,-12.769160476498914
108.96896896896897,-12.745809108354582
109.01901901901903,-12.762076284086081
109.06906906906907,-12.802647171976357
109.11911911911912,-12.81300118127961
109.16916916916917,-12.867145084696494
109.21921921921921,-12.855045772806285
109.26926926926927,-12.819666482883326
109.31931931931932,-12.83875916105957
109.36936936936937,-12.908434384999026
109.41941941941943,-12.902873016979916
109.46946946946947,-12.855262344321948
109.51951951951952,-12.883976352578074
109.56956956956957,-12.946290556269565
109.61961961961961,-12.945011492035018
109.66966966966967,-12.926038618419168
109.71971971971972,-12.923438055363407
109.76976976976977,-12.90550999520652
109.81981981981983,-12.908425371743784
109.86986986986987,-12.938297710119857
109.91991991991992,-12.93795195706259
109.96996996996997,-12.914776500428102
110.02002002002001,-12.949011947387703
110.07007007007007,-13.013443658204059
110.12012012012012,-12.991768876615843
110.17017017017017,-12.953598928961704
110.22022022022023,-12.935442962725379
110.27027027027027,-12.928386195156733
110.32032032032032,-12.969359260563687
110.37037037037037,-12.990851378333259
110.42042042042041,-12.951418216250934
110.47047047047047,-12.925911635079324
110.52052052052052,-12.958968208239147
110.57057057057057,-12.94610668292151
110.62062062062063,-12.914738589588572
110.67067067067067,-12.919425748246626
110.72072072072072,-12.905518049979014
110.77077077077077,-12.909296413039941
110.82082082082081,-12.921833076300054
110.87087087087087,-12.901351966979503
110.92092092092092,-12.8812482486415
110.97097097097097,-12.858510250987086
111.02102102102103,-12.858007298848747
111.07107107107107,-12.886334333121544
111.12112112112112,-12.858877552690485
111.17117117117117,-12.804830960976739
111.22122122122121,-12.805810504549678
111.27127127127127,-12.836388412026134
111.32132132132132,-12.820973470512047
111.37137137137137,-12.804316940549015
111.42142142142143,-12.788574781500152
111.47147147147147,-12.763270030089323
111.52152152152152,-12.75901466982608
111.57157157157158,-12.731171792573212
111.62162162162163,-12.704419438682608
111.67167167167167,-12.688593504257486
111.72172172172172,-12.681282660196555
111.77177177177177,-12.667563433288896
111.82182182182183,-12.684218297520898
111.87187187187187,-12.657534119432738
111.92192192192192,-12.581763608739552
111.97197197197198,-12.563214303682702
112.02202202202203,-12.563210250203342
112.07207207207207,-12.528821266525059
112.12212212212212,-12.508131575035069
112.17217217217217,-12.488572247649909
112.22222222222223,-12.485034382310518
112.27227227227228,-12.477404504247094
112.32232232232232,-12.45593104586749
112.37237237237238,-12.389375629340162
112.42242242242243,-12.339277092345151
112.47247247247248,-12.326010316466979
112.52252252252252,-12.291190476919123
112.57257257257257,-12.275415019739834
112.62262262262263,-12.251507095404026
112.67267267267268,-12.199291965968053
112.72272272272272,-12.183348809241673
112.77277277277278,-12.17430433572428
112.82282282282283,-12.132651735845075
112.87287287287288,-12.08771224536082
112.92292292292292,-12.064079982745756
112.97297297297297,-12.051379511833677
113.02302302302303,-12.011368831153284
113.07307307307308,-11.969360878852727
113.12312312312312,-11.929937908198749
113.17317317317318,-11.907922833977189
113.22322322322323,-11.895282877748633
113.27327327327328,-11.857450241683974
113.32332332332332,-11.803616674095665
113.37337337337337,-11.754631201449087
113.42342342342343,-11.709986705113604
113.47347347347348,-11.679965711505886
113.52352352352352,-11.627476204641177
113.57357357357358,-11.571582620501639
113.62362362362363,-11.537703793337151
113.67367367367368,-11.511303462962989
113.72372372372372,-11.483496633343497
113.77377377377377,-11.440993069085062
113.82382382382383,-11.39019816358288
113.87387387387388,-11.341851997742168
113.92392392392392,-11.30781350180124
113.97397397397398,-11.271564451807599
114.02402402402403,-11.219881504769198
114.07407407407408,-11.169370521374292
114.12412412412412,-11.118059628354668
114.17417417417417,-11.077976109260817
114.22422422422423,-11.042109293384804
114.27427427427428,-10.99774733399134
114.32432432432432,-10.931562437162572
114.37437437437438,-10.90038983612235
114.42442442442443,-10.88645129573323
114.47447447447448,-10.824781165511284
114.52452452452452,-10.752577621801857
114.57457457457457,-10.698815102358076
114.62462462462463,-10.662048260512275
114.67467467467468,-10.62292137416369
114.72472472472472,-10.582355792164782
114.77477477477478,-10.538008398027891
114.82482482482483,-10.48648062494515
114.87487487487488,-10.436077805643608
114.92492492492492,-10.39035332557893
114.97497497497497,-10.3362281829867
115.02502502502503,-10.267919637701638
115.07507507507508,-10.203102401052027
115.12512512512512,-10.157569142762748
115.17517517517518,-10.131395174360925
115.22522522522523,-10.099583622163333
115.27527527527528,-10.036384500600635
115.32532532532532,-9.983361761228018
115.37537537537537,-9.968954461708233
115.42542542542543,-9.934670897485175
115.47547547547548,-9.864593712648247
115.52552552552552,-9.802447552779192
115.57557557557558,-9.757236088885817
115.62562562562563,-9.720984922414136
115.67567567567568,-9.67722882060134
115.72572572572572,-9.626748165964397
115.77577577577577,-9.566745631056692
115.82582582582583,-9.522466525021832
115.87587587587588,-9.504780220391376
115.92592592592592,-9.48220010557923
115.97597597597598,-9.437188817454762
116.02602602602603,-9.376291921705421
116.07607607607608,-9.349575679778994
116.12612612612612,-9.3464164571662
116.17617617617617,-9.3330029220114
116.22622622622623,-9.268359029789014
116.27627627627628,-9.216910516676258
116.32632632632632,-9.212500216263873
116.37637637637638,-9.195431818718133
116.42642642642643,-9.140763638230915
116.47647647647648,-9.081666107578167
116.52652652652652,-9.062522101799109
116.57657657657657,-9.05099242972866
116.62662662662663,-9.068473526641055
116.67667667667668,-9.059469497177023
116.72672672672672,-9.00056203030574
116.77677677677679,-8.95844830309702
116.82682682682683,-8.979575713402467
116.87687687687688,-8.990736538390738
116.92692692692692,-8.945658691591829
116.97697697697697,-8.92118128772022
117.02702702702703,-8.922724797662585
117.07707707707708,-8.959196388723576
117.12712712712712,-8.96928489304741
117.17717717717719,-8.937909743361423
117.22722722722723,-8.868244115440358
117.27727727727728,-8.848944420322976
117.32732732732732,-8.898810988737104
117.37737737737737,-8.908324323763704
117.42742742742743,-8.89756365155146
117.47747747747748,-8.880515023736006
117.52752752752752,-8.915940605179726
117.57757757757759,-8.970904860905954
117.62762762762763,-9.004734966124776
117.67767767767768,-8.959833735846413
117.72772772772772,-8.899221089128842
117.77777777777777,-8.9381488061902
117.82782782782783,-8.98676190943302
117.87787787787788,-8.980129644715381
117.92792792792793,-8.928211276384609
117.97797797797799,-8.950438187623122
118.02802802802803,-8.992321515444644
118.07807807807808,-9.033822952183979
118.12812812812813,-9.06171049273367
118.17817817817817,-9.039003542197626
118.22822822822823,-9.029097869703193
118.27827827827828,-9.072462158441223
118.32832832832833,-9.128057167165744
118.37837837837839,-9.092760393345356
118.42842842842843,-9.053969710975291
118.47847847847848,-9.085991447908398
118.52852852852853,-9.158313681968133
118.57857857857857,-9.231066347748607
118.62862862862863,-9.249103310219782
118.67867867867868,-9.237843071404543
118.72872872872873,-9.234378490336058
118.77877877877879,-9.300291428532297
118.82882882882883,-9.32330678854039
118.87887887887888,-9.281082744176302
118.92892892892893,-9.259721706963505
118.97897897897897,-9.296752107295948
119.02902902902903,-9.350923550994214
119.07907907907908,-9.401603033468344
119.12912912912913,-9.460043844164382
119.17917917917919,-9.463016342466195
119.22922922922923,-9.509457489267366
119.27927927927928,-9.58808951248088
119.32932932932933,-9.633482044588105
119.37937937937937,-9.614694440386721
119.42942942942943,-9.601597921855786
119.47947947947948,-9.649117833506132
119.52952952952953,-9.69432625483881
119.57957957957959,-9.747117571425425
119.62962962962963,-9.797079425092633
119.67967967967968,-9.82431488498915
119.72972972972973,-9.85590338263529
119.77977977977977,-9.927572543491674
119.82982982982983,-9.966542768840934
119.87987987987988,-9.968881425027261
119.92992992992993,-10.017843603506073
119.97997997997999,-10.063323049421431
120.03003003003003,-10.107560054424876
120.08008008008008,-10.195668051765578
120.13013013013014,-10.266789745193059
120.18018018018019,-10.264364850463656
120.23023023023023,-10.307063811065648
120.28028028028028,-10.39407264035886
120.33033033033033,-10.415524284218437
120.38038038038039,-10.439130518912469
120.43043043043043,-10.48405985113076
120.48048048048048,-10.51033139060905
120.53053053053054,-10.53644274707313
120.58058058058059,-10.624272022970485
120.63063063063063,-10.681033658339942
120.68068068068068,-10.678412037796793
120.73073073073073,-10.734395052525315
120.78078078078079,-10.816532234070253
120.83083083083083,-10.861656770827377
120.88088088088088,-10.9188302401181
120.93093093093094,-10.958679926744132
120.98098098098099,-10.972819899822351
121.03103103103103,-11.024637247238907
121.08108108108108,-11.100301593448556
121.13113113113113,-11.134488307057735
121.18118118118119,-11.126516193411385
121.23123123123123,-11.170700404273548
121.28128128128128,-11.24530133353965
121.33133133133134,-11.297751944342707
121.38138138138139,-11.345495104299355
121.43143143143143,-11.370568484379152
121.48148148148148,-11.395446862463558
121.53153153153153,-11.450194048525775
121.58158158158159,-11.516715217835953
121.63163163163163,-11.519480866979608
121.68168168168168,-11.512507731536749
121.73173173173174,-11.588148437058141
121.78178178178179,-11.644561572817853
121.83183183183183,-11.695067717775254
121.88188188188188,-11.73728963740771
121.93193193193193,-11.76044296407882
121.98198198198199,-11.762332379652312
122.03203203203203,-11.832865462353341
122.08208208208208,-11.896069484851532
122.13213213213214,-11.873742727857103
122.18218218218217,-11.881136010791511
122.23223223223223,-11.943776136540727
122.28228228228228,-11.990531681899814
122.33233233233233,-12.021990913216813
122.38238238238239,-12.069281148174529
122.43243243243244,-12.052558405007852
122.48248248248248,-12.099574087432673
122.53253253253254,-12.197163188562698
122.58258258258257,-12.203732421713983
122.63263263263264,-12.17865117975383
122.68268268268268,-12.223158973146617
122.73273273273273,-12.275543200561565
122.78278278278279,-12.300408914412005
122.83283283283284,-12.348189457130513
122.88288288288288,-12.362461393960526
122.93293293293294,-12.357853607574489
122.98298298298297,-12.37317676121446
123.03303303303304,-12.475938373204487
123.08308308308308,-12.484846194322396
123.13313313313313,-12.444650129192224
123.18318318318319,-12.472289700512004
123.23323323323324,-12.529123451480466
123.28328328328328,-12.557769045899423
123.33333333333334,-12.573477481668093
123.38338338338338,-12.594220463645964
123.43343343343344,-12.596382179554997
123.48348348348348,-12.629237919361053
123.53353353353353,-12.698672448500266
123.58358358358359,-12.672873129795052
123.63363363363364,-12.636131371116125
123.68368368368368,-12.687763594564984
123.73373373373374,-12.701676561766314
123.78378378378378,-12.704543632865276
123.83383383383384,-12.74518563282687
123.88388388388388,-12.757672242178339
123.93393393393393,-12.747085562266767
123.98398398398399,-12.806518608945122
124.03403403403404,-12.868686121358394
124.08408408408408,-12.809332862107189
124.13413413413414,-12.779474640837588
124.18418418418419,-12.84737322586679
124.23423423423424,-12.833755336870281
124.2842842842843,-12.823429312468507
124.33433433433433,-12.852405410475743
124.38438438438439,-12.872785108443127
124.43443443443444,-12.882015781800373
124.48448448448448,-12.942010093078569
124.53453453453454,-12.957621021449462
124.58458458458459,-12.932467998440304
124.63463463463464,-12.910613644381069
124.6846846846847,-12.923306520584658
124.73473473473473,-12.92383149111257
124.78478478478479,-12.941757175414958
124.83483483483484,-12.936423904532381
124.88488488488488,-12.921826708121218
124.93493493493494,-12.960619506896508
124.98498498498499,-12.97811841054212
125.03503503503504,-12.956046115853216
125.0850850850851,-12.914304946311356
125.13513513513513,-12.904877299570833
125.18518518518519,-12.957498155785947
125.23523523523524,-12.942646987581979
125.28528528528528,-12.933889697939344
125.33533533533534,-12.956937882025382
125.38538538538539,-12.943966317784655
125.43543543543544,-12.931908998134647
125.4854854854855,-12.962903336489866
125.53553553553553,-12.962541274282513
125.58558558558559,-12.883484131491693
125.63563563563564,-12.901826263921999
125.68568568568568,-12.938644923097014
125.73573573573574,-12.91660496188672
125.78578578578579,-12.88726465557184
125.83583583583584,-12.900972515745025
125.8858858858859,-12.874201881073839
125.93593593593593,-12.865827602311871
125.98598598598599,-12.87870961949632
126.03603603603604,-12.814534748663608
126.08608608608608,-12.774559278557458
126.13613613613614,-12.824569554234804
126.18618618618619,-12.828289340500152
126.23623623623624,-12.803215240103212
126.2862862862863,-12.84204053439094
126.33633633633633,-12.81303526385132
126.38638638638639,-12.773167314818956
126.43643643643644,-12.76583138315986
126.48648648648648,-12.755815935495642
126.53653653653654,-12.66903511178203
126.58658658658659,-12.654144618272381
126.63663663663664,-12.665473900852751
126.6866866866867,-12.638870606640216
126.73673673673673,-12.619763682985758
126.78678678678679,-12.611333540854169
126.83683683683684,-12.592099456281094
126.88688688688688,-12.570308561506783
126.93693693693695,-12.553159884743557
126.98698698698699,-12.51671767533576
127.03703703703704,-12.452749780374864
127.0870870870871,-12.458903713434816
127.13713713713713,-12.439400163057128
127.18718718718719,-12.400890794069003
127.23723723723724,-12.377422112991143
127.28728728728728,-12.335967387714645
127.33733733733735,-12.304831727488418
127.38738738738739,-12.283220366371044
127.43743743743744,-12.258446869554279
127.4874874874875,-12.217515857429953
127.53753753753753,-12.144966949494059
127.58758758758759,-12.124802432190776
127.63763763763764,-12.072553345597212
127.68768768768768,-12.020817667493022
127.73773773773775,-11.96703775353748
127.78778778778779,-11.904854739203575
127.83783783783784,-11.852841909539649
127.8878878878879,-11.794691570138514
127.93793793793793,-11.76382928666289
127.98798798798799,-11.713975978459395
128.03803803803805,-11.63607156520415
128.08808808808809,-11.581882001772549
128.13813813813815,-11.511025863762546
128.18818818818818,-11.448291522264086
128.23823823823824,-11.342435745522225
128.2882882882883,-11.246483886228333
128.33833833833833,-11.155438739376551
128.3883883883884,-11.098411256671023
128.43843843843842,-11.016350844006784
128.48848848848849,-10.91673459933661
128.53853853853855,-10.832606920481822
128.5885885885886,-10.730906017972714
128.63863863863864,-10.638918227323796
128.6886886886887,-10.528419359938278
128.73873873873873,-10.448648539876825
128.7887887887888,-10.339068602635354
128.83883883883885,-10.242143485757893
128.88888888888889,-10.143485501533116
128.93893893893895,-10.017579496782279
128.98898898898898,-9.863198692104495
129.03903903903904,-9.757067635548202
129.0890890890891,-9.658265223596086
129.13913913913913,-9.512250075934654
129.1891891891892,-9.409252413243797
129.23923923923923,-9.321940310277041
129.2892892892893,-9.212888228111309
129.33933933933935,-9.059579754788146
129.3893893893894,-8.96222890959163
129.43943943943944,-8.830046088345206
129.4894894894895,-8.693065685277695
129.53953953953953,-8.611325945588197
129.5895895895896,-8.458291498855106
129.63963963963965,-8.34259544872717
129.6896896896897,-8.216381131775451
129.73973973973975,-8.164368710026968
129.78978978978978,-8.044616235945096
129.83983983983984,-7.9281757802014745
129.8898898898899,-7.846132698844726
129.93993993993993,-7.71197072119535
129.98998998999,-7.640938697655726
130.04004004004003,-7.5532971284571735
130.0900900900901,-7.452852685808499
130.14014014014015,-7.327591042329878
130.1901901901902,-7.274504517918199
130.24024024024024,-7.248976451846448
130.2902902902903,-7.1588676138101786
130.34034034034033,-7.075983388232543
130.3903903903904,-7.022222275105131
130.44044044044045,-6.995839566358512
130.4904904904905,-6.911238648639496
130.54054054054055,-6.878329520190259
130.59059059059058,-6.801382823570782
130.64064064064064,-6.7536236761920225
130.6906906906907,-6.737311878505469
130.74074074074073,-6.715477686863475
130.7907907907908,-6.709383093280003
130.84084084084083,-6.638227570124803
130.8908908908909,-6.662078289510302
130.94094094094095,-6.653623504438064
130.990990990991,-6.660198492813634
131.04104104104104,-6.625812578618714
131.0910910910911,-6.599165115038578
131.14114114114113,-6.5804491014208155
131.1911911911912,-6.607180943087581
131.24124124124126,-6.624607257431465
131.2912912912913,-6.605033446522624
131.34134134134135,-6.625012624476623
131.39139139139138,-6.6416394035905295
131.44144144144144,-6.696254850019188
131.4914914914915,-6.695134860212501
131.54154154154153,-6.7420135490449535
131.5915915915916,-6.7814829965359795
131.64164164164163,-6.769593495693881
131.6916916916917,-6.849147747923773
131.74174174174175,-6.853691165718194
131.7917917917918,-6.8915585235216765
131.84184184184184,-6.897428095308891
131.8918918918919,-6.979151850601354
131.94194194194193,-7.051333343939097
131.991991991992,-7.091650925335823
132.04204204204206,-7.153834444832477
132.0920920920921,-7.190724381833209
132.14214214214215,-7.274041478808637
132.19219219219218,-7.302329160791469
132.24224224224224,-7.34955439570922
132.2922922922923,-7.38993380321812
132.34234234234233,-7.452898630193274
132.3923923923924,-7.522574347892215
132.44244244244243,-7.574250514163082
132.4924924924925,-7.654530262083756
132.54254254254255,-7.718700773276279
132.5925925925926,-7.814248167067403
132.64264264264264,-7.857273071005438
132.6926926926927,-7.9561901878024495
132.74274274274273,-7.994499328927264
132.7927927927928,-8.069889054720242
132.84284284284286,-8.143228872957712
132.8928928928929,-8.188225847729402
132.94294294294295,-8.243342594215981
132.99299299299298,-8.291367588057707
133.04304304304304,-8.39347646728468
133.0930930930931,-8.465775795418137
133.14314314314316,-8.557128509010202
133.1931931931932,-8.613825098467297
133.24324324324326,-8.71499007219434
133.2932932932933,-8.79176695429775
133.34334334334335,-8.863256285493915
133.3933933933934,-8.88821033654385
133.44344344344344,-8.936793132529822
133.4934934934935,-9.043202505000208
133.54354354354354,-9.099943113824763
133.5935935935936,-9.193849807738065
133.64364364364366,-9.23443946102477
133.6936936936937,-9.287759327853117
133.74374374374375,-9.362424155929924
133.79379379379378,-9.477172618438448
133.84384384384384,-9.55756833454656
133.8938938938939,-9.572330403113058
133.94394394394396,-9.634139143971632
133.993993993994,-9.715126207592357
134.04404404404406,-9.790408894428408
134.0940940940941,-9.868449919452276
134.14414414414415,-9.909547639057733
134.1941941941942,-9.964946490505996
134.24424424424424,-10.059579165226484
134.2942942942943,-10.135430086192901
134.34434434434434,-10.205073357594928
134.3943943943944,-10.231468435095515
134.44444444444446,-10.285369169955532
134.4944944944945,-10.377646121789368
134.54454454454455,-10.420172162243516
134.59459459459458,-10.509434526506038
134.64464464464464,-10.560106843927391
134.6946946946947,-10.565374122196435
134.74474474474476,-10.697390485324716
134.7947947947948,-10.772285213155518
134.84484484484486,-10.80917620962308
134.8948948948949,-10.816499517808696
134.94494494494495,-10.903826309820378
134.994994994995,-10.979151562839304
135.04504504504504,-11.028975188507099
135.0950950950951,-11.07522640276163
135.14514514514514,-11.136556870327631
135.1951951951952,-11.166951469279544
135.24524524524526,-11.25539639692628
135.2952952952953,-11.314443903022534
135.34534534534535,-11.320481354437991
135.39539539539538,-11.365139120484443
135.44544544544544,-11.429672134792026
135.4954954954955,-11.483400713889806
135.54554554554556,-11.54288878902921
135.5955955955956,-11.616808210946218
135.64564564564566,-11.672794424890457
135.6956956956957,-11.663974337907986
135.74574574574575,-11.794072669131245
135.7957957957958,-11.819486156592761
135.84584584584584,-11.813078935716048
135.8958958958959,-11.859864861010053
135.94594594594594,-11.925179774977831
135.995995995996,-11.980598360653339
136.04604604604606,-12.004123311986755
136.0960960960961,-12.03243023199618
136.14614614614615,-12.081702769990557
136.19619619619618,-12.127808841959267
136.24624624624624,-12.195867926639497
136.2962962962963,-12.242914819956155
136.34634634634637,-12.258016739883224
136.3963963963964,-12.293371176061378
136.44644644644646,-12.331405703841115
136.4964964964965,-12.40411917582477
136.54654654654655,-12.414755376532966
136.5965965965966,-12.44468285694828
136.64664664664664,-12.473767964104576
136.6966966966967,-12.535628696849914
136.74674674674674,-12.577430308690625
136.7967967967968,-12.603212084009334
136.84684684684686,-12.593571375329633
136.8968968968969,-12.6478656294055
136.94694694694695,-12.718307728835406
136.99699699699698,-12.740424352912619
137.04704704704704,-12.746333672623374
137.0970970970971,-12.764117606910352
137.14714714714717,-12.809297232036663
137.1971971971972,-12.852815958213004
137.24724724724726,-12.892832113778429
137.2972972972973,-12.863783758269577
137.34734734734735,-12.893458357368184
137.3973973973974,-12.938980553312089
137.44744744744744,-13.004269882768254
137.4974974974975,-12.998197248575227
137.54754754754754,-13.015372390664469
137.5975975975976,-13.011068743922994
137.64764764764766,-13.04066794992676
137.6976976976977,-13.068236451607685
137.74774774774775,-13.106391975587373
137.79779779779778,-13.08092212966614
137.84784784784785,-13.106275092098555
137.8978978978979,-13.131224683352137
137.94794794794797,-13.190176149392208
137.997997997998,-13.172063043829867
138.04804804804806,-13.162538872658832
138.0980980980981,-13.171713811121647
138.14814814814815,-13.196105238933535
138.1981981981982,-13.20580175293032
138.24824824824825,-13.19498731056499
138.2982982982983,-13.225058892410873
138.34834834834834,-13.183296192061787
138.3983983983984,-13.215526027585595
138.44844844844846,-13.199360521599335
138.4984984984985,-13.166921172110502
138.54854854854855,-13.167622779545887
138.59859859859858,-13.178950008519198
138.64864864864865,-13.18831245281916
138.6986986986987,-13.172668113276465
138.74874874874877,-13.157206792516002
138.7987987987988,-13.151404670045983
138.84884884884886,-13.073663387165555
138.8988988988989,-13.050776380586786
138.94894894894895,-13.05990056537443
138.998998998999,-13.015911690802481
139.04904904904905,-12.97070077857251
139.0990990990991,-12.950649231437662
139.14914914914914,-12.92969564992712
139.1991991991992,-12.897504780987951
139.24924924924926,-12.808035057593575
139.2992992992993,-12.745177504460516
139.34934934934935,-12.705493462906079
139.39939939939939,-12.689353842676383
139.44944944944945,-12.616278965170206
139.4994994994995,-12.535950472590473
139.54954954954957,-12.499581755999753
139.5995995995996,-12.396888346030353
139.64964964964966,-12.302919908899275
139.6996996996997,-12.23475803858141
139.74974974974975,-12.157777819690908
139.7997997997998,-12.003829492852072
139.84984984984985,-11.899754743412945
139.8998998998999,-11.836787309389292
139.94994994994994,-11.735650582554861
140.0,-11.60151622912433
