freq,trans_dB
90.0,-11.853629616698115
90.05005005005005,-11.78293610009727
90.10010010010011,-11.577109581027136
90.15015015015015,-11.421554204714004
90.2002002002002,-11.244580426158983
90.25025025025025,-11.150757634988516
90.30030030030031,-11.07268865500038
90.35035035035035,-10.930586855348768
90.4004004004004,-10.741494945029158
90.45045045045045,-10.653140969310174
90.50050050050051,-10.484413913958287
90.55055055055055,-10.33489291174631
90.6006006006006,-10.160985252717783
90.65065065065065,-10.10859788584479
90.70070070070071,-9.916188287404385
90.75075075075075,-9.828818483551322
90.8008008008008,-9.740925772557018
90.85085085085085,-9.570586584972265
90.90090090090091,-9.431683441391082
90.95095095095095,-9.29497105811902
91.001001001001,-9.178140823271685
91.05105105105105,-9.042372106226315
91.10110110110111,-8.952977793106669
91.15115115115115,-8.769764418891329
91.2012012012012,-8.667287587044166
91.25125125125125,-8.587397399272799
91.30130130130131,-8.464777827469922
91.35135135135135,-8.356510729214925
91.4014014014014,-8.222195203597872
91.45145145145145,-8.147108566011404
91.50150150150151,-8.01775332128465
91.55155155155155,-7.929643684709379
91.6016016016016,-7.84230501256138
91.65165165165165,-7.718586306018519
91.70170170170171,-7.623436329927882
91.75175175175175,-7.549793664308562
91.8018018018018,-7.504338913133389
91.85185185185185,-7.351197194178245
91.90190190190191,-7.30680302364406
91.95195195195195,-7.210899644514308
92.002002002002,-7.124158000558449
92.05205205205205,-7.033362544378268
92.10210210210211,-6.9788767885334755
92.15215215215215,-6.853502178417875
92.2022022022022,-6.798785799190003
92.25225225225225,-6.764461835724795
92.30230230230231,-6.711175471614657
92.35235235235236,-6.636808981875636
92.4024024024024,-6.539331850096695
92.45245245245245,-6.53367990230797
92.50250250250251,-6.476710570401358
92.55255255255256,-6.420972696300997
92.6026026026026,-6.37933673663711
92.65265265265265,-6.284243727387456
92.70270270270271,-6.261752210244365
92.75275275275276,-6.247612679208515
92.8028028028028,-6.188003529024255
92.85285285285285,-6.127679224698776
92.90290290290291,-6.084372443710201
92.95295295295296,-6.08541644914985
93.003003003003,-6.060462834269307
93.05305305305305,-6.087256698266924
93.10310310310311,-6.0018084922167825
93.15315315315316,-5.953871496405374
93.2032032032032,-5.966763455353761
93.25325325325325,-6.02692739604615
93.30330330330331,-5.977983901749319
93.35335335335336,-5.946534420312495
93.4034034034034,-5.911493274256724
93.45345345345345,-5.934510590101749
93.50350350350351,-5.992559734901885
93.55355355355356,-6.014582867356509
93.6036036036036,-5.99232241272584
93.65365365365365,-5.970674272107529
93.70370370370371,-6.049721717637297
93.75375375375376,-6.074961665723012
93.8038038038038,-6.095292031253093
93.85385385385385,-6.101313601811858
93.90390390390391,-6.0980012918600535
93.95395395395396,-6.140578085768326
94.004004004004,-6.284104049505554
94.05405405405405,-6.324237537404285
94.10410410410411,-6.314834287841492
94.15415415415416,-6.374255949736202
94.2042042042042,-6.491714903756759
94.25425425425425,-6.576426536951796
94.30430430430431,-6.603610715897478
94.35435435435436,-6.66388991692338
94.4044044044044,-6.67989636464195
94.45445445445445,-6.7947880325449
94.50450450450451,-6.977932839596325
94.55455455455456,-7.045355536410088
94.6046046046046,-7.045670934466617
94.65465465465465,-7.217231869045508
94.70470470470471,-7.359050959077556
94.75475475475476,-7.439552735312768
94.8048048048048,-7.519274753066237
94.85485485485485,-7.6619858226430635
94.90490490490491,-7.723076432544981
94.95495495495496,-7.856766693915719
95.005005005005,-8.059590500899116
95.05505505505505,-8.137939726034434
95.10510510510511,-8.1404958026294
95.15515515515516,-8.317324520982288
95.2052052052052,-8.552134066125468
95.25525525525525,-8.679961206028176
95.30530530530531,-8.731257132464581
95.35535535535536,-8.903767188556845
95.4054054054054,-9.077108017398464
95.45545545545545,-9.196345643526811
95.50550550550551,-9.366928405264712
95.55555555555556,-9.49498864000743
95.6056056056056,-9.566133778669247
95.65565565565565,-9.72507634874053
95.70570570570571,-9.927533918132232
95.75575575575576,-10.043214378529553
95.8058058058058,-10.217388259397048
95.85585585585585,-10.34069679310573
95.90590590590591,-10.530990053330177
95.95595595595596,-10.725157390621895
96.006006006006,-10.843628929377283
96.05605605605605,-10.967087026463274
96.10610610610611,-11.048390374004107
96.15615615615616,-11.25051800020453
96.2062062062062,-11.41450316388378
96.25625625625625,-11.538751599460424
96.30630630630631,-11.702757597971038
96.35635635635636,-11.857573001592273
96.4064064064064,-12.082004760881045
96.45645645645645,-12.230284662771195
96.50650650650651,-12.37286040850386
96.55655655655656,-12.48484154885752
96.6066066066066,-12.59536469519241
96.65665665665665,-12.701805433517459
96.70670670670671,-12.839261815143608
96.75675675675676,-12.99564811775889
96.8068068068068,-13.144584973865346
96.85685685685685,-13.282026488465242
96.90690690690691,-13.473310906655634
96.95695695695696,-13.692725414380291
97.007007007007,-13.78497571277163
97.05705705705705,-13.925401235080413
97.10710710710711,-14.041015127226618
97.15715715715716,-14.175899966952029
97.2072072072072,-14.26412481921544
97.25725725725725,-14.420781314368245
97.30730730730731,-14.53614857069762
97.35735735735736,-14.69980221239453
97.4074074074074,-14.903264224093066
97.45745745745745,-15.030088478429084
97.50750750750751,-15.113473899183882
97.55755755755756,-15.207330787422148
97.6076076076076,-15.306066753042558
97.65765765765767,-15.46306147993224
97.70770770770771,-15.586568537204922
97.75775775775776,-15.742019050134797
97.8078078078078,-15.906588443542855
97.85785785785785,-15.998900724564738
97.90790790790791,-16.142846786007272
97.95795795795796,-16.30722525449014
98.008008008008,-16.38936780331871
98.05805805805807,-16.3995721903249
98.10810810810811,-16.534203394253993
98.15815815815816,-16.664582916029907
98.2082082082082,-16.743633552348722
98.25825825825825,-16.86691370336745
98.30830830830831,-16.980034043721645
98.35835835835836,-17.116512199468715
98.4084084084084,-17.27226584524459
98.45845845845847,-17.385439985103755
98.50850850850851,-17.408082621638137
98.55855855855856,-17.52773338067662
98.6086086086086,-17.59499019244465
98.65865865865865,-17.720335074086393
98.70870870870871,-17.806074111145485
98.75875875875876,-17.920911328411563
98.8088088088088,-17.998906957595217
98.85885885885887,-18.12256923126137
98.90890890890891,-18.20007643223206
98.95895895895896,-18.250253086248055
99.009009009009,-18.299887420156992
99.05905905905905,-18.378967225632717
99.10910910910911,-18.46060644479519
99.15915915915916,-18.517558409597786
99.2092092092092,-18.647158432428128
99.25925925925927,-18.747955635189218
99.30930930930931,-18.756439959361092
99.35935935935936,-18.81669538169684
99.4094094094094,-18.888629163404243
99.45945945945945,-18.93488043008862
99.50950950950951,-18.963364422393578
99.55955955955956,-19.035975442190807
99.6096096096096,-19.173669252547633
99.65965965965967,-19.166808620378067
99.70970970970971,-19.241649407714547
99.75975975975976,-19.306157769018615
99.8098098098098,-19.285705933462364
99.85985985985985,-19.383545039246304
99.90990990990991,-19.27507728680186
99.95995995995996,-19.282936595735396
100.01001001001,-19.35303169071207
100.06006006006007,-19.336434097801032
100.11011011011011,-19.47837622554352
100.16016016016016,-19.538614589714506
100.2102102102102,-19.556853696942373
100.26026026026025,-19.602242398698657
100.31031031031031,-19.559412765284325
100.36036036036036,-19.634918303458125
100.4104104104104,-19.46890879861449
100.46046046046047,-19.500770187469282
100.51051051051051,-19.48972027241208
100.56056056056056,-19.4096151133358
100.6106106106106,-19.469745018655104
100.66066066066065,-19.38477700095723
100.71071071071071,-19.439945568760304
100.76076076076076,-19.39733709621841
100.8108108108108,-19.346497384734427
100.86086086086087,-19.321401917883914
100.91091091091091,-19.296945062718617
100.96096096096096,-19.28595720817043
101.011011011011,-19.26112486081501
101.06106106106107,-19.202596528921728
101.11111111111111,-19.147710493092088
101.16116116116116,-18.987253502449096
101.21121121121121,-18.918565548799712
101.26126126126127,-18.853161052104497
101.31131131131131,-18.803335765522878
101.36136136136136,-18.767491210959868
101.41141141141141,-18.615591929611636
101.46146146146147,-18.556227694942223
101.51151151151151,-18.527425439852536
101.56156156156156,-18.431890515718624
101.61161161161161,-18.310283209870324
101.66166166166167,-18.265520666316917
101.71171171171171,-18.193327234030306
101.76176176176176,-18.04151804058048
101.81181181181181,-17.960786593853054
101.86186186186187,-17.84816591772943
101.91191191191191,-17.71374721817832
101.96196196196196,-17.606548973894203
102.01201201201201,-17.509480377468353
102.06206206206207,-17.35918602033785
102.11211211211211,-17.16364329220979
102.16216216216216,-17.09364267791176
102.21221221221221,-16.98602556692955
102.26226226226227,-16.8387180114896
102.31231231231232,-16.693149698395455
102.36236236236236,-16.593009997738275
102.41241241241241,-16.45664465050031
102.46246246246247,-16.29507286017465
102.51251251251252,-16.19254447749841
102.56256256256256,-16.086502845303958
102.61261261261261,-15.90762393359991
102.66266266266267,-15.793323836410359
102.71271271271272,-15.708370280534458
102.76276276276276,-15.535400689281492
102.81281281281281,-15.362845449456067
102.86286286286287,-15.189190406772065
102.91291291291292,-15.015577566986888
102.96296296296296,-14.878016604277624
103.01301301301301,-14.727555878357721
103.06306306306307,-14.560568855182229
103.11311311311312,-14.383930406483053
103.16316316316316,-14.294899415936943
103.21321321321321,-14.149864593786168
103.26326326326327,-14.008657530710433
103.31331331331332,-13.866702318170182
103.36336336336336,-13.700301953671218
103.41341341341341,-13.585431126487322
103.46346346346347,-13.448474453693859
103.51351351351352,-13.325279373866318
103.56356356356356,-13.145455112710197
103.61361361361361,-12.97189008369976
103.66366366366367,-12.81994941021826
103.71371371371372,-12.657374203264737
103.76376376376376,-12.505583918327376
103.81381381381381,-12.345971615451262
103.86386386386387,-12.240962018823572
103.91391391391392,-12.109447091380149
103.96396396396396,-11.986097778387139
104.01401401401401,-11.84543563633168
104.06406406406407,-11.68777925839672
104.11411411411412,-11.550315711614545
104.16416416416416,-11.42501518131303
104.21421421421421,-11.326657179131233
104.26426426426427,-11.188357323298336
104.31431431431432,-11.060271998923572
104.36436436436436,-10.935068439859542
104.41441441441441,-10.851152558059487
104.46446446446447,-10.747397729795894
104.51451451451452,-10.637965898953178
104.56456456456456,-10.508040651622476
104.61461461461461,-10.429333861939869
104.66466466466467,-10.368727141761912
104.71471471471472,-10.26289976927752
104.76476476476476,-10.14177881009718
104.81481481481481,-10.003015224444873
104.86486486486487,-9.951642609410372
104.91491491491492,-9.926198748234755
104.96496496496496,-9.867163921941017
105.01501501501502,-9.773372085534943
105.06506506506507,-9.697748452547668
105.11511511511512,-9.691478949017124
105.16516516516516,-9.632828008405854
105.21521521521521,-9.579725603520831
105.26526526526527,-9.4832208295138
105.31531531531532,-9.471791126200047
105.36536536536536,-9.434854239996422
105.41541541541542,-9.419609099078068
105.46546546546547,-9.423603133127415
105.51551551551552,-9.382377239717506
105.56556556556556,-9.374706704927096
105.61561561561561,-9.386732155229339
105.66566566566567,-9.4538772959727
105.71571571571572,-9.412672428370351
105.76576576576576,-9.390009065920758
105.81581581581582,-9.423209377834679
105.86586586586587,-9.469982837809054
105.91591591591592,-9.50278523963425
105.96596596596596,-9.500429097640241
106.01601601601601,-9.560287106726232
106.06606606606607,-9.549956241287733
106.11611611611612,-9.621389126851394
106.16616616616616,-9.68921062951066
106.21621621621622,-9.774678458562155
106.26626626626627,-9.854454474831423
106.31631631631632,-9.913467231793938
106.36636636636636,-10.000444218311184
106.41641641641641,-10.082816471896306
106.46646646646647,-10.189294150668808
106.51651651651652,-10.194424138583933
106.56656656656656,-10.267873415165887
106.61661661661662,-10.388107018761303
106.66666666666667,-10.518427172877976
106.71671671671672,-10.642011543734641
106.76676676676676,-10.766523919591222
106.81681681681681,-10.87220410449442
106.86686686686687,-10.979610956564375
106.91691691691692,-11.151974283206313
106.96696696696696,-11.237776044005576
107.01701701701703,-11.311419892220455
107.06706706706707,-11.378011199260218
107.11711711711712,-11.55474735821041
107.16716716716716,-11.733379095551657
107.21721721721721,-11.818428867387365
107.26726726726727,-11.975716566238198
107.31731731731732,-12.083940890729401
107.36736736736736,-12.265842163117483
107.41741741741743,-12.401032981450571
107.46746746746747,-12.541123531036408
107.51751751751752,-12.626898411380301
107.56756756756756,-12.735877436350348
107.61761761761761,-12.943129149978285
107.66766766766767,-13.090206165310923
107.71771771771772,-13.200819277420239
107.76776776776777,-13.307710049345784
107.81781781781783,-13.462598809428602
107.86786786786787,-13.618081509814216
107.91791791791792,-13.791406744524187
107.96796796796797,-13.880243821619226
108.01801801801801,-14.007130346740409
108.06806806806807,-14.184414655949416
108.11811811811812,-14.341638045551159
108.16816816816817,-14.489799181260473
108.21821821821823,-14.611927555320438
108.26826826826827,-14.732823279380991
108.31831831831832,-14.869824272090636
108.36836836836837,-15.068284415647272
108.41841841841841,-15.253733436436995
108.46846846846847,-15.352198575883724
108.51851851851852,-15.467226522064289
108.56856856856857,-15.574806379996573
108.61861861861863,-15.748079554759656
108.66866866866867,-15.85538136944412
108.71871871871872,-15.954962494890106
108.76876876876877,-16.060630072877636
108.81881881881881,-16.196391252383627
108.86886886886887,-16.35589873592271
108.91891891891892,-16.44694846344215
108.96896896896897,-16.535742480024936
109.01901901901903,-16.684145862276978
109.06906906906907,-16.848466486000955
109.11911911911912,-16.997957778638156
109.16916916916917,-17.123076638241127
109.21921921921921,-17.2050947745423
109.26926926926927,-17.306228941613355
109.31931931931932,-17.452293424934133
109.36936936936937,-17.601218213262968
109.41941941941943,-17.69241561038022
109.46946946946947,-17.751063289963394
109.51951951951952,-17.89605393899128
109.56956956956957,-18.032729277481355
109.61961961961961,-18.097588892305073
109.66966966966967,-18.174520592310458
109.71971971971972,-18.33350807179183
109.76976976976977,-18.416789128085394
109.81981981981983,-18.50283394831675
109.86986986986987,-18.666972098547177
109.91991991991992,-18.737626130569186
109.96996996996997,-18.80063948664881
110.02002002002001,-18.905941330825637
110.07007007007007,-18.99743294800005
110.12012012012012,-19.056954818700508
110.17017017017017,-19.163776741933948
110.22022022022023,-19.31252121949867
110.27027027027027,-19.435546459183758
110.32032032032032,-19.51171046588201
110.37037037037037,-19.538281805370286
110.42042042042041,-19.575896264285745
110.47047047047047,-19.64913666542487
110.52052052052052,-19.74112449768279
110.57057057057057,-19.843372019856876
110.62062062062063,-19.967405715772056
110.67067067067067,-20.03350898967385
110.72072072072072,-20.1130044517646
110.77077077077077,-20.150329406704905
110.82082082082081,-20.238099300352147
110.87087087087087,-20.328469767181303
110.92092092092092,-20.339523697990643
110.97097097097097,-20.37710798554283
111.02102102102103,-20.5014172884956
111.07107107107107,-20.639821848509428
111.12112112112112,-20.640014146568255
111.17117117117117,-20.684884515523553
111.22122122122121,-20.820586863287904
111.27127127127127,-20.891129118276883
111.32132132132132,-20.894701628100925
111.37137137137137,-20.876254681057638
111.42142142142143,-20.905222282314675
111.47147147147147,-20.961728779013647
111.52152152152152,-20.990007726858497
111.57157157157158,-21.06351308693387
111.62162162162163,-21.135867369896122
111.67167167167167,-21.194137216852983
111.72172172172172,-21.231058490238286
111.77177177177177,-21.313358868848656
111.82182182182183,-21.282734482045228
111.87187187187187,-21.249558155050643
111.92192192192192,-21.346146538111
111.97197197197198,-21.424144650994805
112.02202202202203,-21.47723324097492
112.07207207207207,-21.51347064983228
112.12212212212212,-21.502098684766473
112.17217217217217,-21.532342742737413
112.22222222222223,-21.483737597154963
112.27227227227228,-21.503542743049493
112.32232232232232,-21.52356700109551
112.37237237237238,-21.51316409346179
112.42242242242243,-21.49374306935486
112.47247247247248,-21.51356665772314
112.52252252252252,-21.5889166785056
112.57257257257257,-21.633634050959945
112.62262262262263,-21.634744996174497
112.67267267267268,-21.591879576187573
112.72272272272272,-21.569198501323054
112.77277277277278,-21.574049243938298
112.82282282282283,-21.570396214400628
112.87287287287288,-21.603022529076224
112.92292292292292,-21.599940430082
112.97297297297297,-21.550576105630967
113.02302302302303,-21.5343451937714
113.07307307307308,-21.56347804723659
113.12312312312312,-21.542663704459727
113.17317317317318,-21.443136727343052
113.22322322322323,-21.444972779715904
113.27327327327328,-21.493818924463547
113.32332332332332,-21.45477344898898
113.37337337337337,-21.4059462375894
113.42342342342343,-21.39339750428297
113.47347347347348,-21.355517373254337
113.52352352352352,-21.28708277548273
113.57357357357358,-21.219698792391128
113.62362362362363,-21.247982683352767
113.67367367367368,-21.246466684812237
113.72372372372372,-21.206950475799957
113.77377377377377,-21.17710223652148
113.82382382382383,-21.149589066157258
113.87387387387388,-21.05665894965479
113.92392392392392,-20.96245623411706
113.97397397397398,-20.909019968205097
114.02402402402403,-20.856088137398928
114.07407407407408,-20.778500745011335
114.12412412412412,-20.703167519567085
114.17417417417417,-20.65142599729475
114.22422422422423,-20.65812903394166
114.27427427427428,-20.594318189937617
114.32432432432432,-20.50852091306795
114.37437437437438,-20.479257956549674
114.42442442442443,-20.408774070722316
114.47447447447448,-20.298226121336825
114.52452452452452,-20.15005381717895
114.57457457457457,-20.066009278125648
114.62462462462463,-19.99511150351228
114.67467467467468,-19.919927281463888
114.72472472472472,-19.87338367751103
114.77477477477478,-19.807594892429695
114.82482482482483,-19.723379432873283
114.87487487487488,-19.630454294891663
114.92492492492492,-19.543380745553105
114.97497497497497,-19.44427829739873
115.02502502502503,-19.293762357819368
115.07507507507508,-19.181810926003077
115.12512512512512,-19.099033443734236
115.17517517517518,-19.048286069066137
115.22522522522523,-18.925056041522804
115.27527527527528,-18.75458745144308
115.32532532532532,-18.653667163186636
115.37537537537537,-18.57899023774016
115.42542542542543,-18.477189449249266
115.47547547547548,-18.35768721088912
115.52552552552552,-18.236844497019195
115.57557557557558,-18.1433935905987
115.62562562562563,-18.05579425435621
115.67567567567568,-17.928191670796206
115.72572572572572,-17.791809276574202
115.77577577577577,-17.646650541517847
115.82582582582583,-17.547236302348235
115.87587587587588,-17.479019013234435
115.92592592592592,-17.395467488467016
115.97597597597598,-17.231820692425032
116.02602602602603,-17.074439907394016
116.07607607607608,-17.021273817599376
116.12612612612612,-16.963797389824233
116.17617617617617,-16.843300327832495
116.22622622622623,-16.64946677535052
116.27627627627628,-16.494882394379907
116.32632632632632,-16.433754798896942
116.37637637637638,-16.315406770298843
116.42642642642643,-16.178110910550284
116.47647647647648,-16.108213781036156
116.52652652652652,-15.999293338089277
116.57657657657657,-15.876943696694356
116.62662662662663,-15.830300431336383
116.67667667667668,-15.74568020393905
116.72672672672672,-15.58334081774781
116.77677677677679,-15.442957233732063
116.82682682682683,-15.383451994154026
116.87687687687688,-15.334306717781253
116.92692692692692,-15.213339907943254
116.97697697697697,-15.085829380998888
117.02702702702703,-14.992015139216113
117.07707707707708,-14.952668635048953
117.12712712712712,-14.891637156927185
117.17717717717719,-14.796520091309619
117.22722722722723,-14.724539327850055
117.27727727727728,-14.718533437397642
117.32732732732732,-14.758438815523082
117.37737737737737,-14.73682584948799
117.42742742742743,-14.666769614615554
117.47747747747748,-14.571195690840524
117.52752752752752,-14.502379657693178
117.57757757757759,-14.461223727228578
117.62762762762763,-14.435089044354989
117.67767767767768,-14.359191261409197
117.72772772772772,-14.308040280112358
117.77777777777777,-14.409096389727946
117.82782782782783,-14.521687254771711
117.87787787787788,-14.548409662408892
117.92792792792793,-14.502070456804068
117.97797797797799,-14.521910897805615
118.02802802802803,-14.565956994824335
118.07807807807808,-14.572729195650297
118.12812812812813,-14.573211319061217
118.17817817817817,-14.519978173926807
118.22822822822823,-14.541517535924806
118.27827827827828,-14.658232563015334
118.32832832832833,-14.819964063721754
118.37837837837839,-14.865968779559411
118.42842842842843,-14.916968059571728
118.47847847847848,-14.95260683208407
118.52852852852853,-15.035509781985702
118.57857857857857,-15.121819797876519
118.62862862862863,-15.172491380892419
118.67867867867868,-15.217216714021749
118.72872872872873,-15.26249682721295
118.77877877877879,-15.45774773966144
118.82882882882883,-15.569205851494894
118.87887887887888,-15.619016592870558
118.92892892892893,-15.738296917993354
118.97897897897897,-15.860663044077134
119.02902902902903,-15.967336483216046
119.07907907907908,-16.06208581811979
119.12912912912913,-16.184821799002865
119.17917917917919,-16.22317303602136
119.22922922922923,-16.25664263889749
119.27927927927928,-16.398021525297604
119.32932932932933,-16.549539599743976
119.37937937937937,-16.64957635008644
119.42942942942943,-16.715396490070983
119.47947947947948,-16.871147314265052
119.52952952952953,-17.046923601295923
119.57957957957959,-17.20616622924767
119.62962962962963,-17.328933065625595
119.67967967967968,-17.429314193362476
119.72972972972973,-17.514290051294203
119.77977977977977,-17.63840677938055
119.82982982982983,-17.73484492263253
119.87987987987988,-17.802235936839864
119.92992992992993,-17.88077125613452
119.97997997997999,-17.912231456651565
120.03003003003003,-18.04954134714046
120.08008008008008,-18.247830827370066
120.13013013013014,-18.381272277321692
120.18018018018019,-18.425177185459155
120.23023023023023,-18.579870602031892
120.28028028028028,-18.717428508897203
120.33033033033033,-18.772911655145744
120.38038038038039,-18.849134731831487
120.43043043043043,-18.9730293589751
120.48048048048048,-19.060581936580814
120.53053053053054,-19.18206566013699
120.58058058058059,-19.380543386265874
120.63063063063063,-19.47442619202733
120.68068068068068,-19.574110867740323
120.73073073073073,-19.615311382582608
120.78078078078079,-19.697691813163036
120.83083083083083,-19.766743223276727
120.88088088088088,-19.80853077936645
120.93093093093094,-19.87067348041771
120.98098098098099,-19.91981543645288
121.03103103103103,-20.060153693062606
121.08108108108108,-20.180418587126937
121.13113113113113,-20.204518372447428
121.18118118118119,-20.24595819385113
121.23123123123123,-20.374910820308074
121.28128128128128,-20.513327978515612
121.33133133133134,-20.60645082280697
121.38138138138139,-20.654961592336893
121.43143143143143,-20.65867456170638
121.48148148148148,-20.630592148733946
121.53153153153153,-20.667369695461808
121.58158158158159,-20.803770641939852
121.63163163163163,-20.83587523086089
121.68168168168168,-20.857735972595002
121.73173173173174,-20.9458300093162
121.78178178178179,-21.033620848590417
121.83183183183183,-21.101662962172853
121.88188188188188,-21.158837821132632
121.93193193193193,-21.181959318595137
121.98198198198199,-21.239023788960413
122.03203203203203,-21.325258417607397
122.08208208208208,-21.374410987397077
122.13213213213214,-21.311641564182626
122.18218218218217,-21.3052146590797
122.23223223223223,-21.413289158115795
122.28228228228228,-21.420015465068005
122.33233233233233,-21.46162479628086
122.38238238238239,-21.495723415706063
122.43243243243244,-21.44476449391596
122.48248248248248,-21.476020416160306
122.53253253253254,-21.576992913201234
122.58258258258257,-21.597083194791754
122.63263263263264,-21.558896768419995
122.68268268268268,-21.55933373947445
122.73273273273273,-21.609750417508405
122.78278278278279,-21.648462017061053
122.83283283283284,-21.640360322501493
122.88288288288288,-21.619523549899267
122.93293293293294,-21.55264322104495
122.98298298298297,-21.612591174870374
123.03303303303304,-21.649829652634246
123.08308308308308,-21.668589168102155
123.13313313313313,-21.596493567687542
123.18318318318319,-21.566556551862153
123.23323323323324,-21.617078533003184
123.28328328328328,-21.605802685758498
123.33333333333334,-21.566236232601423
123.38338338338338,-21.568479547068087
123.43343343343344,-21.536670062639185
123.48348348348348,-21.53780315997427
123.53353353353353,-21.558798327167555
123.58358358358359,-21.523579505230284
123.63363363363364,-21.46865822822664
123.68368368368368,-21.486537368723248
123.73373373373374,-21.49324840519164
123.78378378378378,-21.394980820965337
123.83383383383384,-21.389639100630575
123.88388388388388,-21.331126456609088
123.93393393393393,-21.272220911908512
123.98398398398399,-21.30291919098907
124.03403403403404,-21.290835816823776
124.08408408408408,-21.130845459600604
124.13413413413414,-21.085977380227877
124.18418418418419,-21.130329300506524
124.23423423423424,-21.115189885687393
124.2842842842843,-21.00289445453988
124.33433433433433,-21.014052949312067
124.38438438438439,-20.921912240410702
124.43443443443444,-20.829178018531906
124.48448448448448,-20.853685857468566
124.53453453453454,-20.780643946930553
124.58458458458459,-20.680013764805274
124.63463463463464,-20.66487585159848
124.6846846846847,-20.589611461174727
124.73473473473473,-20.589175494557093
124.78478478478479,-20.5084562005357
124.83483483483484,-20.399383990282544
124.88488488488488,-20.325443991348454
124.93493493493494,-20.266475840266068
124.98498498498499,-20.203689404298583
125.03503503503504,-20.07603743928938
125.0850850850851,-20.00762541286361
125.13513513513513,-19.9701897624276
125.18518518518519,-19.891409408667425
125.23523523523524,-19.792689490106714
125.28528528528528,-19.725549242093717
125.33533533533534,-19.66932206207223
125.38538538538539,-19.581047534679954
125.43543543543544,-19.454014326812125
125.4854854854855,-19.39754661983861
125.53553553553553,-19.299100843893566
125.58558558558559,-19.172097339154757
125.63563563563564,-19.0850197361096
125.68568568568568,-19.04547575586599
125.73573573573574,-18.885798162746788
125.78578578578579,-18.731943526764248
125.83583583583584,-18.685846873369854
125.8858858858859,-18.611205324970832
125.93593593593593,-18.53444187529917
125.98598598598599,-18.454212625154593
126.03603603603604,-18.337768497469018
126.08608608608608,-18.202821988188116
126.13613613613614,-18.111877708723085
126.18618618618619,-17.991060846073726
126.23623623623624,-17.82168644338532
126.2862862862863,-17.73732021348634
126.33633633633633,-17.60045408752733
126.38638638638639,-17.479308606303743
126.43643643643644,-17.434118597457857
126.48648648648648,-17.306350106490278
126.53653653653654,-17.170060058663513
126.58658658658659,-17.03038059063416
126.63663663663664,-16.944576996626335
126.6866866866867,-16.807073169106463
126.73673673673673,-16.663848183203818
126.78678678678679,-16.542026050322953
126.83683683683684,-16.419196480378904
126.88688688688688,-16.29426911626176
126.93693693693695,-16.15997217283724
126.98698698698699,-15.995833592020563
127.03703703703704,-15.880284307608202
127.0870870870871,-15.745922735700873
127.13713713713713,-15.612318529513006
127.18718718718719,-15.49386439531645
127.23723723723724,-15.351827141095075
127.28728728728728,-15.237826062165412
127.33733733733735,-15.087803813214247
127.38738738738739,-14.963428873235012
127.43743743743744,-14.845144503406436
127.4874874874875,-14.681923748675398
127.53753753753753,-14.546510615414194
127.58758758758759,-14.396461298113413
127.63763763763764,-14.26201282459852
127.68768768768768,-14.081055328583432
127.73773773773775,-13.956167250463908
127.78778778778779,-13.842664205067948
127.83783783783784,-13.713988733353176
127.8878878878879,-13.552758561793459
127.93793793793793,-13.414138320496646
127.98798798798799,-13.253371654458785
128.03803803803805,-13.116818810032372
128.08808808808809,-12.987366829429108
128.13813813813815,-12.861278860096174
128.18818818818818,-12.745019366195443
128.23823823823824,-12.598512464711217
128.2882882882883,-12.473287949360763
128.33833833833833,-12.338497780736816
128.3883883883884,-12.227189396415065
128.43843843843842,-12.101201633511009
128.48848848848849,-11.976256574231106
128.53853853853855,-11.853722110902844
128.5885885885886,-11.729791318727061
128.63863863863864,-11.60207173617785
128.6886886886887,-11.453904901226467
128.73873873873873,-11.358759176757006
128.7887887887888,-11.248320503026545
128.83883883883885,-11.138178044353682
128.88888888888889,-11.03237968856645
128.93893893893895,-10.956034910393182
128.98898898898898,-10.890923426841386
129.03903903903904,-10.79966400004448
129.0890890890891,-10.730753279982471
129.13913913913913,-10.615356609002626
129.1891891891892,-10.533600203129469
129.23923923923923,-10.43908401953097
129.2892892892893,-10.358587614623683
129.33933933933935,-10.275758617349213
129.3893893893894,-10.227407709367409
129.43943943943944,-10.176524342444308
129.4894894894895,-10.145251158584617
129.53953953953953,-10.164009923786764
129.5895895895896,-10.1036699715394
129.63963963963965,-10.053358099836371
129.6896896896897,-10.0103698607656
129.73973973973975,-10.042603852069288
129.78978978978978,-9.99488691449564
129.83983983983984,-9.946770462836612
129.8898898898899,-9.936697705380642
129.93993993993993,-9.924699422037303
129.98998998999,-9.959012401372053
130.04004004004003,-9.98200650370898
130.0900900900901,-10.013231138469667
130.14014014014015,-10.00535352064329
130.1901901901902,-10.09631912795944
130.24024024024024,-10.169007791722988
130.2902902902903,-10.185180899143935
130.34034034034033,-10.2021716358608
130.3903903903904,-10.235324551396904
130.44044044044045,-10.336110324303617
130.4904904904905,-10.347844316489786
130.54054054054055,-10.427551499775388
130.59059059059058,-10.454202140072116
130.64064064064064,-10.521770856415365
130.6906906906907,-10.655889125707407
130.74074074074073,-10.781598240793445
130.7907907907908,-10.869800982751135
130.84084084084083,-10.923658156121796
130.8908908908909,-11.066418205403007
130.94094094094095,-11.151946802314557
130.990990990991,-11.241783655182395
131.04104104104104,-11.287782280932381
131.0910910910911,-11.395381986656865
131.14114114114113,-11.533499868047416
131.1911911911912,-11.641484784841909
131.24124124124126,-11.819828948313694
131.2912912912913,-11.951326695461084
131.34134134134135,-12.072607023652637
131.39139139139138,-12.22764665165606
131.44144144144144,-12.39320693953402
131.4914914914915,-12.48056722277714
131.54154154154153,-12.57888041226632
131.5915915915916,-12.675791010822923
131.64164164164163,-12.807444501423081
131.6916916916917,-12.969903010816369
131.74174174174175,-13.079587315164538
131.7917917917918,-13.253154788540055
131.84184184184184,-13.409314016134985
131.8918918918919,-13.638778231448939
131.94194194194193,-13.806392865407167
131.991991991992,-13.927998064287353
132.04204204204206,-14.04704732173116
132.0920920920921,-14.154525783451644
132.14214214214215,-14.355894228937192
132.19219219219218,-14.44893565478147
132.24224224224224,-14.610063108639304
132.2922922922923,-14.766508219732446
132.34234234234233,-14.928251566166328
132.3923923923924,-15.075853132021242
132.44244244244243,-15.206668030208219
132.4924924924925,-15.393646996665662
132.54254254254255,-15.55312618210494
132.5925925925926,-15.69845419716927
132.64264264264264,-15.79521315593387
132.6926926926927,-15.942524485444446
132.74274274274273,-16.027464186199246
132.7927927927928,-16.190981275427706
132.84284284284286,-16.36677157419688
132.8928928928929,-16.487871663954135
132.94294294294295,-16.58006876858162
132.99299299299298,-16.76833485550105
133.04304304304304,-16.95309848728921
133.0930930930931,-17.050863617444445
133.14314314314316,-17.198074024680572
133.1931931931932,-17.294422160291532
133.24324324324326,-17.40841617858083
133.2932932932933,-17.486496888133782
133.34334334334335,-17.62117117708396
133.3933933933934,-17.69012510150317
133.44344344344344,-17.805258166656554
133.4934934934935,-17.940917695541422
133.54354354354354,-18.08353352628716
133.5935935935936,-18.229713400581566
133.64364364364366,-18.28291999514498
133.6936936936937,-18.41406113629299
133.74374374374375,-18.554273109402853
133.79379379379378,-18.666831533748212
133.84384384384384,-18.680566033786285
133.8938938938939,-18.70822548974418
133.94394394394396,-18.816664751978312
133.993993993994,-18.8924034775847
134.04404404404406,-18.9975016320692
134.0940940940941,-19.06947964637326
134.14414414414415,-19.13334467252782
134.1941941941942,-19.235455781725385
134.24424424424424,-19.251261468177688
134.2942942942943,-19.380725510508512
134.34434434434434,-19.35801249249854
134.3943943943944,-19.390757882029547
134.44444444444446,-19.421319046499978
134.4944944944945,-19.522589640709185
134.54454454454455,-19.51199727228146
134.59459459459458,-19.57422669554388
134.64464464464464,-19.551293134823098
134.6946946946947,-19.68268425094186
134.74474474474476,-19.745764921938797
134.7947947947948,-19.7901266066345
134.84484484484486,-19.7870394917563
134.8948948948949,-19.78071060655104
134.94494494494495,-19.7783762729223
134.994994994995,-19.748929011660696
135.04504504504504,-19.758200381582782
135.0950950950951,-19.764652533774832
135.14514514514514,-19.72929427918432
135.1951951951952,-19.727198332126097
135.24524524524526,-19.782230024700148
135.2952952952953,-19.76856052289553
135.34534534534535,-19.698709330059902
135.39539539539538,-19.668081962591074
135.44544544544544,-19.687032445266613
135.4954954954955,-19.691350807645655
135.54554554554556,-19.611330773843097
135.5955955955956,-19.59658593176773
135.64564564564566,-19.509635630150797
135.6956956956957,-19.5189489499393
135.74574574574575,-19.50038073133053
135.7957957957958,-19.405236816575332
135.84584584584584,-19.45587048137151
135.8958958958959,-19.331663697599627
135.94594594594594,-19.33398510659407
135.995995995996,-19.259947570381065
136.04604604604606,-19.18518048878555
136.0960960960961,-19.13465840244063
136.14614614614615,-19.041617488233797
136.19619619619618,-19.019904313295736
136.24624624624624,-18.97398983190107
136.2962962962963,-18.865101833933938
136.34634634634637,-18.789726072924623
136.3963963963964,-18.702613505352375
136.44644644644646,-18.7048887478252
136.4964964964965,-18.63813797612329
136.54654654654655,-18.522933108597243
136.5965965965966,-18.45076450957977
136.64664664664664,-18.360143007595383
136.6966966966967,-18.266818513446637
136.74674674674674,-18.213042291447703
136.7967967967968,-18.052206599373534
136.84684684684686,-17.963551886616095
136.8968968968969,-17.88194496368401
136.94694694694695,-17.813793305394196
136.99699699699698,-17.76058045150513
137.04704704704704,-17.60469244143613
137.0970970970971,-17.48970639970128
137.14714714714717,-17.401689758294587
137.1971971971972,-17.32913482350333
137.24724724724726,-17.22824131637159
137.2972972972973,-17.10030076238582
137.34734734734735,-16.949426635226008
137.3973973973974,-16.905851235499863
137.44744744744744,-16.816561383248793
137.4974974974975,-16.687364896540775
137.54754754754754,-16.546154495521993
137.5975975975976,-16.424929305543763
137.64764764764766,-16.33306537363115
137.6976976976977,-16.20617943307322
137.74774774774775,-16.10690082521259
137.79779779779778,-15.954874321269404
137.84784784784785,-15.805750717460805
137.8978978978979,-15.728447862171356
137.94794794794797,-15.610495140475486
137.997997997998,-15.46760199762136
138.04804804804806,-15.342854609205077
138.0980980980981,-15.181577296177503
138.14814814814815,-15.115975368263168
138.1981981981982,-14.938328446131226
138.24824824824825,-14.850559856261993
138.2982982982983,-14.72190334067645
138.34834834834834,-14.58839722072521
138.3983983983984,-14.487458307811735
138.44844844844846,-14.326118437440291
138.4984984984985,-14.145803145449262
138.54854854854855,-13.962328763268035
138.59859859859858,-13.841251115025699
138.64864864864865,-13.733516615362424
138.6986986986987,-13.543788056378899
138.74874874874877,-13.458783191149111
138.7987987987988,-13.304555217100068
138.84884884884886,-13.172796423307108
138.8988988988989,-13.010933225145381
138.94894894894895,-12.87114735716606
138.998998998999,-12.709844191623366
139.04904904904905,-12.528522666264342
139.0990990990991,-12.419002004580031
139.14914914914914,-12.272347826613048
139.1991991991992,-12.139567471831828
139.24924924924926,-11.980098206354523
139.2992992992993,-11.819755167210001
139.34934934934935,-11.673758825460173
139.39939939939939,-11.525878685806465
139.44944944944945,-11.370622868550521
139.4994994994995,-11.207716759376146
139.54954954954957,-11.087313297856499
139.5995995995996,-10.963047785335968
139.64964964964966,-10.784783389900968
139.6996996996997,-10.648839319923784
139.74974974974975,-10.534146129448864
139.7997997997998,-10.340100050529447
139.84984984984985,-10.187286052019276
139.8998998998999,-10.044768440956657
139.94994994994994,-9.922052431857415
140.0,-9.73611591477433
