freq,trans_dB
90.0,-3.6458754815581145
90.05005005005005,-3.5971436250414137
90.10010010010011,-3.5318750084836887
90.15015015015015,-3.4768049066537308
90.2002002002002,-3.37972174106167
90.25025025025025,-3.365784882377093
90.30030030030031,-3.3027724799619054
90.35035035035035,-3.232395833061417
90.4004004004004,-3.1792784364116455
90.45045045045045,-3.145477453004576
90.50050050050051,-3.0752903715505107
90.55055055055055,-3.0115389374591603
90.6006006006006,-2.981604033264569
90.65065065065065,-2.934284598357823
90.70070070070071,-2.8514166619144214
90.75075075075075,-2.853690730711206
90.8008008008008,-2.8395700931097925
90.85085085085085,-2.744694219606294
90.90090090090091,-2.7460086451618055
90.95095095095095,-2.7091683488679976
91.001001001001,-2.6405808939622046
91.05105105105105,-2.6154048906226857
91.10110110110111,-2.614211421586825
91.15115115115115,-2.537154138800973
91.2012012012012,-2.5097455659770715
91.25125125125125,-2.538794489138385
91.30130130130131,-2.529043136624021
91.35135135135135,-2.461727683421936
91.4014014014014,-2.472178945316442
91.45145145145145,-2.468350466739991
91.50150150150151,-2.4289553202819305
91.55155155155155,-2.4383353268462793
91.6016016016016,-2.4503834484149563
91.65165165165165,-2.4240378217224663
91.70170170170171,-2.4142393776812834
91.75175175175175,-2.4457502729350318
91.8018018018018,-2.446678992858037
91.85185185185185,-2.444710744762673
91.90190190190191,-2.471081164534553
91.95195195195195,-2.4832118818438875
92.002002002002,-2.473733599358295
92.05205205205205,-2.5078791714503503
92.10210210210211,-2.5179866514921185
92.15215215215215,-2.513191012728209
92.2022022022022,-2.5600346696036014
92.25225225225225,-2.5874171025775783
92.30230230230231,-2.6341696287113434
92.35235235235236,-2.6696552706309764
92.4024024024024,-2.7012527605840146
92.45245245245245,-2.757797349374394
92.50250250250251,-2.787155554514854
92.55255255255256,-2.8357648459389138
92.6026026026026,-2.8619408464828595
92.65265265265265,-2.9011211032834003
92.70270270270271,-2.939463606845452
92.75275275275276,-3.018579800213604
92.8028028028028,-3.0593122521503058
92.85285285285285,-3.1382218844861427
92.90290290290291,-3.172515774980872
92.95295295295296,-3.2466316325261158
93.003003003003,-3.2929231691276524
93.05305305305305,-3.4132012606037376
93.10310310310311,-3.433476683325456
93.15315315315316,-3.4934928280795154
93.2032032032032,-3.560981706099692
93.25325325325325,-3.687050640945929
93.30330330330331,-3.737341984918526
93.35335335335336,-3.818195297948422
93.4034034034034,-3.8595999595776926
93.45345345345345,-3.968325514359315
93.50350350350351,-4.048994236422925
93.55355355355356,-4.155644137553493
93.6036036036036,-4.209147442598253
93.65365365365365,-4.285476342145203
93.70370370370371,-4.384232326587672
93.75375375375376,-4.486019733642352
93.8038038038038,-4.555788306521439
93.85385385385385,-4.649847853841795
93.90390390390391,-4.730710282396059
93.95395395395396,-4.8327328097332405
94.004004004004,-4.983511261390387
94.05405405405405,-5.069560873206418
94.10410410410411,-5.142095835506917
94.15415415415416,-5.212580328054438
94.2042042042042,-5.366815693955321
94.25425425425425,-5.420644037834929
94.30430430430431,-5.520966702947925
94.35435435435436,-5.607909413538238
94.4044044044044,-5.681233520567405
94.45445445445445,-5.788509033684627
94.50450450450451,-5.930151939206418
94.55455455455456,-6.024851904712791
94.6046046046046,-6.070329312765975
94.65465465465465,-6.199561005666084
94.70470470470471,-6.3177729399965035
94.75475475475476,-6.372230412396682
94.8048048048048,-6.450970254430602
94.85485485485485,-6.559353869494995
94.90490490490491,-6.644248200835662
94.95495495495496,-6.7038246636341885
95.005005005005,-6.828759626723691
95.05505505505505,-6.88738730231445
95.10510510510511,-6.937611770067487
95.15515515515516,-6.977782237551924
95.2052052052052,-7.120106753875163
95.25525525525525,-7.19191030560079
95.30530530530531,-7.224697117571656
95.35535535535536,-7.309725198113159
95.4054054054054,-7.365736208952524
95.45545545545545,-7.434868432312227
95.50550550550551,-7.495180133499953
95.55555555555556,-7.576220287072996
95.6056056056056,-7.581327677785277
95.65565565565565,-7.636417826421522
95.70570570570571,-7.749064860215682
95.75575575575576,-7.789696221004748
95.8058058058058,-7.831794922866857
95.85585585585585,-7.869260949825595
95.90590590590591,-7.894735536964392
95.95595595595596,-7.916066684642335
96.006006006006,-8.002454786487622
96.05605605605605,-8.007909677520031
96.10610610610611,-7.994667654902663
96.15615615615616,-8.082694171430575
96.2062062062062,-8.122236521508384
96.25625625625625,-8.122810748607812
96.30630630630631,-8.154457533591234
96.35635635635636,-8.187784284002088
96.4064064064064,-8.234817376919604
96.45645645645645,-8.239718300244785
96.50650650650651,-8.283834743046596
96.55655655655656,-8.284127058579491
96.6066066066066,-8.301044182002544
96.65665665665665,-8.336013808171407
96.70670670670671,-8.352460743097604
96.75675675675676,-8.35644625756835
96.8068068068068,-8.370179352198585
96.85685685685685,-8.317496391329648
96.90690690690691,-8.404629888552634
96.95695695695696,-8.392855628844817
97.007007007007,-8.402482753851983
97.05705705705705,-8.396877096930092
97.10710710710711,-8.397532213523673
97.15715715715716,-8.420736202392295
97.2072072072072,-8.430160918164097
97.25725725725725,-8.483645751607957
97.30730730730731,-8.450622754461435
97.35735735735736,-8.447740064922693
97.4074074074074,-8.47693040816309
97.45745745745745,-8.464404102594598
97.50750750750751,-8.485643608593126
97.55755755755756,-8.458869426828363
97.6076076076076,-8.458020486537517
97.65765765765767,-8.458654181495836
97.70770770770771,-8.450602966552204
97.75775775775776,-8.43428742741592
97.8078078078078,-8.402991968688701
97.85785785785785,-8.405132962716598
97.90790790790791,-8.390567886286696
97.95795795795796,-8.406180990318193
98.008008008008,-8.39337538049771
98.05805805805807,-8.377189183941962
98.10810810810811,-8.399685750340488
98.15815815815816,-8.40415696085133
98.2082082082082,-8.379101549419877
98.25825825825825,-8.356457005301374
98.30830830830831,-8.35146372193629
98.35835835835836,-8.336907120588565
98.4084084084084,-8.315358326576566
98.45845845845847,-8.304816212362272
98.50850850850851,-8.275912666124874
98.55855855855856,-8.21302656973716
98.6086086086086,-8.242494681096382
98.65865865865865,-8.206118212882426
98.70870870870871,-8.179839518149652
98.75875875875876,-8.17150575964722
98.8088088088088,-8.147327597873565
98.85885885885887,-8.118999195802031
98.90890890890891,-8.116129568386734
98.95895895895896,-8.111514365239593
99.009009009009,-8.042510697788174
99.05905905905905,-8.04096847075904
99.10910910910911,-8.021416460376173
99.15915915915916,-7.989518667808823
99.2092092092092,-7.9767294599359895
99.25925925925927,-7.923667955729587
99.30930930930931,-7.910310712314769
99.35935935935936,-7.881259363908166
99.4094094094094,-7.8547827979746865
99.45945945945945,-7.82354476592647
99.50950950950951,-7.776251758758639
99.55955955955956,-7.744681244031456
99.6096096096096,-7.702060775552198
99.65965965965967,-7.682160749227023
99.70970970970971,-7.645180108007008
99.75975975975976,-7.603673247261979
99.8098098098098,-7.594223181916472
99.85985985985985,-7.556700003371456
99.90990990990991,-7.511154702841409
99.95995995995996,-7.480234112990111
100.01001001001,-7.414891990036835
100.06006006006007,-7.406194222812279
100.11011011011011,-7.364492323101267
100.16016016016016,-7.341591969795612
100.2102102102102,-7.282465826118785
100.26026026026025,-7.2289671143756875
100.31031031031031,-7.203609464606989
100.36036036036036,-7.137370956198093
100.4104104104104,-7.108222288329637
100.46046046046047,-7.0614337458443
100.51051051051051,-7.0041483967915115
100.56056056056056,-6.948156632692993
100.6106106106106,-6.902786439915019
100.66066066066065,-6.8732854989270855
100.71071071071071,-6.813601484172565
100.76076076076076,-6.75031154826861
100.8108108108108,-6.714880934087128
100.86086086086087,-6.679372975646631
100.91091091091091,-6.611159636484675
100.96096096096096,-6.570919552982054
101.011011011011,-6.517924993022427
101.06106106106107,-6.465667376255558
101.11111111111111,-6.404873434930964
101.16116116116116,-6.362315346682906
101.21121121121121,-6.303296188116052
101.26126126126127,-6.237149956629546
101.31131131131131,-6.214276421705551
101.36136136136136,-6.1543374755226825
101.41141141141141,-6.082565469175032
101.46146146146147,-6.012526342664043
101.51151151151151,-5.972046713068853
101.56156156156156,-5.902151386394735
101.61161161161161,-5.833201115346374
101.66166166166167,-5.780105406165616
101.71171171171171,-5.7367977026143615
101.76176176176176,-5.6709629624254925
101.81181181181181,-5.631141073725998
101.86186186186187,-5.572255621863302
101.91191191191191,-5.482332829450007
101.96196196196196,-5.418328190391948
102.01201201201201,-5.363547021443572
102.06206206206207,-5.309510832985011
102.11211211211211,-5.238430065493704
102.16216216216216,-5.170171935917965
102.21221221221221,-5.122758703687021
102.26226226226227,-5.06686405571471
102.31231231231232,-4.997017193141038
102.36236236236236,-4.935005732914423
102.41241241241241,-4.864876749937424
102.46246246246247,-4.805701248232224
102.51251251251252,-4.759777946887306
102.56256256256256,-4.703165833518767
102.61261261261261,-4.6343553585712405
102.66266266266267,-4.58334002746129
102.71271271271272,-4.526373721644552
102.76276276276276,-4.461884354784367
102.81281281281281,-4.380570075121798
102.86286286286287,-4.3201948309103395
102.91291291291292,-4.258559603684243
102.96296296296296,-4.212662882242801
103.01301301301301,-4.165398423558533
103.06306306306307,-4.094310552758521
103.11311311311312,-4.039260021534192
103.16316316316316,-3.995281972744337
103.21321321321321,-3.9607100819957632
103.26326326326327,-3.9207079862709473
103.31331331331332,-3.851207834848611
103.36336336336336,-3.7852702850445095
103.41341341341341,-3.7474870539709544
103.46346346346347,-3.7006625059503704
103.51351351351352,-3.660672319348746
103.56356356356356,-3.6132013828641254
103.61361361361361,-3.5760341461706604
103.66366366366367,-3.5226154286858606
103.71371371371372,-3.4880176588423244
103.76376376376376,-3.4663334127805805
103.81381381381381,-3.4018251813814513
103.86386386386387,-3.3780025828619755
103.91391391391392,-3.3576845270126863
103.96396396396396,-3.3326917963038882
104.01401401401401,-3.290964954283252
104.06406406406407,-3.2681230554469276
104.11411411411412,-3.2599413202033904
104.16416416416416,-3.2423836006618267
104.21421421421421,-3.252390148514618
104.26426426426427,-3.241830117883446
104.31431431431432,-3.2157246110034934
104.36436436436436,-3.1967271215307966
104.41441441441441,-3.199265512836405
104.46446446446447,-3.19091773950577
104.51451451451452,-3.1864071641364156
104.56456456456456,-3.194814954841582
104.61461461461461,-3.20330610470653
104.66466466466467,-3.218436577595888
104.71471471471472,-3.232354601878061
104.76476476476476,-3.249896477865672
104.81481481481481,-3.256387275571512
104.86486486486487,-3.281300434674964
104.91491491491492,-3.3210288562869317
104.96496496496496,-3.3590930828838323
105.01501501501502,-3.388100203384687
105.06506506506507,-3.412021238977804
105.11511511511512,-3.4551326321286915
105.16516516516516,-3.492993796294343
105.21521521521521,-3.5362142118801763
105.26526526526527,-3.5703782149930903
105.31531531531532,-3.6231870356210263
105.36536536536536,-3.660298529654457
105.41541541541542,-3.7236415995252328
105.46546546546547,-3.8070249701601226
105.51551551551552,-3.8376703884470036
105.56556556556556,-3.9021303039093165
105.61561561561561,-3.9669339772277246
105.66566566566567,-4.0459375912803495
105.71571571571572,-4.107324151404044
105.76576576576576,-4.171834964929222
105.81581581581582,-4.235484184687712
105.86586586586587,-4.290947118833959
105.91591591591592,-4.374317890316763
105.96596596596596,-4.454082815543156
106.01601601601601,-4.518804219975272
106.06606606606607,-4.584999654144789
106.11611611611612,-4.677120759902564
106.16616616616616,-4.752469825868017
106.21621621621622,-4.829429493889722
106.26626626626627,-4.915085415892226
106.31631631631632,-4.980329646943377
106.36636636636636,-5.036302654688479
106.41641641641641,-5.110119489276773
106.46646646646647,-5.2102995725580294
106.51651651651652,-5.267976423463241
106.56656656656656,-5.344658456939691
106.61661661661662,-5.423287692944907
106.66666666666667,-5.509518901117977
106.71671671671672,-5.581421833588334
106.76676676676676,-5.64625386974532
106.81681681681681,-5.720907052165956
106.86686686686687,-5.773905191179629
106.91691691691692,-5.860458348159376
106.96696696696696,-5.942848054608191
107.01701701701703,-5.986983606173216
107.06706706706707,-6.0221758579269
107.11711711711712,-6.102936422587101
107.16716716716716,-6.177222405350418
107.21721721721721,-6.245250115969099
107.26726726726727,-6.301084800238228
107.31731731731732,-6.347855679642812
107.36736736736736,-6.4118600219743245
107.41741741741743,-6.487254236813902
107.46746746746747,-6.5589072935839505
107.51751751751752,-6.565942898845269
107.56756756756756,-6.612482354256062
107.61761761761761,-6.687608434882911
107.66766766766767,-6.741020114332167
107.71771771771772,-6.791971842332072
107.76776776776777,-6.827276626860286
107.81781781781783,-6.88227179404279
107.86786786786787,-6.94749358493068
107.91791791791792,-7.027412833563586
107.96796796796797,-7.061250270817732
108.01801801801801,-7.069765918831431
108.06806806806807,-7.108049624220442
108.11811811811812,-7.159041535314634
108.16816816816817,-7.226194540292137
108.21821821821823,-7.256293907961409
108.26826826826827,-7.276793969266767
108.31831831831832,-7.320265748570565
108.36836836836837,-7.377901211442072
108.41841841841841,-7.410893759640927
108.46846846846847,-7.431973514057412
108.51851851851852,-7.456784017873917
108.56856856856857,-7.489881129374285
108.61861861861863,-7.5098578134600755
108.66866866866867,-7.571624194078915
108.71871871871872,-7.63045001897119
108.76876876876877,-7.6280515120938635
108.81881881881881,-7.6580136514306725
108.86886886886887,-7.729405385993595
108.91891891891892,-7.765024622931076
108.96896896896897,-7.761970016502286
109.01901901901903,-7.7824913147725265
109.06906906906907,-7.82397300937608
109.11911911911912,-7.846374126643347
109.16916916916917,-7.882458285681077
109.21921921921921,-7.892446880542013
109.26926926926927,-7.896451082187079
109.31931931931932,-7.929446417841226
109.36936936936937,-7.9880328805515495
109.41941941941943,-7.998141569075222
109.46946946946947,-7.992025348045842
109.51951951951952,-8.018855439040511
109.56956956956957,-8.050260107311026
109.61961961961961,-8.072479616475622
109.66966966966967,-8.098794446923973
109.71971971971972,-8.114425986943047
109.76976976976977,-8.110753906828748
109.81981981981983,-8.13705810111252
109.86986986986987,-8.176978059004181
109.91991991991992,-8.161598330069697
109.96996996996997,-8.147682758916625
110.02002002002001,-8.201678643209572
110.07007007007007,-8.240920874091168
110.12012012012012,-8.228054999833976
110.17017017017017,-8.241421178827311
110.22022022022023,-8.258745685117242
110.27027027027027,-8.240448896786734
110.32032032032032,-8.262400029695787
110.37037037037037,-8.299125082323629
110.42042042042041,-8.268864117327746
110.47047047047047,-8.253480919819102
110.52052052052052,-8.296433338913761
110.57057057057057,-8.312640895984678
110.62062062062063,-8.30275382879666
110.67067067067067,-8.305091737294845
110.72072072072072,-8.307840767592255
110.77077077077077,-8.312145613263947
110.82082082082081,-8.320337951126657
110.87087087087087,-8.310662514037581
110.92092092092092,-8.299528109325301
110.97097097097097,-8.293532732052608
111.02102102102103,-8.302829905248206
111.07107107107107,-8.31754462285691
111.12112112112112,-8.305771433694812
111.17117117117117,-8.292489762340066
111.22122122122121,-8.287640173595664
111.27127127127127,-8.286562704560346
111.32132132132132,-8.28828387762633
111.37137137137137,-8.291932852355362
111.42142142142143,-8.269563074944177
111.47147147147147,-8.246769087382656
111.52152152152152,-8.271789762566954
111.57157157157158,-8.271276344507857
111.62162162162163,-8.232634743879636
111.67167167167167,-8.222712249167316
111.72172172172172,-8.229050651613912
111.77177177177177,-8.203036357603407
111.82182182182183,-8.196735607033961
111.87187187187187,-8.185875676221563
111.92192192192192,-8.141677438711321
111.97197197197198,-8.121949441824661
112.02202202202203,-8.123607741026788
112.07207207207207,-8.108282768058121
112.12212212212212,-8.088258578949272
112.17217217217217,-8.061081913987028
112.22222222222223,-8.060394150659409
112.27227227227228,-8.07329315756465
112.32232232232232,-8.051282949499527
112.37237237237238,-7.990213752102295
112.42242242242243,-7.966970935903359
112.47247247247248,-7.969305744411613
112.52252252252252,-7.931992366314713
112.57257257257257,-7.888976292000181
112.62262262262263,-7.859011331008751
112.67267267267268,-7.826497339261384
112.72272272272272,-7.815906985580792
112.77277277277278,-7.813361103274413
112.82282282282283,-7.7861595885506
112.87287287287288,-7.743078164486533
112.92292292292292,-7.713810517156679
112.97297297297297,-7.691464822363945
113.02302302302303,-7.662558910616687
113.07307307307308,-7.629459474482776
113.12312312312312,-7.580668675584338
113.17317317317318,-7.546510879650892
113.22322322322323,-7.541452009922359
113.27327327327328,-7.51543039877947
113.32332332332332,-7.455056470693829
113.37337337337337,-7.406953616952383
113.42342342342343,-7.385852355292704
113.47347347347348,-7.355511148598668
113.52352352352352,-7.309748997841763
113.57357357357358,-7.274644395896593
113.62362362362363,-7.2279196004874615
113.67367367367368,-7.178517706222549
113.72372372372372,-7.152016662948122
113.77377377377377,-7.119842386694942
113.82382382382383,-7.059391176507597
113.87387387387388,-7.005453477828202
113.92392392392392,-6.981426370391299
113.97397397397398,-6.952606744029161
114.02402402402403,-6.89666088232289
114.07407407407408,-6.842062520050586
114.12412412412412,-6.796832940845299
114.17417417417417,-6.761766920452527
114.22422422422423,-6.730830230377799
114.27427427427428,-6.688421857067617
114.32432432432432,-6.613114318920415
114.37437437437438,-6.55239088245484
114.42442442442443,-6.524235446449706
114.47447447447448,-6.477789857042092
114.52452452452452,-6.4239252079645945
114.57457457457457,-6.377440564310961
114.62462462462463,-6.328458019333028
114.67467467467468,-6.280546686127923
114.72472472472472,-6.233611503850662
114.77477477477478,-6.171556258285642
114.82482482482483,-6.105196636747884
114.87487487487488,-6.054716663865219
114.92492492492492,-6.021409201909949
114.97497497497497,-5.980847820200571
115.02502502502503,-5.9236757375181135
115.07507507507508,-5.852829324557495
115.12512512512512,-5.795416563440125
115.17517517517518,-5.763703128152619
115.22522522522523,-5.725362902975406
115.27527527527528,-5.66049080608683
115.32532532532532,-5.594093387751538
115.37537537537537,-5.556099993568537
115.42542542542543,-5.514683523961371
115.47547547547548,-5.449086962631541
115.52552552552552,-5.383141689816343
115.57557557557558,-5.323918597526206
115.62562562562563,-5.270016994815408
115.67567567567568,-5.228006848725661
115.72572572572572,-5.193092441451662
115.77577577577577,-5.1264655167271505
115.82582582582583,-5.060271898984897
115.87587587587588,-5.0294191614931
115.92592592592592,-4.999039221285897
115.97597597597598,-4.9414048068386975
116.02602602602603,-4.878425578972037
116.07607607607608,-4.832402768040994
116.12612612612612,-4.786776053905216
116.17617617617617,-4.746906480588529
116.22622622622623,-4.689787231462716
116.27627627627628,-4.638306583155272
116.32632632632632,-4.605603762359265
116.37637637637638,-4.574533839253508
116.42642642642643,-4.5259942467658085
116.47647647647648,-4.477427812240716
116.52652652652652,-4.438686028368482
116.57657657657657,-4.398239351545061
116.62662662662663,-4.37894107913297
116.67667667667668,-4.349909500968123
116.72672672672672,-4.301270697960905
116.77677677677679,-4.249011475029816
116.82682682682683,-4.240596304117884
116.87687687687688,-4.2303898966225715
116.92692692692692,-4.193590780096991
116.97697697697697,-4.1635630480292
117.02702702702703,-4.140700542997182
117.07707707707708,-4.133412894011377
117.12712712712712,-4.115317299927269
117.17717717717719,-4.097911227484549
117.22722722722723,-4.0478446014900475
117.27727727727728,-4.023101056056905
117.32732732732732,-4.034150843098709
117.37737737737737,-4.02822352747365
117.42742742742743,-4.009516369265333
117.47747747747748,-3.9867885159079854
117.52752752752752,-4.002994457335205
117.57757757757759,-4.016773880558878
117.62762762762763,-4.039882590095616
117.67767767767768,-4.0244257646049695
117.72772772772772,-3.9983828247688757
117.77777777777777,-3.9981012771791247
117.82782782782783,-4.008282672500825
117.87787787787788,-4.015542191587221
117.92792792792793,-3.9941444223027105
117.97797797797799,-4.0185734925887076
118.02802802802803,-4.034475438567191
118.07807807807808,-4.066563916016052
118.12812812812813,-4.10120505063359
118.17817817817817,-4.112554208497274
118.22822822822823,-4.110305969898873
118.27827827827828,-4.134545212796763
118.32832832832833,-4.179752748362365
118.37837837837839,-4.168564974861304
118.42842842842843,-4.189894249789496
118.47847847847848,-4.228748062270227
118.52852852852853,-4.260271101937876
118.57857857857857,-4.293076275135446
118.62862862862863,-4.352705145371367
118.67867867867868,-4.38352121357235
118.72872872872873,-4.37494561118631
118.77877877877879,-4.433709583799466
118.82882882882883,-4.475860248084713
118.87887887887888,-4.499194715057683
118.92892892892893,-4.519247596948018
118.97897897897897,-4.568813876244292
119.02902902902903,-4.608341216461288
119.07907907907908,-4.658920544043304
119.12912912912913,-4.730707824413901
119.17917917917919,-4.745513547046897
119.22922922922923,-4.794957353185325
119.27927927927928,-4.852831096465213
119.32932932932933,-4.911511758961887
119.37937937937937,-4.934416163965888
119.42942942942943,-4.988243437973023
119.47947947947948,-5.03605974759267
119.52952952952953,-5.0477339299211375
119.57957957957959,-5.130815928903951
119.62962962962963,-5.213873813476708
119.67967967967968,-5.243269413951713
119.72972972972973,-5.25684282142665
119.77977977977977,-5.344821891799826
119.82982982982983,-5.401480973374328
119.87987987987988,-5.4261502702374065
119.92992992992993,-5.498004805010734
119.97997997997999,-5.543202460712464
120.03003003003003,-5.573417971213408
120.08008008008008,-5.640961394720865
120.13013013013014,-5.73078252795231
120.18018018018019,-5.74363630534699
120.23023023023023,-5.771150197136892
120.28028028028028,-5.853257018720239
120.33033033033033,-5.906259996960764
120.38038038038039,-5.965524759171697
120.43043043043043,-6.019539543242642
120.48048048048048,-6.044970366801452
120.53053053053054,-6.064020256611178
120.58058058058059,-6.1655195755808645
120.63063063063063,-6.226270232981475
120.68068068068068,-6.220971267755252
120.73073073073073,-6.284170420038305
120.78078078078079,-6.368970295609323
120.83083083083083,-6.412501724694534
120.88088088088088,-6.466269598616418
120.93093093093094,-6.528406149019633
120.98098098098099,-6.532281981776417
121.03103103103103,-6.573569390062839
121.08108108108108,-6.665029724620714
121.13113113113113,-6.724280520923725
121.18118118118119,-6.720896599347412
121.23123123123123,-6.745787045180309
121.28128128128128,-6.808596874990703
121.33133133133134,-6.849326840837483
121.38138138138139,-6.915149040643349
121.43143143143143,-6.953575808573517
121.48148148148148,-6.9766484687735595
121.53153153153153,-7.049526363960089
121.58158158158159,-7.131682722013591
121.63163163163163,-7.139328735998246
121.68168168168168,-7.13160338351786
121.73173173173174,-7.194899668499953
121.78178178178179,-7.239554978417774
121.83183183183183,-7.27896346263976
121.88188188188188,-7.339200226610097
121.93193193193193,-7.367485928699032
121.98198198198199,-7.348131893292496
122.03203203203203,-7.407239785855785
122.08208208208208,-7.487833798872466
122.13213213213214,-7.483138037101188
122.18218218218217,-7.487942668044278
122.23223223223223,-7.535905100724224
122.28228228228228,-7.582760638689511
122.33233233233233,-7.62307014426557
122.38238238238239,-7.67156443358412
122.43243243243244,-7.673891849463526
122.48248248248248,-7.703570113251201
122.53253253253254,-7.784676925125961
122.58258258258257,-7.796674524990586
122.63263263263264,-7.773411776679364
122.68268268268268,-7.812315153049882
122.73273273273273,-7.848968091161989
122.78278278278279,-7.8405057157289475
122.83283283283284,-7.893939609214612
122.88288288288288,-7.935235649572415
122.93293293293294,-7.9253977433253775
122.98298298298297,-7.935027631653168
123.03303303303304,-8.023944393676834
123.08308308308308,-8.039781362308567
123.13313313313313,-7.999938051660804
123.18318318318319,-8.0261950873081
123.23323323323324,-8.063919412102631
123.28328328328328,-8.090554538894905
123.33333333333334,-8.109873826158092
123.38338338338338,-8.126849929187546
123.43343343343344,-8.125247684462664
123.48348348348348,-8.149044875751986
123.53353353353353,-8.202096454324437
123.58358358358359,-8.184334133821627
123.63363363363364,-8.154510685645764
123.68368368368368,-8.197626226067436
123.73373373373374,-8.213701078470708
123.78378378378378,-8.198484398695557
123.83383383383384,-8.236330954855376
123.88388388388388,-8.256520018427127
123.93393393393393,-8.214529165963834
123.98398398398399,-8.261052457966974
124.03403403403404,-8.334988216000662
124.08408408408408,-8.264343783160706
124.13413413413414,-8.22801556994928
124.18418418418419,-8.293255547686368
124.23423423423424,-8.282008109285414
124.2842842842843,-8.268385894328738
124.33433433433433,-8.29655728211277
124.38438438438439,-8.29978326405559
124.43443443443444,-8.282196485788413
124.48448448448448,-8.32444519675664
124.53453453453454,-8.323680782986191
124.58458458458459,-8.266872282247984
124.63463463463464,-8.259102978026341
124.6846846846847,-8.283780531435738
124.73473473473473,-8.27580401950051
124.78478478478479,-8.281209334672667
124.83483483483484,-8.2906775245446
124.88488488488488,-8.254280192408594
124.93493493493494,-8.267371231605756
124.98498498498499,-8.291981045041936
125.03503503503504,-8.270028269866552
125.0850850850851,-8.219268548838253
125.13513513513513,-8.205516400534886
125.18518518518519,-8.239238909511132
125.23523523523524,-8.21394510110312
125.28528528528528,-8.184270225452536
125.33533533533534,-8.180550825846453
125.38538538538539,-8.160122358014394
125.43543543543544,-8.148857200913895
125.4854854854855,-8.168211492690297
125.53553553553553,-8.15583409825542
125.58558558558559,-8.08166041234755
125.63563563563564,-8.071062166445767
125.68568568568568,-8.106137537622647
125.73573573573574,-8.081623768140744
125.78578578578579,-8.049318074060299
125.83583583583584,-8.046147991348564
125.8858858858859,-8.005998929882095
125.93593593593593,-7.983010377841653
125.98598598598599,-7.984111973149324
126.03603603603604,-7.915751245335229
126.08608608608608,-7.860918448661898
126.13613613613614,-7.89679217508046
126.18618618618619,-7.889176684348051
126.23623623623624,-7.8312272041220075
126.2862862862863,-7.829594810603423
126.33633633633633,-7.811530692251942
126.38638638638639,-7.766748482407053
126.43643643643644,-7.754678721474363
126.48648648648648,-7.741367962895643
126.53653653653654,-7.651216277561711
126.58658658658659,-7.61902059078971
126.63663663663664,-7.627659448342332
126.6866866866867,-7.581850426397759
126.73673673673673,-7.54691562499392
126.78678678678679,-7.518744360068587
126.83683683683684,-7.479097937389884
126.88688688688688,-7.46320492351525
126.93693693693695,-7.451899699512206
126.98698698698699,-7.387435112982412
127.03703703703704,-7.3174677760415285
127.0870870870871,-7.3001976040247545
127.13713713713713,-7.269630919835838
127.18718718718719,-7.224629872629613
127.23723723723724,-7.195550191938621
127.28728728728728,-7.150831325378491
127.33733733733735,-7.102997194392161
127.38738738738739,-7.06100004860807
127.43743743743744,-7.027110284540377
127.4874874874875,-6.975520763374409
127.53753753753753,-6.903428287365438
127.58758758758759,-6.8761971541306055
127.63763763763764,-6.847909112771713
127.68768768768768,-6.794619342183655
127.73773773773775,-6.743784837497339
127.78778778778779,-6.680218121946218
127.83783783783784,-6.628591966649377
127.8878878878879,-6.583495233945864
127.93793793793793,-6.5535691894702595
127.98798798798799,-6.492036784179635
128.03803803803805,-6.408226692579244
128.08808808808809,-6.380560653377173
128.13813813813815,-6.331244332309395
128.18818818818818,-6.268308681020674
128.23823823823824,-6.209507030899469
128.2882882882883,-6.146160905096623
128.33833833833833,-6.073974883591505
128.3883883883884,-6.02758614334979
128.43843843843842,-5.978058049389913
128.48848848848849,-5.8819124962346985
128.53853853853855,-5.821300087143771
128.5885885885886,-5.77416790394484
128.63863863863864,-5.717308362170329
128.6886886886887,-5.6516134816870425
128.73873873873873,-5.590573853339705
128.7887887887888,-5.5235425992869205
128.83883883883885,-5.4414885011743905
128.88888888888889,-5.386332520260886
128.93893893893895,-5.3068767982446055
128.98898898898898,-5.210347398826912
129.03903903903904,-5.150511397550507
129.0890890890891,-5.097909900145026
129.13913913913913,-5.026904832600704
129.1891891891892,-4.953981749131631
129.23923923923923,-4.894309040930434
129.2892892892893,-4.828289058897485
129.33933933933935,-4.739491540086717
129.3893893893894,-4.68412925145146
129.43943943943944,-4.606633233331014
129.4894894894895,-4.507823019499861
129.53953953953953,-4.456758944486325
129.5895895895896,-4.391446229800572
129.63963963963965,-4.327051240406006
129.6896896896897,-4.2438131262454855
129.73973973973975,-4.206403759890213
129.78978978978978,-4.142120320478883
129.83983983983984,-4.067741692419293
129.8898898898899,-4.024045807112689
129.93993993993993,-3.945917043160759
129.98998998999,-3.8900658928200906
130.04004004004003,-3.8521408263202073
130.0900900900901,-3.7984116964456156
130.14014014014015,-3.734418482825038
130.1901901901902,-3.6890335496207416
130.24024024024024,-3.660385200565006
130.2902902902903,-3.6100784195329427
130.34034034034033,-3.565558857809796
130.3903903903904,-3.5333470141669325
130.44044044044045,-3.5081972106128667
130.4904904904905,-3.4697240718788778
130.54054054054055,-3.4588414574564745
130.59059059059058,-3.430279288622164
130.64064064064064,-3.3880989202530234
130.6906906906907,-3.3735489871729163
130.74074074074073,-3.355921541726437
130.7907907907908,-3.3437416909847597
130.84084084084083,-3.3345253996938835
130.8908908908909,-3.347789127525732
130.94094094094095,-3.3372061380242592
130.990990990991,-3.328662784012637
131.04104104104104,-3.34045532671701
131.0910910910911,-3.3412378010981536
131.14114114114113,-3.3214967078711775
131.1911911911912,-3.3582461920430426
131.24124124124126,-3.3684220670944343
131.2912912912913,-3.3696800318019555
131.34134134134135,-3.3984795120152635
131.39139139139138,-3.4137290278943637
131.44144144144144,-3.447421814454241
131.4914914914915,-3.4557984094387697
131.54154154154153,-3.511787062634281
131.5915915915916,-3.5255550658140535
131.64164164164163,-3.5510257458179058
131.6916916916917,-3.6105234620356472
131.74174174174175,-3.6154424766784046
131.7917917917918,-3.6745290748987576
131.84184184184184,-3.6877764716670303
131.8918918918919,-3.7441402278872955
131.94194194194193,-3.7792859042029985
131.991991991992,-3.820368879646633
132.04204204204206,-3.8766288501691135
132.0920920920921,-3.912098030806802
132.14214214214215,-3.983122304986935
132.19219219219218,-4.027356097653319
132.24224224224224,-4.063189061852165
132.2922922922923,-4.121479628121623
132.34234234234233,-4.187571833839219
132.3923923923924,-4.243620573219412
132.44244244244243,-4.2773624767990395
132.4924924924925,-4.329597218613849
132.54254254254255,-4.389885755063625
132.5925925925926,-4.470037348105544
132.64264264264264,-4.506823553322586
132.6926926926927,-4.572102595163314
132.74274274274273,-4.613016968329744
132.7927927927928,-4.69547453771862
132.84284284284286,-4.77382905999165
132.8928928928929,-4.826393725899652
132.94294294294295,-4.865215603525715
132.99299299299298,-4.902225754472455
133.04304304304304,-4.982582076701633
133.0930930930931,-5.0496647371180154
133.14314314314316,-5.11425945243692
133.1931931931932,-5.154780827182937
133.24324324324326,-5.243510475875418
133.2932932932933,-5.316840620054559
133.34334334334335,-5.380026066499149
133.3933933933934,-5.4082223601188675
133.44344344344344,-5.443817553400498
133.4934934934935,-5.5254681349296835
133.54354354354354,-5.587214703390974
133.5935935935936,-5.665218611261086
133.64364364364366,-5.701714445230075
133.6936936936937,-5.739246533974385
133.74374374374375,-5.796979223960673
133.79379379379378,-5.897190000250486
133.84384384384384,-5.9650823281899825
133.8938938938939,-5.990232592084281
133.94394394394396,-6.041318229433122
133.993993993994,-6.109098896563198
134.04404404404406,-6.168758374276525
134.0940940940941,-6.25011466334573
134.14414414414415,-6.279233224497011
134.1941941941942,-6.312900649173263
134.24424424424424,-6.378864478287907
134.2942942942943,-6.454138886855722
134.34434434434434,-6.506230949047722
134.3943943943944,-6.52669482865058
134.44444444444446,-6.568883881556644
134.4944944944945,-6.6390537887300916
134.54454454454455,-6.693597070679729
134.59459459459458,-6.765155270727123
134.64464464464464,-6.7967850318445695
134.6946946946947,-6.796333755744324
134.74474474474476,-6.889433695252689
134.7947947947948,-6.946843692271046
134.84484484484486,-6.986634366527917
134.8948948948949,-6.995628347917794
134.94494494494495,-7.056844315229803
134.994994994995,-7.127715639462107
135.04504504504504,-7.169452364714489
135.0950950950951,-7.205048959111446
135.14514514514514,-7.249221372726786
135.1951951951952,-7.251851083799433
135.24524524524526,-7.318193521854724
135.2952952952953,-7.385522011607136
135.34534534534535,-7.385753427955107
135.39539539539538,-7.4086434922643285
135.44544544544544,-7.467848140128584
135.4954954954955,-7.515139557936109
135.54554554554556,-7.547503651072508
135.5955955955956,-7.598534975283112
135.64564564564566,-7.624711350100542
135.6956956956957,-7.629850737690121
135.74574574574575,-7.717485012163612
135.7957957957958,-7.750536099166276
135.84584584584584,-7.72208661245072
135.8958958958959,-7.762395438548539
135.94594594594594,-7.822826756270537
135.995995995996,-7.8636248445810475
136.04604604604606,-7.888830019211761
136.0960960960961,-7.903434431141586
136.14614614614615,-7.914634795480245
136.19619619619618,-7.932973142400734
136.24624624624624,-7.987236567206076
136.2962962962963,-8.01629057840912
136.34634634634637,-8.016774958323808
136.3963963963964,-8.048698692905432
136.44644644644646,-8.07708300646551
136.4964964964965,-8.120415537909327
136.54654654654655,-8.12175450232573
136.5965965965966,-8.136311885802797
136.64664664664664,-8.154384725724308
136.6966966966967,-8.191294847738206
136.74674674674674,-8.225800390862998
136.7967967967968,-8.243806751651679
136.84684684684686,-8.22885320443864
136.8968968968969,-8.240672970559372
136.94694694694695,-8.286273056877382
136.99699699699698,-8.306858723437212
137.04704704704704,-8.295276968811036
137.0970970970971,-8.308838241318972
137.14714714714717,-8.324248562816145
137.1971971971972,-8.355966325351726
137.24724724724726,-8.3736382296353
137.2972972972973,-8.348636188275249
137.34734734734735,-8.34508038475259
137.3973973973974,-8.356664080265327
137.44744744744744,-8.3878451016892
137.4974974974975,-8.38685217033839
137.54754754754754,-8.403590378760965
137.5975975975976,-8.401592459685276
137.64764764764766,-8.417821606197549
137.6976976976977,-8.432769009209341
137.74774774774775,-8.450194238646201
137.79779779779778,-8.42715333152772
137.84784784784785,-8.423941684292963
137.8978978978979,-8.417451325419076
137.94794794794797,-8.454524597563289
137.997997997998,-8.423090288513361
138.04804804804806,-8.399744999513697
138.0980980980981,-8.398108344206186
138.14814814814815,-8.420277124640572
138.1981981981982,-8.433000001390589
138.24824824824825,-8.391466076945063
138.2982982982983,-8.39809611497633
138.34834834834834,-8.378372530235135
138.3983983983984,-8.399670419944554
138.44844844844846,-8.401793947383076
138.4984984984985,-8.373245838181733
138.54854854854855,-8.341282315180086
138.59859859859858,-8.340156188087645
138.64864864864865,-8.348264513406457
138.6986986986987,-8.327934467405735
138.74874874874877,-8.299702296263204
138.7987987987988,-8.286237438866012
138.84884884884886,-8.254288347093082
138.8988988988989,-8.254397856390424
138.94894894894895,-8.254416859028428
138.998998998999,-8.222830321340302
139.04904904904905,-8.184519295307522
139.0990990990991,-8.177470469274684
139.14914914914914,-8.163484903899462
139.1991991991992,-8.126149901425071
139.24924924924926,-8.06701931687058
139.2992992992993,-8.027651855199917
139.34934934934935,-8.013472965450884
139.39939939939939,-8.01331084778157
139.44944944944945,-7.979897996275987
139.4994994994995,-7.91102930152681
139.54954954954957,-7.901874149390747
139.5995995995996,-7.862783712408422
139.64964964964966,-7.814883197617637
139.6996996996997,-7.754880416318674
139.74974974974975,-7.7298581421654555
139.7997997997998,-7.646010032580724
139.84984984984985,-7.59973056619826
139.8998998998999,-7.583367751147802
139.94994994994994,-7.528168085204556
140.0,-7.45382974762433
