freq,trans_dB
140.0,-0.391258188988656
140.08008008008008,-0.31639007710044437
140.16016016016016,-0.285896111826916
140.24024024024024,-0.21983800809126253
140.32032032032032,-0.18847287145757022
140.4004004004004,-0.09844819933011588
140.48048048048048,-0.10230188556413584
140.56056056056056,-0.08284083020698343
140.64064064064064,-0.07750528958348343
140.72072072072072,-0.06278422295730549
140.8008008008008,-0.034040531649245864
140.88088088088088,-0.023477643651330052
140.96096096096096,-0.04099187562127198
141.04104104104104,-0.05818709885750109
141.12112112112112,-0.08716206694123947
141.2012012012012,-0.09812593817198538
141.28128128128128,-0.14770828769305186
141.36136136136136,-0.18438766274942667
141.44144144144144,-0.20948537296918185
141.52152152152152,-0.26478454665612067
141.6016016016016,-0.3339817460676648
141.68168168168168,-0.39571523714345824
141.76176176176176,-0.4467989471687181
141.84184184184184,-0.5196548282719495
141.92192192192192,-0.58433772852978
142.002002002002,-0.6833750130706128
142.08208208208208,-0.7633084459675076
142.16216216216216,-0.8344189588712054
142.24224224224224,-0.9199660977509315
142.32232232232232,-1.0139044216233148
142.4024024024024,-1.0984017489724802
142.48248248248248,-1.1973536111773322
142.56256256256256,-1.2834618718417976
142.64264264264264,-1.4037803607942074
142.72272272272272,-1.4784743476150992
142.8028028028028,-1.5917645700220133
142.88288288288288,-1.6374710580874894
142.96296296296296,-1.7572395806762529
143.04304304304304,-1.843736061077695
143.12312312312312,-1.95394328098249
143.2032032032032,-2.0152368134099916
143.28328328328328,-2.138168946569833
143.36336336336336,-2.2018007863146956
143.44344344344344,-2.3117652719077837
143.52352352352352,-2.371654399492101
143.6036036036036,-2.479784330047488
143.68368368368368,-2.543930107565159
143.76376376376376,-2.676206043331729
143.84384384384384,-2.7259660416574265
143.92392392392392,-2.8252512497552513
144.004004004004,-2.897094835137675
144.08408408408408,-2.960335099922089
144.16416416416416,-3.028356841186983
144.24424424424424,-3.0931987636068623
144.32432432432432,-3.16634934748217
144.4044044044044,-3.2208580570509757
144.48448448448448,-3.3096565959991877
144.56456456456456,-3.3561198418596065
144.64464464464464,-3.4097025468933366
144.72472472472472,-3.493242863276306
144.8048048048048,-3.5605811170523065
144.88488488488488,-3.5607559872799817
144.96496496496496,-3.644350771187602
145.04504504504504,-3.6561978817875485
145.12512512512512,-3.732518814909222
145.2052052052052,-3.7567794707880555
145.28528528528528,-3.823798927132004
145.36536536536536,-3.815665036991436
145.44544544544544,-3.88762448253535
145.52552552552552,-3.9135031248737526
145.6056056056056,-3.948351493199688
145.68568568568568,-3.9608640832106654
145.76576576576576,-4.023829224488102
145.84584584584584,-4.009168750929569
145.92592592592592,-4.038527260193537
146.006006006006,-4.05275179126267
146.08608608608608,-4.059908201515622
146.16616616616616,-4.076749836084248
146.24624624624624,-4.083592693147466
146.32632632632632,-4.08121850212131
146.4064064064064,-4.113522454625097
146.48648648648648,-4.139997043435447
146.56656656656656,-4.1251434603445185
146.64664664664664,-4.10653749003538
146.72672672672672,-4.115951464727156
146.8068068068068,-4.122117922010525
146.88688688688688,-4.107560861033419
146.96696696696696,-4.1162294470660905
147.04704704704704,-4.071559819734019
147.12712712712712,-4.072326249676491
147.2072072072072,-4.066124379466135
147.28728728728728,-4.024899100368663
147.36736736736736,-4.002561861868687
147.44744744744744,-4.006266626242059
147.52752752752752,-3.9693591133843706
147.6076076076076,-3.9374490907941064
147.68768768768768,-3.9007268396272194
147.76776776776777,-3.89811164279352
147.84784784784785,-3.8325474188339954
147.92792792792793,-3.8346137476552276
148.008008008008,-3.749135560384154
148.08808808808809,-3.705013937723646
148.16816816816817,-3.6721767216942247
148.24824824824825,-3.6333667790992727
148.32832832832833,-3.5781311164212437
148.4084084084084,-3.536401544877692
148.48848848848849,-3.47623176504644
148.56856856856857,-3.406165050065501
148.64864864864865,-3.3761084316968573
148.72872872872873,-3.339344218806034
148.8088088088088,-3.251959557213837
148.88888888888889,-3.2074529278160955
148.96896896896897,-3.1172674083311764
149.04904904904905,-3.036864506365942
149.12912912912913,-2.990456305844098
149.2092092092092,-2.9113812577138574
149.2892892892893,-2.8510388464647805
149.36936936936937,-2.781260879100449
149.44944944944945,-2.7125309146575973
149.52952952952953,-2.6102312403316033
149.6096096096096,-2.5467240130042366
149.6896896896897,-2.4816970996576684
149.76976976976977,-2.3871747341439673
149.84984984984985,-2.3166162226785563
149.92992992992993,-2.226370642340212
150.01001001001,-2.1206750126091753
150.0900900900901,-2.0419041244981093
150.17017017017017,-1.9620637148992843
150.25025025025025,-1.879104139659732
150.33033033033033,-1.7801282563804208
150.4104104104104,-1.6996046411123753
150.4904904904905,-1.607015098334354
150.57057057057057,-1.5283600414997434
150.65065065065065,-1.461236566039962
150.73073073073073,-1.3643867488276056
150.8108108108108,-1.2735115754442807
150.8908908908909,-1.1904668622270764
150.97097097097097,-1.093001231560012
151.05105105105105,-1.0081133802784794
151.13113113113113,-0.9395612699143772
151.2112112112112,-0.8555584548893339
151.2912912912913,-0.7677120551685924
151.37137137137137,-0.6966199284035498
151.45145145145145,-0.6165584577136126
151.53153153153153,-0.5453076722471862
151.6116116116116,-0.48786148803362434
151.6916916916917,-0.4143587800737791
151.77177177177177,-0.3526410537157288
151.85185185185185,-0.29521161483380987
151.93193193193193,-0.24220325382688923
152.012012012012,-0.18830899008784477
152.0920920920921,-0.16100768660861814
152.17217217217217,-0.11264961068186098
152.25225225225225,-0.08246734498387517
152.33233233233233,-0.05279423766209653
152.4124124124124,-0.03751467130573218
152.4924924924925,-0.026832071009924324
152.57257257257257,-0.020272950049788324
152.65265265265265,-0.018476986498738975
152.73273273273273,-0.02898667438671556
152.8128128128128,-0.029331737473899003
152.8928928928929,-0.049941504708806525
152.97297297297297,-0.07267865065375002
153.05305305305305,-0.11292522652403125
153.13313313313313,-0.1424215408731028
153.2132132132132,-0.18408568511064313
153.2932932932933,-0.22787365306306662
153.37337337337337,-0.2816461256033137
153.45345345345345,-0.3459974788267905
153.53353353353353,-0.39214091833408704
153.6136136136136,-0.46587756437010897
153.6936936936937,-0.5365616001420561
153.77377377377377,-0.6094645484257981
153.85385385385385,-0.6880109732442207
153.93393393393393,-0.7811769337420786
154.014014014014,-0.8524929330443357
154.0940940940941,-0.9384778534950426
154.17417417417417,-1.0244232402458944
154.25425425425425,-1.1040794889721472
154.33433433433433,-1.1867616594117814
154.4144144144144,-1.2862165947588908
154.4944944944945,-1.358674125200743
154.57457457457457,-1.4593767316404935
154.65465465465465,-1.5681112195879756
154.73473473473473,-1.6422445501138658
154.8148148148148,-1.7328425986968847
154.8948948948949,-1.8209513132286064
154.97497497497497,-1.9052879847800002
155.05505505505505,-1.9892069855026462
155.13513513513513,-2.070583905420264
155.2152152152152,-2.160199397459188
155.2952952952953,-2.2391228298067465
155.37537537537537,-2.341998184987654
155.45545545545545,-2.409958756177454
155.53553553553553,-2.472043370716317
155.6156156156156,-2.570444040644533
155.6956956956957,-2.632317872608776
155.77577577577577,-2.697605094540964
155.85585585585585,-2.794281385915046
155.93593593593593,-2.84299140010429
156.016016016016,-2.9063943578639653
156.0960960960961,-2.9763029083510446
156.17617617617617,-3.035912302551134
156.25625625625625,-3.0872890105244744
156.33633633633633,-3.1644387024570952
156.4164164164164,-3.2223025805844716
156.4964964964965,-3.2591097390808956
156.57657657657657,-3.3254620513670687
156.65665665665665,-3.3734208308158147
156.73673673673673,-3.4073092726789027
156.8168168168168,-3.4695214173363316
156.8968968968969,-3.5056475239661666
156.97697697697697,-3.5317901662174105
157.05705705705705,-3.5826895160720427
157.13713713713713,-3.618371378421851
157.2172172172172,-3.653738317547595
157.2972972972973,-3.696986725316953
157.37737737737737,-3.7282562193904347
157.45745745745745,-3.746194163362647
157.53753753753753,-3.780820698370368
157.6176176176176,-3.8038325429394884
157.6976976976977,-3.805833943592331
157.77777777777777,-3.8380850908993644
157.85785785785785,-3.8619868944714724
157.93793793793793,-3.8604060652263312
158.018018018018,-3.8730691704302926
158.0980980980981,-3.88513017413743
158.17817817817817,-3.875453367040129
158.25825825825825,-3.8947828155284667
158.33833833833833,-3.902780471009445
158.4184184184184,-3.8964553543278617
158.4984984984985,-3.886837800336889
158.57857857857857,-3.892985590795871
158.65865865865865,-3.880932422851178
158.73873873873873,-3.860413821766861
158.8188188188188,-3.866776280726058
158.8988988988989,-3.8408777809998704
158.97897897897897,-3.827962403702847
159.05905905905905,-3.827213414072556
159.13913913913913,-3.7974341177419397
159.2192192192192,-3.773757081406383
159.2992992992993,-3.742786640884492
159.37937937937937,-3.7150188157876487
159.45945945945945,-3.674555423341079
159.53953953953953,-3.6585768371393046
159.6196196196196,-3.627261641048878
159.6996996996997,-3.5864145560064067
159.77977977977977,-3.5619393115156215
159.85985985985985,-3.5191329912578575
159.93993993993993,-3.4638844796514485
160.02002002002,-3.4157611534760055
160.1001001001001,-3.3626982395242146
160.18018018018017,-3.3269838065559414
160.26026026026025,-3.2795603146848147
160.34034034034033,-3.237275019933919
160.4204204204204,-3.177050067527376
160.5005005005005,-3.1196855916063386
160.58058058058057,-3.0741300233538382
160.66066066066065,-2.999489656716136
160.74074074074073,-2.9389755832282543
160.8208208208208,-2.8831217926702077
160.9009009009009,-2.8166810770157857
160.98098098098097,-2.7469450227988
161.06106106106105,-2.683564314756168
161.14114114114113,-2.6147952240586556
161.2212212212212,-2.524580257061545
161.3013013013013,-2.4612027487394146
161.38138138138137,-2.392624952075181
161.46146146146145,-2.3175461220999667
161.54154154154153,-2.240601826481571
161.6216216216216,-2.165747906499927
161.7017017017017,-2.0885191136305497
161.78178178178177,-2.011483871508666
161.86186186186185,-1.925168740145959
161.94194194194193,-1.8398492579830585
162.022022022022,-1.7458083948212453
162.1021021021021,-1.6784667763004075
162.18218218218217,-1.5798831673573124
162.26226226226225,-1.5126749955278038
162.34234234234233,-1.4261868711292285
162.42242242242241,-1.3405605114046264
162.5025025025025,-1.254906455435514
162.58258258258257,-1.1811048636253476
162.66266266266265,-1.0906230370179935
162.74274274274273,-1.012019262100915
162.82282282282281,-0.9292025836858194
162.9029029029029,-0.8485377672949704
162.98298298298297,-0.7616760375334112
163.06306306306305,-0.6957517884005773
163.14314314314313,-0.6091220193989172
163.22322322322321,-0.5449908752174212
163.3033033033033,-0.4773816525826784
163.38338338338338,-0.41981037167863033
163.46346346346346,-0.3442665351247722
163.54354354354354,-0.3019738409940008
163.62362362362362,-0.24729486328883105
163.7037037037037,-0.19050545231602878
163.78378378378378,-0.15244634587907596
163.86386386386386,-0.1119016692343712
163.94394394394394,-0.07367392451045707
164.02402402402402,-0.04588196110948023
164.1041041041041,-0.024581211289874828
164.18418418418418,0.0002570868914003139
164.26426426426426,0.015120108460840127
164.34434434434434,0.026227797019840855
164.42442442442442,0.029378436035017386
164.5045045045045,0.01947548737545167
164.58458458458458,0.007793723909955336
164.66466466466466,-0.006546814175015788
164.74474474474474,-0.0387290577801135
164.82482482482482,-0.06096110219469342
164.9049049049049,-0.08994124414642958
164.98498498498498,-0.13417844409719232
165.06506506506506,-0.18018433612077658
165.14514514514514,-0.22535718047335174
165.22522522522522,-0.27716007278309446
165.3053053053053,-0.334826592346604
165.38538538538538,-0.3993214788383943
165.46546546546546,-0.46833871883794176
165.54554554554554,-0.5327307206424686
165.62562562562562,-0.6109851621372577
165.7057057057057,-0.6844479183165708
165.78578578578578,-0.7706598997052807
165.86586586586586,-0.8369743267446501
165.94594594594594,-0.9169093555189876
166.02602602602602,-1.005577546204111
166.1061061061061,-1.0845398597004454
166.18618618618618,-1.159021898602386
166.26626626626626,-1.2500395408429716
166.34634634634634,-1.3282093563859325
166.42642642642642,-1.4194726546628391
166.5065065065065,-1.498540808515929
166.58658658658658,-1.5900753318647056
166.66666666666666,-1.6578948944817422
166.74674674674674,-1.7449661860956358
166.82682682682682,-1.8138148951265731
166.9069069069069,-1.8990167431072107
166.98698698698698,-1.9767655412150507
167.06706706706706,-2.0569078816737894
167.14714714714714,-2.1272395961197095
167.22722722722722,-2.217902954381309
167.3073073073073,-2.283668386555931
167.38738738738738,-2.3542945034351836
167.46746746746746,-2.4126770627936267
167.54754754754754,-2.488603878377849
167.62762762762762,-2.5507328319795746
167.7077077077077,-2.61949271719561
167.78778778778778,-2.685070477231023
167.86786786786786,-2.736176480552656
167.94794794794794,-2.797206972723632
168.02802802802802,-2.8525278502063434
168.1081081081081,-2.9126406045439857
168.18818818818818,-2.9641318711776994
168.26826826826826,-3.012240939728811
168.34834834834834,-3.0461667384213356
168.42842842842842,-3.0984019162001575
168.5085085085085,-3.144101336811861
168.58858858858858,-3.1958310448963685
168.66866866866866,-3.2314915771087365
168.74874874874874,-3.2937809882203086
168.82882882882882,-3.316663137904859
168.9089089089089,-3.362086579959668
168.98898898898898,-3.37774789185518
169.06906906906906,-3.4183521433226605
169.14914914914914,-3.433006829430068
169.22922922922922,-3.473774045431501
169.3093093093093,-3.4916721532736146
169.38938938938938,-3.533471671385073
169.46946946946946,-3.5467264605481836
169.54954954954954,-3.5732166714498828
169.62962962962962,-3.5745132122976786
169.7097097097097,-3.615176510188275
169.78978978978978,-3.6165285989530007
169.86986986986986,-3.638863690287646
169.94994994994994,-3.631243091336592
170.03003003003002,-3.6360442703686533
170.1101101101101,-3.633830383010797
170.19019019019018,-3.639222051799298
170.27027027027026,-3.632702658658615
170.35035035035034,-3.6331724031315895
170.43043043043042,-3.633397980815304
170.5105105105105,-3.629383589367174
170.59059059059058,-3.619159594718569
170.67067067067066,-3.609067471200127
170.75075075075074,-3.5833510169537335
170.83083083083082,-3.569146256499641
170.9109109109109,-3.5583082219492694
170.99099099099098,-3.5374384210925816
171.07107107107106,-3.5234547629652533
171.15115115115114,-3.497641479893851
171.23123123123122,-3.4762104502545492
171.3113113113113,-3.435687717136212
171.39139139139138,-3.4184727144861866
171.47147147147146,-3.3797738416252403
171.55155155155154,-3.3521436964150158
171.63163163163162,-3.320422892105066
171.7117117117117,-3.2806799970384732
171.79179179179178,-3.230953720287455
171.87187187187186,-3.19479476911611
171.95195195195194,-3.1360725509291085
172.03203203203202,-3.092456664917268
172.11211211211213,-3.040587529097198
172.19219219219218,-3.014908010178076
172.2722722722723,-2.9510394734123078
172.35235235235234,-2.9095449102398034
172.43243243243245,-2.841932649633753
172.5125125125125,-2.788666323393416
172.5925925925926,-2.7157025551433893
172.67267267267266,-2.658338720530365
172.75275275275277,-2.5957736515210375
172.83283283283282,-2.5341215921829416
172.91291291291293,-2.4630337185913866
172.99299299299298,-2.4063064429909264
173.0730730730731,-2.330592656545891
173.15315315315314,-2.266267475433617
173.23323323323325,-2.191427315910028
173.3133133133133,-2.1220761038782623
173.3933933933934,-2.0295317992534567
173.47347347347346,-1.9671916917274515
173.55355355355357,-1.8887426276233488
173.63363363363362,-1.8069732443343365
173.71371371371373,-1.7227601707558595
173.79379379379378,-1.6442273759063892
173.8738738738739,-1.565351953234528
173.95395395395394,-1.490227439941331
174.03403403403405,-1.4022402935023948
174.1141141141141,-1.3221313253963645
174.1941941941942,-1.248758396396391
174.27427427427426,-1.1753626092352882
174.35435435435437,-1.0829428357441926
174.43443443443442,-1.0098716672597485
174.51451451451453,-0.9304441090950926
174.59459459459458,-0.8536569834813917
174.6746746746747,-0.7769418172608132
174.75475475475474,-0.7062038594389329
174.83483483483485,-0.6427312511349164
174.9149149149149,-0.5727520071736641
174.994994994995,-0.5071303401521874
175.07507507507506,-0.4344710696756817
175.15515515515517,-0.3801544550943859
175.23523523523522,-0.3177074351514732
175.31531531531533,-0.2577336732600029
175.39539539539538,-0.21067617974940506
175.4754754754755,-0.17770386751609987
175.55555555555554,-0.13401383166726222
175.63563563563565,-0.09882883678890098
175.7157157157157,-0.06559436525072236
175.7957957957958,-0.03269135266073306
175.87587587587586,0.00045644117721782736
175.95595595595597,0.015009665466466472
176.03603603603602,0.03447346162757626
176.11611611611613,0.029799114625615995
176.19619619619618,0.023771246882861547
176.2762762762763,0.025441344755054413
176.35635635635634,0.025390501653374288
176.43643643643645,-0.006019858538540921
176.5165165165165,-0.02588554354403377
176.5965965965966,-0.046510294964459936
176.67667667667666,-0.07596922694271985
176.75675675675677,-0.11026910557800386
176.83683683683682,-0.15104646729567459
176.91691691691693,-0.20375222699691092
176.99699699699698,-0.2463478008226681
177.0770770770771,-0.30525930036081916
177.15715715715714,-0.36714473635275274
177.23723723723725,-0.4199210300455475
177.3173173173173,-0.47697786937457926
177.3973973973974,-0.5508666103783744
177.47747747747746,-0.6135819065258928
177.55755755755757,-0.6860604652643038
177.63763763763762,-0.7613459577030757
177.71771771771773,-0.8321223279762978
177.79779779779778,-0.9070707207436572
177.8778778778779,-0.9892341312009713
177.95795795795794,-1.0627790034828648
178.03803803803805,-1.1333722752107194
178.1181181181181,-1.2178793826148562
178.1981981981982,-1.2862838850356064
178.27827827827826,-1.3560659559210582
178.35835835835837,-1.441436580642518
178.43843843843842,-1.5098865897757576
178.51851851851853,-1.578151564406582
178.59859859859858,-1.657076097396316
178.6786786786787,-1.731780006065518
178.75875875875874,-1.805681900455575
178.83883883883885,-1.8804283354046625
178.9189189189189,-1.95002432622792
178.998998998999,-2.0172264812373486
179.07907907907907,-2.0859375324659295
179.15915915915917,-2.1473058715129962
179.23923923923923,-2.213369589097595
179.31931931931933,-2.2836513782105863
179.39939939939939,-2.338427831373909
179.4794794794795,-2.3953160013361527
179.55955955955955,-2.470434136554872
179.63963963963965,-2.5366383229331504
179.7197197197197,-2.584331517036585
179.7997997997998,-2.62875919139481
179.87987987987987,-2.6787177512284415
179.95995995995997,-2.7287582544029694
180.04004004004003,-2.7780807355421357
180.12012012012013,-2.82894370487451
180.2002002002002,-2.875252270010897
180.2802802802803,-2.925387412584204
180.36036036036035,-2.972928090095113
180.44044044044045,-3.0046427343073505
180.5205205205205,-3.046767154006726
180.60060060060061,-3.0897764922626667
180.68068068068067,-3.1202827142654246
180.76076076076077,-3.151473541704439
180.84084084084083,-3.178933079720928
180.92092092092093,-3.2029162942169465
181.001001001001,-3.228733063895222
181.0810810810811,-3.2633826564484187
181.16116116116115,-3.2873115315392574
181.24124124124126,-3.3072894961378796
181.3213213213213,-3.3234331563809394
181.40140140140142,-3.3394357519822875
181.48148148148147,-3.3619831915966714
181.56156156156158,-3.3740395665190897
181.64164164164163,-3.3875621372589353
181.72172172172174,-3.3972034441851355
181.8018018018018,-3.4007522092093536
181.8818818818819,-3.406781119041614
181.96196196196195,-3.41827249996426
182.04204204204206,-3.4295243694640876
182.1221221221221,-3.4237345444005065
182.20220220220222,-3.4146414067914748
182.28228228228227,-3.405393275450256
182.36236236236238,-3.404702952735516
182.44244244244243,-3.402897938196121
182.52252252252254,-3.3919273009501887
182.6026026026026,-3.378321933661942
182.6826826826827,-3.3702773937859116
182.76276276276275,-3.3591541929476154
182.84284284284286,-3.3342551695612155
182.9229229229229,-3.3164373198447663
183.00300300300302,-3.2984556240308502
183.08308308308307,-3.265749485702965
183.16316316316318,-3.237730587458426
183.24324324324323,-3.2057844495053507
183.32332332332334,-3.1806579233589343
183.4034034034034,-3.155014631960661
183.4834834834835,-3.113205434798237
183.56356356356355,-3.0734502189501676
183.64364364364366,-3.03453411146829
183.7237237237237,-3.005574386359076
183.80380380380382,-2.9597867329933236
183.88388388388387,-2.9115018563233543
183.96396396396398,-2.8728738045754962
184.04404404404403,-2.8225771656653467
184.12412412412414,-2.7678783574449075
184.2042042042042,-2.7159071160636667
184.2842842842843,-2.661605878454342
184.36436436436435,-2.6078848758731694
184.44444444444446,-2.5514102485522114
184.5245245245245,-2.4923106961462693
184.60460460460462,-2.428867523852313
184.68468468468467,-2.377322885149283
184.76476476476478,-2.3101225339899054
184.84484484484483,-2.2370138482362822
184.92492492492494,-2.17853979059972
185.005005005005,-2.1130060290706556
185.0850850850851,-2.0421860362527786
185.16516516516515,-1.9762828280115459
185.24524524524526,-1.8937842926277102
185.3253253253253,-1.8114957725499503
185.40540540540542,-1.7399465779646952
185.48548548548547,-1.6760507071654873
185.56556556556558,-1.6003895747389179
185.64564564564563,-1.5237226060996794
185.72572572572574,-1.4472114643389034
185.8058058058058,-1.3676778005336687
185.8858858858859,-1.2975161568644016
185.96596596596595,-1.217654831100428
186.04604604604606,-1.142100449851827
186.1261261261261,-1.0740087406874166
186.20620620620622,-1.00469976241307
186.28628628628627,-0.9289152768715387
186.36636636636638,-0.8579344526085627
186.44644644644643,-0.7803239452127866
186.52652652652654,-0.7029121301704365
186.6066066066066,-0.6397685191546164
186.6866866866867,-0.5747326810223083
186.76676676676675,-0.5147096452169974
186.84684684684686,-0.45909836932719156
186.9269269269269,-0.3964248726925202
187.00700700700702,-0.34049540149577556
187.08708708708707,-0.2955413502711245
187.16716716716718,-0.23939077605114176
187.24724724724723,-0.18779592492522987
187.32732732732734,-0.16086746940890873
187.4074074074074,-0.12070430213296518
187.4874874874875,-0.09052278534847825
187.56756756756755,-0.06984869103779764
187.64764764764766,-0.03778943755673671
187.7277277277277,-0.010870799866455443
187.80780780780782,-0.0005415122237118859
187.88788788788787,0.012385471386970798
187.96796796796798,0.014576798356897232
188.04804804804803,-0.0022198008422346475
188.12812812812814,-0.0066020180745358925
188.2082082082082,-0.011524164636675797
188.2882882882883,-0.025182485320388772
188.36836836836835,-0.03861476885841968
188.44844844844846,-0.062029368614206715
188.5285285285285,-0.10313088978263975
188.60860860860862,-0.1419447594791699
188.68868868868867,-0.17492174303202945
188.76876876876878,-0.2248174264079041
188.84884884884883,-0.26645535913115426
188.92892892892894,-0.31132741905702443
189.009009009009,-0.3731399770229963
189.0890890890891,-0.4290624119594123
189.16916916916915,-0.476776373531371
189.24924924924926,-0.5496306719706879
189.3293293293293,-0.6092617420868902
189.40940940940942,-0.6672033489575352
189.48948948948947,-0.7426460892317113
189.56956956956958,-0.7982187485088482
189.64964964964963,-0.8619065389585848
189.72972972972974,-0.943424745538332
189.8098098098098,-1.0134724380577032
189.8898898898899,-1.0763068858064018
189.96996996996995,-1.1521885084946368
190.05005005005006,-1.2208849180368493
190.1301301301301,-1.2884113746922423
190.21021021021022,-1.3667059963337118
190.29029029029027,-1.4277987048533942
190.37037037037038,-1.4940560058919046
190.45045045045043,-1.5758190982180273
190.53053053053054,-1.6438167670110986
190.6106106106106,-1.706303938672482
190.6906906906907,-1.7731691526013946
190.77077077077075,-1.8372553391387958
190.85085085085086,-1.897946769374101
190.9309309309309,-1.9616725931710903
191.01101101101102,-2.0227316814528935
191.09109109109107,-2.085499846138769
191.17117117117118,-2.154090422562035
191.25125125125123,-2.211608327948809
191.33133133133134,-2.2552440071246864
191.41141141141142,-2.3098899514847724
191.4914914914915,-2.3687051180673895
191.57157157157158,-2.421270171344793
191.65165165165166,-2.475409809256568
191.73173173173174,-2.524706034313856
191.81181181181182,-2.568196071030657
191.8918918918919,-2.6154783978733387
191.97197197197198,-2.657340485335155
192.05205205205206,-2.6916444012801057
192.13213213213214,-2.7478598392910616
192.21221221221222,-2.792286547034371
192.2922922922923,-2.8267478861925848
192.37237237237238,-2.866894805361786
192.45245245245246,-2.894168596052757
192.53253253253254,-2.927908617260023
192.61261261261262,-2.977528439178697
192.6926926926927,-2.9978530358837827
192.77277277277278,-3.0245649905540657
192.85285285285286,-3.050185996268829
192.93293293293294,-3.081025939787734
193.01301301301302,-3.091967864909097
193.0930930930931,-3.115013536101643
193.17317317317318,-3.1383635722652197
193.25325325325326,-3.153402834667303
193.33333333333334,-3.166156503062723
193.41341341341342,-3.1821110447032783
193.4934934934935,-3.1866342180924763
193.57357357357358,-3.209283812354172
193.65365365365366,-3.2182834166474397
193.73373373373374,-3.2194162127131793
193.81381381381382,-3.224962578651765
193.8938938938939,-3.229792411413867
193.97397397397398,-3.226937652228079
194.05405405405406,-3.2165559138361113
194.13413413413414,-3.2207428264306386
194.21421421421422,-3.2155217248345713
194.2942942942943,-3.204542758511998
194.37437437437438,-3.189338916885875
194.45445445445446,-3.1757764475143593
194.53453453453454,-3.168928989604024
194.61461461461462,-3.156509004206642
194.6946946946947,-3.1193783104241755
194.77477477477478,-3.103015160725907
194.85485485485486,-3.088168197597154
194.93493493493494,-3.072025642489219
195.01501501501502,-3.040926695375902
195.0950950950951,-3.0163980204529914
195.17517517517518,-2.97502218895944
195.25525525525526,-2.9436761623852563
195.33533533533534,-2.9100123069118053
195.41541541541542,-2.878156765565886
195.4954954954955,-2.838742784760847
195.57557557557558,-2.8202901259631754
195.65565565565566,-2.780215380339845
195.73573573573574,-2.7272486372547458
195.81581581581582,-2.683055190661741
195.8958958958959,-2.641119000259001
195.97597597597598,-2.5978998507864484
196.05605605605606,-2.5434994098986876
196.13613613613614,-2.493316101724806
196.21621621621622,-2.43947602501757
196.2962962962963,-2.397450030092095
196.37637637637638,-2.332458818983745
196.45645645645646,-2.2762410356187477
196.53653653653654,-2.2131006851361947
196.61661661661662,-2.154438022942524
196.6966966966967,-2.091893893634589
196.77677677677679,-2.025609701129038
196.85685685685687,-1.9649848384511852
196.93693693693695,-1.9083603930859676
197.01701701701703,-1.8369219984184284
197.0970970970971,-1.7651872776139241
197.17717717717719,-1.7022701752362512
197.25725725725727,-1.6449420573102407
197.33733733733735,-1.5728751615807128
197.41741741741743,-1.4892853875678917
197.4974974974975,-1.4171197979107848
197.57757757757759,-1.3469510490645034
197.65765765765767,-1.2846412005010972
197.73773773773775,-1.2207333765697888
197.81781781781783,-1.141891655877306
197.8978978978979,-1.0656558177456872
197.977977977978,-1.0057901772338895
198.05805805805807,-0.9404487795739602
198.13813813813815,-0.8624696063168027
198.21821821821823,-0.798512403713231
198.2982982982983,-0.725062174243649
198.3783783783784,-0.6672611663972728
198.45845845845847,-0.6070127886899416
198.53853853853855,-0.5491667786650101
198.61861861861863,-0.4905064011431646
198.6986986986987,-0.43198721157788555
198.7787787787788,-0.375321677066323
198.85885885885887,-0.3290370874713812
198.93893893893895,-0.2893464073856395
199.01901901901903,-0.2413325289318453
199.0990990990991,-0.1959903112416325
199.1791791791792,-0.16812154507411484
199.25925925925927,-0.1348203610699083
199.33933933933935,-0.09962529194186602
199.41941941941943,-0.06994395645972296
199.4994994994995,-0.05236787345348641
199.5795795795796,-0.038737191164187966
199.65965965965967,-0.03512351528264871
199.73973973973975,-0.023397123924042723
199.81981981981983,-0.01930485903245604
199.8998998998999,-0.017456170066136242
199.97997997998,-0.03291142956647372
200.06006006006007,-0.03612804830190089
200.14014014014015,-0.04639446950825973
200.22022022022023,-0.08585018194255101
200.3003003003003,-0.10481850894056532
200.3803803803804,-0.1353024424253702
200.46046046046047,-0.16478007265445127
200.54054054054055,-0.18858469113996618
200.62062062062063,-0.2268876565839692
200.7007007007007,-0.2817612685326109
200.7807807807808,-0.32018728631175913
200.86086086086087,-0.3737184062492751
200.94094094094095,-0.4220006698965715
201.02102102102103,-0.4780520857379791
201.1011011011011,-0.5324646631422972
201.1811811811812,-0.5939131462390562
201.26126126126127,-0.6525905894091013
201.34134134134135,-0.7100257980214674
201.42142142142143,-0.7768675472836859
201.5015015015015,-0.8366238090848324
201.5815815815816,-0.8990308122371478
201.66166166166167,-0.9648163616935996
201.74174174174175,-1.0224939070278847
201.82182182182183,-1.1040965565780967
201.9019019019019,-1.1620248039305552
201.981981981982,-1.2343115272908003
202.06206206206207,-1.293097100567089
202.14214214214215,-1.3612577941606274
202.22222222222223,-1.4149749055520384
202.3023023023023,-1.4939995856323565
202.3823823823824,-1.5528222413415016
202.46246246246247,-1.6135544415194245
202.54254254254255,-1.683421231778958
202.62262262262263,-1.7393436665470414
202.7027027027027,-1.8149899937627314
202.7827827827828,-1.8793379591400472
202.86286286286287,-1.939903436052361
202.94294294294295,-1.9979806458360174
203.02302302302303,-2.0575867597173016
203.1031031031031,-2.116279319684739
203.1831831831832,-2.17034860816834
203.26326326326327,-2.2219410222514453
203.34334334334335,-2.2807178518402496
203.42342342342343,-2.3300669160239202
203.5035035035035,-2.3758759189482355
203.5835835835836,-2.4380063875949856
203.66366366366367,-2.490316798209614
203.74374374374375,-2.555350010413113
203.82382382382383,-2.589036726533586
203.9039039039039,-2.6289443505777697
203.983983983984,-2.6705824165012904
204.06406406406407,-2.717036123528413
204.14414414414415,-2.763843808378865
204.22422422422423,-2.789058826649558
204.3043043043043,-2.8334973042529206
204.3843843843844,-2.8718624116642735
204.46446446446447,-2.8869568891099373
204.54454454454455,-2.9278010833501806
204.62462462462463,-2.9518807084028245
204.7047047047047,-2.9829247986533516
204.7847847847848,-2.9987294889027543
204.86486486486487,-3.0314652492616547
204.94494494494495,-3.03840355637619
205.02502502502503,-3.0717518226677747
205.1051051051051,-3.0894182877895506
205.1851851851852,-3.1068435447714693
205.26526526526527,-3.1200222729515104
205.34534534534535,-3.1342714513195196
205.42542542542543,-3.144716854036476
205.5055055055055,-3.153390197449265
205.5855855855856,-3.16966893492283
205.66566566566567,-3.169902925366353
205.74574574574575,-3.1782516560365495
205.82582582582583,-3.165327980317063
205.9059059059059,-3.187996455737663
205.985985985986,-3.162166347401498
206.06606606606607,-3.1867313201849874
206.14614614614615,-3.162420582391735
206.22622622622623,-3.1637425555312046
206.3063063063063,-3.1229495640873415
206.3863863863864,-3.1351895240374814
206.46646646646647,-3.107456203598653
206.54654654654655,-3.1114512592570875
206.62662662662663,-3.068631852612855
206.7067067067067,-3.0790266090985154
206.7867867867868,-3.021598258457973
206.86686686686687,-3.0228136781598467
206.94694694694695,-2.9793839499702974
207.02702702702703,-2.9683932125374004
207.1071071071071,-2.9154726492580996
207.1871871871872,-2.9039584681319632
207.26726726726727,-2.863961483178084
207.34734734734735,-2.8299785455115734
207.42742742742743,-2.804290075980859
207.5075075075075,-2.749771961214738
207.5875875875876,-2.7110134116000775
207.66766766766767,-2.6719035619307085
207.74774774774775,-2.6298742436490086
207.82782782782783,-2.5830017594699615
207.9079079079079,-2.5354351516879556
207.987987987988,-2.481650992918864
208.06806806806807,-2.423110505055127
208.14814814814815,-2.3646650322637086
208.22822822822823,-2.3286060570582663
208.3083083083083,-2.236971485210538
208.3883883883884,-2.218377759039444
208.46846846846847,-2.122820612826363
208.54854854854855,-2.1011715864469975
208.62862862862863,-2.000665117905266
208.7087087087087,-1.986156298349089
208.7887887887888,-1.8847538494035445
208.86886886886887,-1.8511495786224825
208.94894894894895,-1.755412305691136
209.02902902902903,-1.7120310882474634
209.1091091091091,-1.630601405359864
209.1891891891892,-1.5790738399006405
209.26926926926927,-1.4665481855061222
209.34934934934935,-1.461932414292019
209.42942942942943,-1.3339005561945279
209.5095095095095,-1.3085483429120959
209.5895895895896,-1.1871320018391092
209.66966966966967,-1.180114109521323
209.74974974974975,-1.0590248992479028
209.82982982982983,-1.0373615170439168
209.9099099099099,-0.90958270686439
209.98998998999,-0.8770590132004589
210.07007007007007,-0.7837672733903788
210.15015015015015,-0.7491319979687419
210.23023023023023,-0.6548746014593666
210.3103103103103,-0.6341192973962475
210.3903903903904,-0.5469729612528748
210.47047047047047,-0.5129489597671335
210.55055055055055,-0.4215740380339701
210.63063063063063,-0.40629315570105995
210.7107107107107,-0.33047967587485005
210.7907907907908,-0.31338571082745736
210.87087087087087,-0.2513037874018699
210.95095095095095,-0.23204639266168647
211.03103103103103,-0.18495342837153725
211.11111111111111,-0.15264034727836898
211.1911911911912,-0.1115037467748417
211.27127127127127,-0.08700881482708153
211.35135135135135,-0.05780784096694995
211.43143143143143,-0.06377407504846336
211.51151151151151,-0.04234331071997986
211.5915915915916,-0.03801200728214607
211.67167167167167,-0.01985927806089127
211.75175175175175,-0.040472158695077365
211.83183183183183,-0.0396864695941109
211.91191191191191,-0.03470902295748479
211.991991991992,-0.07832433840895693
212.07207207207207,-0.07540184761053226
212.15215215215215,-0.12254330060824745
212.23223223223223,-0.13264381250195412
212.31231231231232,-0.1784258289151427
212.3923923923924,-0.1885711369262393
212.47247247247248,-0.24797420393586078
212.55255255255256,-0.27742501263146585
212.63263263263264,-0.3248832053839043
212.71271271271272,-0.36360140560420334
212.7927927927928,-0.4261294971180329
212.87287287287288,-0.4752388104460818
212.95295295295296,-0.5246940005880772
213.03303303303304,-0.5692052626839559
213.11311311311312,-0.629393361204157
213.1931931931932,-0.6937163184321565
213.27327327327328,-0.7538075792039884
213.35335335335336,-0.813096825319256
213.43343343343344,-0.8891433328359385
213.51351351351352,-0.9352579837584675
213.5935935935936,-1.0056275555783982
213.67367367367368,-1.0438740012101784
213.75375375375376,-1.1253700932320534
213.83383383383384,-1.2026743771426862
213.91391391391392,-1.2564474657450937
213.993993993994,-1.3192943481764028
214.07407407407408,-1.3918486082657424
214.15415415415416,-1.4494455887312518
214.23423423423424,-1.5203958851814208
214.31431431431432,-1.567715633741688
214.3943943943944,-1.6314426428734383
214.47447447447448,-1.6971905755682293
214.55455455455456,-1.7773786581728046
214.63463463463464,-1.8383087209139526
214.71471471471472,-1.8750343175864668
214.7947947947948,-1.958268276845328
214.87487487487488,-2.0007888400802085
214.95495495495496,-2.0639957596489458
215.03503503503504,-2.121028810950042
215.11511511511512,-2.1777843961264436
215.1951951951952,-2.227492252911325
215.27527527527528,-2.292083100199088
215.35535535535536,-2.328315266102307
215.43543543543544,-2.3924944987164003
215.51551551551552,-2.440138387750791
215.5955955955956,-2.496503889379326
215.67567567567568,-2.514951709938312
215.75575575575576,-2.5991666570111236
215.83583583583584,-2.603051542550522
215.91591591591592,-2.6590782837959264
215.995995995996,-2.6998503424048095
216.07607607607608,-2.7431044735932426
216.15615615615616,-2.765774962475665
216.23623623623624,-2.826216304635488
216.31631631631632,-2.8378065788114
216.3963963963964,-2.875434671515785
216.47647647647648,-2.886606263880063
216.55655655655656,-2.957695442225413
216.63663663663664,-2.9448558577851354
216.71671671671672,-3.0120476537741547
216.7967967967968,-3.009939641676109
216.87687687687688,-3.0318343097075324
216.95695695695696,-3.067778523603244
217.03703703703704,-3.078573703142182
217.11711711711712,-3.05924752815702
217.1971971971972,-3.09799288878472
217.27727727727728,-3.118098178655946
217.35735735735736,-3.103746438178586
217.43743743743744,-3.1000296098788724
217.51751751751752,-3.121343761619226
217.5975975975976,-3.123225055932339
217.67767767767768,-3.138507583639772
217.75775775775776,-3.1117967586740476
217.83783783783784,-3.109059854545082
217.91791791791792,-3.1175738088045244
217.997997997998,-3.116304286941157
218.07807807807808,-3.0905911417970984
218.15815815815816,-3.093636807710091
218.23823823823824,-3.0576410222009875
218.31831831831832,-3.04181558027836
218.3983983983984,-3.033558975351893
218.47847847847848,-3.0403735472487106
218.55855855855856,-2.9864492147144848
218.63863863863864,-2.9886847038726247
218.71871871871872,-2.9596863464582506
218.7987987987988,-2.926574208251861
218.87887887887888,-2.883938772736155
218.95895895895896,-2.859681764924263
219.03903903903904,-2.84082457587422
219.11911911911912,-2.8098670923168365
219.1991991991992,-2.7730514232118204
219.27927927927928,-2.6955680084842233
219.35935935935936,-2.657035431550351
219.43943943943944,-2.65586943581131
219.51951951951952,-2.5970083613531507
219.5995995995996,-2.578167914129385
219.67967967967968,-2.5204073831982448
219.75975975975976,-2.4771873862029796
219.83983983983984,-2.430683370885023
219.91991991991992,-2.3574980893064748
220.0,-2.3023792933643
