freq,trans_dB
140.0,-1.502312371044656
140.08008008008008,-1.4553459173003163
140.16016016016016,-1.4280827631488016
140.24024024024024,-1.3573903522716961
140.32032032032032,-1.3042362101123046
140.4004004004004,-1.233353453626535
140.48048048048048,-1.1854661199931367
140.56056056056056,-1.1354819193217498
140.64064064064064,-1.1074892803356515
140.72072072072072,-1.068926435555926
140.8008008008008,-1.0289523508936202
140.88088088088088,-0.9908701469832452
140.96096096096096,-0.9694850624326438
141.04104104104104,-0.9648839155503912
141.12112112112112,-0.9667158192022172
141.2012012012012,-0.9612967261220634
141.28128128128128,-0.9622990081528021
141.36136136136136,-0.9704428101698948
141.44144144144144,-0.9852354952941419
141.52152152152152,-1.0015774460725104
141.6016016016016,-1.0286215738320224
141.68168168168168,-1.0663829487217982
141.76176176176176,-1.1058140433109678
141.84184184184184,-1.144047812336211
141.92192192192192,-1.1837124076936372
142.002002002002,-1.2401131314822067
142.08208208208208,-1.2962449362901642
142.16216216216216,-1.357845284351793
142.24224224224224,-1.416649609040641
142.32232232232232,-1.4853124116261198
142.4024024024024,-1.5615076208874468
142.48248248248248,-1.639916956330004
142.56256256256256,-1.714534469738507
142.64264264264264,-1.7971240389209346
142.72272272272272,-1.8752588964576367
142.8028028028028,-1.9643740062232768
142.88288288288288,-2.0343562863959717
142.96296296296296,-2.121013526218916
143.04304304304304,-2.199476981778962
143.12312312312312,-2.297619966780559
143.2032032032032,-2.375046220869685
143.28328328328328,-2.469996045770114
143.36336336336336,-2.545712845518676
143.44344344344344,-2.6454484547689856
143.52352352352352,-2.71505517429318
143.6036036036036,-2.8106039866240127
143.68368368368368,-2.8829603124282595
143.76376376376376,-2.9866754207324875
143.84384384384384,-3.065866123441975
143.92392392392392,-3.1578393475717284
144.004004004004,-3.2326127155309745
144.08408408408408,-3.3140448738524086
144.16416416416416,-3.387244105673911
144.24424424424424,-3.4633329368763333
144.32432432432432,-3.5350935971511728
144.4044044044044,-3.6122563630789237
144.48448448448448,-3.6840923365785114
144.56456456456456,-3.7576920502430857
144.64464464464464,-3.820438712198707
144.72472472472472,-3.886723420240824
144.8048048048048,-3.9647689891129057
144.88488488488488,-4.0230319531163685
144.96496496496496,-4.091386116881595
145.04504504504504,-4.129464157058116
145.12512512512512,-4.198199142863668
145.2052052052052,-4.241759680260567
145.28528528528528,-4.3066203964320025
145.36536536536536,-4.347782518658253
145.44544544544544,-4.398468355517154
145.52552552552552,-4.43731933478181
145.6056056056056,-4.4900851854649035
145.68568568568568,-4.524812974993566
145.76576576576576,-4.575802102820122
145.84584584584584,-4.604905006153666
145.92592592592592,-4.647393367848494
146.006006006006,-4.664926681729045
146.08608608608608,-4.695587961726262
146.16616616616616,-4.713533013781406
146.24624624624624,-4.738523193739963
146.32632632632632,-4.755917752600329
146.4064064064064,-4.7833770277773215
146.48648648648648,-4.8112943571120415
146.56656656656656,-4.841059073114037
146.64664664664664,-4.848514264742402
146.72672672672672,-4.855444247633004
146.8068068068068,-4.867324297029257
146.88688688688688,-4.880494002735973
146.96696696696696,-4.889870444808309
147.04704704704704,-4.885951269563654
147.12712712712712,-4.886754951573513
147.2072072072072,-4.8822983026519475
147.28728728728728,-4.8733950683881995
147.36736736736736,-4.860337977306732
147.44744744744744,-4.853691087747415
147.52752752752752,-4.849378920056528
147.6076076076076,-4.846519823439392
147.68768768768768,-4.827599102547308
147.76776776776777,-4.819650967966531
147.84784784784785,-4.797301271164345
147.92792792792793,-4.785501601028835
148.008008008008,-4.7535484584679635
148.08808808808809,-4.725317992877175
148.16816816816817,-4.689715874802118
148.24824824824825,-4.663263215792609
148.32832832832833,-4.6366395358184915
148.4084084084084,-4.60714773363273
148.48848848848849,-4.565813961759236
148.56856856856857,-4.519233949581131
148.64864864864865,-4.474640753745977
148.72872872872873,-4.439584468049062
148.8088088088088,-4.40542958285992
148.88888888888889,-4.360920844691038
148.96896896896897,-4.3049079961905266
149.04904904904905,-4.245976604582507
149.12912912912913,-4.191668575017839
149.2092092092092,-4.13090499996657
149.2892892892893,-4.073693383847024
149.36936936936937,-4.0102969090682885
149.44944944944945,-3.955949330436549
149.52952952952953,-3.893460313970619
149.6096096096096,-3.830773522944123
149.6896896896897,-3.7702223513673925
149.76976976976977,-3.7105584564078646
149.84984984984985,-3.6462051246277634
149.92992992992993,-3.57499160999645
150.01001001001,-3.493204025201252
150.0900900900901,-3.413267570861003
150.17017017017017,-3.3299820083226463
150.25025025025025,-3.258291217594803
150.33033033033033,-3.180416109249038
150.4104104104104,-3.098978011149771
150.4904904904905,-3.012188447956685
150.57057057057057,-2.9267699242415133
150.65065065065065,-2.8525628352668173
150.73073073073073,-2.7796807462751283
150.8108108108108,-2.702792281393708
150.8908908908909,-2.6201595825550723
150.97097097097097,-2.5316791895605895
151.05105105105105,-2.4450538366979084
151.13113113113113,-2.356530614866549
151.2112112112112,-2.2744974058845586
151.2912912912913,-2.1922078076926685
151.37137137137137,-2.1111203152524305
151.45145145145145,-2.031856882606881
151.53153153153153,-1.9579413637628496
151.6116116116116,-1.890786071500271
151.6916916916917,-1.8188159621976465
151.77177177177177,-1.7430200971802376
151.85185185185185,-1.6616912536040533
151.93193193193193,-1.5886644092343112
152.012012012012,-1.5201943237946833
152.0920920920921,-1.461652179829177
152.17217217217217,-1.4070589211527642
152.25225225225225,-1.356141493688099
152.33233233233233,-1.3056315596920085
152.4124124124124,-1.2601530531204084
152.4924924924925,-1.22311993096311
152.57257257257257,-1.190275609769185
152.65265265265265,-1.1631577677615876
152.73273273273273,-1.1391133134626452
152.8128128128128,-1.1206220797285378
152.8928928928929,-1.1080190882357184
152.97297297297297,-1.103955919551276
153.05305305305305,-1.1070103045616013
153.13313313313313,-1.114675583690514
153.2132132132132,-1.1223268003240516
153.2932932932933,-1.136529701241534
153.37337337337337,-1.1543217245465163
153.45345345345345,-1.1839393879752638
153.53353353353353,-1.212933508298239
153.6136136136136,-1.251745849853904
153.6936936936937,-1.2904689219895176
153.77377377377377,-1.339014099254203
153.85385385385385,-1.3870845889451549
153.93393393393393,-1.4475804181547396
154.014014014014,-1.50575553576099
154.0940940940941,-1.5713834759612966
154.17417417417417,-1.6300151568225856
154.25425425425425,-1.6965635375211467
154.33433433433433,-1.7622876373835974
154.4144144144144,-1.837701504031884
154.4944944944945,-1.9083508255462573
154.57457457457457,-1.986116712069821
154.65465465465465,-2.0684108227503155
154.73473473473473,-2.156108108296208
154.8148148148148,-2.239237656120633
154.8948948948949,-2.320098508712435
154.97497497497497,-2.402307301203391
155.05505505505505,-2.488583818965464
155.13513513513513,-2.5656308553789993
155.2152152152152,-2.647835929937458
155.2952952952953,-2.7276173810340842
155.37537537537537,-2.819719051985826
155.45545545545545,-2.907123411643183
155.53553553553553,-2.9907139366434574
155.6156156156156,-3.0731578154459207
155.6956956956957,-3.150450670786445
155.77577577577577,-3.2276381151460445
155.85585585585585,-3.306646381421601
155.93593593593593,-3.3831620052775397
156.016016016016,-3.4603955805353337
156.0960960960961,-3.53110913320385
156.17617617617617,-3.6041530925506193
156.25625625625625,-3.6755538894404225
156.33633633633633,-3.7466749899122274
156.4164164164164,-3.8194311474376508
156.4964964964965,-3.8846874696874045
156.57657657657657,-3.94927680803109
156.65665665665665,-4.009648941824237
156.73673673673673,-4.072254537520316
156.8168168168168,-4.131764665448978
156.8968968968969,-4.191274350660091
156.97697697697697,-4.246684669682443
157.05705705705705,-4.303031806010085
157.13713713713713,-4.35176894154813
157.2172172172172,-4.402226860020868
157.2972972972973,-4.447893076287801
157.37737737737737,-4.495433545548001
157.45745745745745,-4.540757326971831
157.53753753753753,-4.586478821160658
157.6176176176176,-4.6262162566408085
157.6976976976977,-4.663054894208598
157.77777777777777,-4.693429822876038
157.85785785785785,-4.730104389625768
157.93793793793793,-4.759924859352042
158.018018018018,-4.787651538933853
158.0980980980981,-4.810113305890752
158.17817817817817,-4.82767266337992
158.25825825825825,-4.853018093212103
158.33833833833833,-4.8773628723262155
158.4184184184184,-4.903308517051057
158.4984984984985,-4.91642232971738
158.57857857857857,-4.924870998381836
158.65865865865865,-4.93654949313412
158.73873873873873,-4.943106242173899
158.8188188188188,-4.954212472548378
158.8988988988989,-4.960212872003851
158.97897897897897,-4.965191284746985
159.05905905905905,-4.968761875106301
159.13913913913913,-4.96355052231084
159.2192192192192,-4.96226901962178
159.2992992992993,-4.949829077845585
159.37937937937937,-4.945861903362017
159.45945945945945,-4.9289503705902495
159.53953953953953,-4.91648094707229
159.6196196196196,-4.894606532022591
159.6996996996997,-4.875664270593597
159.77977977977977,-4.854027189081517
159.85985985985985,-4.837639176368094
159.93993993993993,-4.815792276809732
160.02002002002,-4.790455455941356
160.1001001001001,-4.752049764359417
160.18018018018017,-4.7202420664132605
160.26026026026025,-4.68477079703723
160.34034034034033,-4.65553403776775
160.4204204204204,-4.6167715607285675
160.5005005005005,-4.5722149250682484
160.58058058058057,-4.527425634819624
160.66066066066065,-4.480571831483013
160.74074074074073,-4.436099699976931
160.8208208208208,-4.392382131602338
160.9009009009009,-4.346107838999878
160.98098098098097,-4.296030342001014
161.06106106106105,-4.240250198599405
161.14114114114113,-4.181865891966578
161.2212212212212,-4.118368948617604
161.3013013013013,-4.051459095352036
161.38138138138137,-3.988770388850969
161.46146146146145,-3.9253133428415725
161.54154154154153,-3.8620493997310614
161.6216216216216,-3.792813449869038
161.7017017017017,-3.728273092719308
161.78178178178177,-3.6627268225412157
161.86186186186185,-3.59236922057463
161.94194194194193,-3.5175686103697834
162.022022022022,-3.4370441442826554
162.1021021021021,-3.3619609525369096
162.18218218218217,-3.283708841031072
162.26226226226225,-3.210598101094868
162.34234234234233,-3.1320154583219257
162.42242242242241,-3.050892321009361
162.5025025025025,-2.966604931571786
162.58258258258257,-2.8827337687645653
162.66266266266265,-2.80159186311736
162.74274274274273,-2.723408989589841
162.82282282282281,-2.6446718930763784
162.9029029029029,-2.564547127456697
162.98298298298297,-2.4791373285091765
163.06306306306305,-2.3938287682988233
163.14314314314313,-2.309102423431141
163.22322322322321,-2.2276781451217973
163.3033033033033,-2.1495048205586973
163.38338338338338,-2.0755594073047097
163.46346346346346,-2.002515527759211
163.54354354354354,-1.9303830567340334
163.62362362362362,-1.85958362723062
163.7037037037037,-1.7891792300140303
163.78378378378378,-1.72136162315107
163.86386386386386,-1.6535137547135956
163.94394394394394,-1.5936506738711702
164.02402402402402,-1.536386931850712
164.1041041041041,-1.489084541661668
164.18418418418418,-1.4415666976724137
164.26426426426426,-1.4010802220110379
164.34434434434434,-1.3601823740575283
164.42442442442442,-1.3297439005187854
164.5045045045045,-1.3016829361038245
164.58458458458458,-1.2828327819057384
164.66466466466466,-1.2636880966113713
164.74474474474474,-1.2542201942677047
164.82482482482482,-1.2442981484469842
164.9049049049049,-1.2452119182486203
164.98498498498498,-1.247975544741421
165.06506506506506,-1.2619698927906198
165.14514514514514,-1.2760090135041462
165.22522522522522,-1.297353539817258
165.3053053053053,-1.3217104911482982
165.38538538538538,-1.3581440059917291
165.46546546546546,-1.3984023340714515
165.54554554554554,-1.4419548977722612
165.62562562562562,-1.4866453021564554
165.7057057057057,-1.5367122409352456
165.78578578578578,-1.5926420649251616
165.86586586586586,-1.6483956654188616
165.94594594594594,-1.7056989135627407
166.02602602602602,-1.768009389455969
166.1061061061061,-1.8353751273253252
166.18618618618618,-1.9052695043064345
166.26626626626626,-1.9772563585249245
166.34634634634634,-2.0512499733852505
166.42642642642642,-2.128977127419455
166.5065065065065,-2.2054994529222802
166.58658658658658,-2.2852754057938416
166.66666666666666,-2.3608504102476395
166.74674674674674,-2.442260581514612
166.82682682682682,-2.5203342527366743
166.9069069069069,-2.6055559238104604
166.98698698698698,-2.6851059286980656
167.06706706706706,-2.7691917679449993
167.14714714714714,-2.8475458353195955
167.22722722722722,-2.9323936055367117
167.3073073073073,-3.0156333936030353
167.38738738738738,-3.099725158126911
167.46746746746746,-3.176334428134772
167.54754754754754,-3.2536047802885752
167.62762762762762,-3.326220151112791
167.7077077077077,-3.4028703717278463
167.78778778778778,-3.4783626368975007
167.86786786786786,-3.5544803291415814
167.94794794794794,-3.6281708995887865
168.02802802802802,-3.700665085445791
168.1081081081081,-3.775328969929349
168.18818818818818,-3.844960557804128
168.26826826826826,-3.914145019315148
168.34834834834834,-3.9725913898189282
168.42842842842842,-4.03350825342618
168.5085085085085,-4.092500610680845
168.58858858858858,-4.155923077596046
168.66866866866866,-4.213104239882878
168.74874874874874,-4.2742038633100226
168.82882882882882,-4.331710679675536
168.9089089089089,-4.392202604858389
168.98898898898898,-4.4408136650611025
169.06906906906906,-4.494092197300472
169.14914914914914,-4.533592025225727
169.22922922922922,-4.58088198509947
169.3093093093093,-4.614248287419525
169.38938938938938,-4.658495724339623
169.46946946946946,-4.694544371417065
169.54954954954954,-4.7406481684774215
169.62962962962962,-4.771928147685705
169.7097097097097,-4.807580391516242
169.78978978978978,-4.8329979385141595
169.86986986986986,-4.86585502776604
169.94994994994994,-4.889443385506638
170.03003003003002,-4.916342797816031
170.1101101101101,-4.933204176214199
170.19019019019018,-4.951316114254412
170.27027027027026,-4.964394598854997
170.35035035035034,-4.980970115749327
170.43043043043042,-4.99329391965456
170.5105105105105,-5.008625114505662
170.59059059059058,-5.0203478524358625
170.67067067067066,-5.030991513537467
170.75075075075074,-5.03655157043578
170.83083083083082,-5.038347430467849
170.9109109109109,-5.0382876574582935
170.99099099099098,-5.035410600319873
171.07107107107106,-5.029059879705797
171.15115115115114,-5.015721526670848
171.23123123123122,-5.002684619349398
171.3113113113113,-4.988340742630895
171.39139139139138,-4.980565784721778
171.47147147147146,-4.970616081975455
171.55155155155154,-4.9585610600905135
171.63163163163162,-4.938044700600952
171.7117117117117,-4.916661292167174
171.79179179179178,-4.889442894173075
171.87187187187186,-4.864220578990649
171.95195195195194,-4.832955029434723
172.03203203203202,-4.8032485734657175
172.11211211211213,-4.761250419408041
172.19219219219218,-4.722981652641992
172.2722722722723,-4.677656226526789
172.35235235235234,-4.641857424864889
172.43243243243245,-4.601865861809223
172.5125125125125,-4.566340883892814
172.5925925925926,-4.515893897170839
172.67267267267266,-4.465040059058632
172.75275275275277,-4.407366820942766
172.83283283283282,-4.35514334923298
172.91291291291293,-4.295858878547714
172.99299299299298,-4.24054754129513
173.0730730730731,-4.176538068669424
173.15315315315314,-4.117881770243669
173.23323323323325,-4.055417439172998
173.3133133133133,-3.998949468676194
173.3933933933934,-3.9324453066703744
173.47347347347346,-3.863888830221199
173.55355355355357,-3.787772830268574
173.63363363363362,-3.714432114328047
173.71371371371373,-3.6384949410974916
173.79379379379378,-3.567206622530918
173.8738738738739,-3.494969179325315
173.95395395395394,-3.423862284567348
174.03403403403405,-3.345398446954638
174.1141141141141,-3.26611710646738
174.1941941941942,-3.1877161379854346
174.27427427427426,-3.1105251321347254
174.35435435435437,-3.0316181329039247
174.43443443443442,-2.9510170451829256
174.51451451451453,-2.8696163551139473
174.59459459459458,-2.786516404118487
174.6746746746747,-2.7020567655694783
174.75475475475474,-2.6185223931818173
174.83483483483485,-2.5397679809988873
174.9149149149149,-2.4620102396144374
174.994994994995,-2.3854572279037125
175.07507507507506,-2.306132323450208
175.15515515515517,-2.2309352907077225
175.23523523523522,-2.1533531152977576
175.31531531531533,-2.0790050750422564
175.39539539539538,-2.0058364777124535
175.4754754754755,-1.9416486866191445
175.55555555555554,-1.876116356835642
175.63563563563565,-1.8135494171110962
175.7157157157157,-1.7511553500980521
175.7957957957958,-1.6977981268668776
175.87587587587586,-1.6488110302880161
175.95595595595597,-1.6052536260981645
176.03603603603602,-1.5599400389553886
176.11611611611613,-1.5202382911799082
176.19619619619618,-1.4833068743337006
176.2762762762763,-1.453194283948609
176.35635635635634,-1.4254734316113669
176.43643643643645,-1.4079282440872276
176.5165165165165,-1.3964978842356657
176.5965965965966,-1.3901571773634869
176.67667667667666,-1.3828339286188653
176.75675675675677,-1.3825296191094154
176.83683683683682,-1.3905439306017078
176.91691691691693,-1.4085240954398168
176.99699699699698,-1.4256627773017814
177.0770770770771,-1.4471237241900228
177.15715715715714,-1.4724183547876069
177.23723723723725,-1.506333307703083
177.3173173173173,-1.5427673454609365
177.3973973973974,-1.5835811695170787
177.47747747747746,-1.626796076609844
177.55755755755757,-1.6754580455516863
177.63763763763762,-1.72725595103611
177.71771771771773,-1.7851033912690977
177.79779779779778,-1.8465477241711055
177.8778778778779,-1.9127810387148256
177.95795795795794,-1.982066960558267
178.03803803803805,-2.0509029849589973
178.1181181181181,-2.120893198399786
178.1981981981982,-2.1917201421959454
178.27827827827826,-2.2646556428404643
178.35835835835837,-2.339987515333616
178.43843843843842,-2.415258937985248
178.51851851851853,-2.4916483145265613
178.59859859859858,-2.568715472770402
178.6786786786787,-2.649416094766509
178.75875875875874,-2.732111559057585
178.83883883883885,-2.812258780148772
178.9189189189189,-2.891831663206789
178.998998998999,-2.968499725142247
179.07907907907907,-3.044697677797443
179.15915915915917,-3.120247974180087
179.23923923923923,-3.198302223529601
179.31931931931933,-3.278568941610666
179.39939939939939,-3.354950144554353
179.4794794794795,-3.4282467044628153
179.55955955955955,-3.5024042046566684
179.63963963963965,-3.5812164382579375
179.7197197197197,-3.659587558946688
179.7997997997998,-3.729041907779675
179.87987987987987,-3.795528848196401
179.95995995995997,-3.8628999049633452
180.04004004004003,-3.9306559647254824
180.12012012012013,-3.9952887294109614
180.2002002002002,-4.057555440469217
180.2802802802803,-4.120187079010311
180.36036036036035,-4.181681399895965
180.44044044044045,-4.240060477871973
180.5205205205205,-4.294795131167149
180.60060060060061,-4.351134629911963
180.68068068068067,-4.409157195282622
180.76076076076077,-4.464566931370171
180.84084084084083,-4.513650540101638
180.92092092092093,-4.5571030838484585
181.001001001001,-4.599794443185347
181.0810810810811,-4.643912663033412
181.16116116116115,-4.689114957674116
181.24124124124126,-4.731323824180801
181.3213213213213,-4.766067970494502
181.40140140140142,-4.796189690048785
181.48148148148147,-4.826759690242952
181.56156156156158,-4.85988090774566
181.64164164164163,-4.893394254901535
181.72172172172174,-4.923080041904051
181.8018018018018,-4.945850198844379
181.8818818818819,-4.964736212348213
181.96196196196195,-4.984747505062015
182.04204204204206,-5.0079452572126435
182.1221221221221,-5.0289705057248595
182.20220220220222,-5.042395478939388
182.28228228228227,-5.049870088980799
182.36236236236238,-5.059111207286385
182.44244244244243,-5.071730702548294
182.52252252252254,-5.081781500487014
182.6026026026026,-5.085705789649573
182.6826826826827,-5.0859896925252075
182.76276276276275,-5.0867830865804935
182.84284284284286,-5.0854953369575835
182.9229229229229,-5.081958310795142
183.00300300300302,-5.076374560468825
183.08308308308307,-5.067827790259189
183.16316316316318,-5.053836546410521
183.24324324324323,-5.0338218957080745
183.32332332332334,-5.015029764193507
183.4034034034034,-4.999277133079047
183.4834834834835,-4.980537790972552
183.56356356356355,-4.957128394314882
183.64364364364366,-4.929142473846879
183.7237237237237,-4.902637385847379
183.80380380380382,-4.873497755370516
183.88388388388387,-4.843109792133888
183.96396396396398,-4.811634878819662
184.04404404404403,-4.7801916834459695
184.12412412412414,-4.744524433837686
184.2042042042042,-4.703170987570639
184.2842842842843,-4.661206543631076
184.36436436436435,-4.618474363219517
184.44444444444446,-4.577298959942887
184.5245245245245,-4.5298622232658365
184.60460460460462,-4.477544553549345
184.68468468468467,-4.422207599402094
184.76476476476478,-4.365304211452658
184.84484484484483,-4.31080993555797
184.92492492492494,-4.251841087114831
185.005005005005,-4.194989360043266
185.0850850850851,-4.135188526050325
185.16516516516515,-4.075704788293463
185.24524524524526,-4.011666056665308
185.3253253253253,-3.9428524016526603
185.40540540540542,-3.8697150693329605
185.48548548548547,-3.79689855151015
185.56556556556558,-3.7252077222572364
185.64564564564563,-3.6520756113876183
185.72572572572574,-3.5752475115854465
185.8058058058058,-3.4998904811660285
185.8858858858859,-3.4269387343361597
185.96596596596595,-3.3572607295233374
186.04604604604606,-3.283125672414162
186.1261261261261,-3.2039544012228167
186.20620620620622,-3.1189426110652847
186.28628628628627,-3.032801349507659
186.36636636636638,-2.9515990874684066
186.44644644644643,-2.874673388116573
186.52652652652654,-2.799256171099012
186.6066066066066,-2.721881655898946
186.6866866866867,-2.6425262375952747
186.76676676676675,-2.562676547225984
186.84684684684686,-2.484544530208886
186.9269269269269,-2.4099097461769103
187.00700700700702,-2.3398638607425215
187.08708708708707,-2.2733784359943248
187.16716716716718,-2.2033655715421747
187.24724724724723,-2.1302812090396337
187.32732732732734,-2.0607507050245784
187.4074074074074,-1.9979073392003759
187.4874874874875,-1.938811819594551
187.56756756756755,-1.8790213309265138
187.64764764764766,-1.8221330165486211
187.7277277277277,-1.7726837143528533
187.80780780780782,-1.7301165254196287
187.88788788788787,-1.691792882544043
187.96796796796798,-1.6532861570596122
188.04804804804803,-1.6182184991683068
188.12812812812814,-1.5863278020045533
188.2082082082082,-1.563030200179062
188.2882882882883,-1.5452651618387723
188.36836836836835,-1.5363516410654856
188.44844844844846,-1.5296041248370418
188.5285285285285,-1.527758032953826
188.60860860860862,-1.5280197035564482
188.68868868868867,-1.5342644731261033
188.76876876876878,-1.5474853343970907
188.84884884884883,-1.56752418316932
188.92892892892894,-1.5931074985572917
189.009009009009,-1.621018068639798
189.0890890890891,-1.6530964499508094
189.16916916916915,-1.6881112849136912
189.24924924924926,-1.727804613338356
189.3293293293293,-1.7702147233696213
189.40940940940942,-1.8163991416884708
189.48948948948947,-1.8689971057897703
189.56956956956958,-1.9222382098458002
189.64964964964963,-1.9820115533279723
189.72972972972974,-2.0429548522400833
189.8098098098098,-2.111697987374226
189.8898898898899,-2.1787815495854654
189.96996996996995,-2.2443794394115515
190.05005005005006,-2.3116895372024526
190.1301301301301,-2.3866841779034402
190.21021021021022,-2.4668528645128713
190.29029029029027,-2.544712320460299
190.37037037037038,-2.6202631621673684
190.45045045045043,-2.698427088060337
190.53053053053054,-2.777364357349898
190.6106106106106,-2.857164737520772
190.6906906906907,-2.935083432609304
190.77077077077075,-3.0141197442026857
190.85085085085086,-3.094112919921588
190.9309309309309,-3.1688977169612667
191.01101101101102,-3.2455650642192833
191.09109109109107,-3.322580024385758
191.17117117117118,-3.404165107953209
191.25125125125123,-3.4816924995574325
191.33133133133134,-3.5550667215292955
191.41141141141142,-3.625696328164303
191.4914914914915,-3.6963630676175474
191.57157157157158,-3.7699806614776254
191.65165165165166,-3.8459549214397954
191.73173173173174,-3.9171243219773695
191.81181181181182,-3.9874916792419146
191.8918918918919,-4.051265785604152
191.97197197197198,-4.1182862474682755
192.05205205205206,-4.177592044581186
192.13213213213214,-4.24163043248559
192.21221221221222,-4.303092356204784
192.2922922922923,-4.364973167013698
192.37237237237238,-4.420368364438955
192.45245245245246,-4.473078692610449
192.53253253253254,-4.5266752006555455
192.61261261261262,-4.5831259322776985
192.6926926926927,-4.63372829329954
192.77277277277278,-4.680983330361378
192.85285285285286,-4.721139122697327
192.93293293293294,-4.76339898314759
193.01301301301302,-4.803151958099263
193.0930930930931,-4.844710084269621
193.17317317317318,-4.885631309259329
193.25325325325326,-4.926801771689379
193.33333333333334,-4.961055217936487
193.41341341341342,-4.9900768983444745
193.4934934934935,-5.015757219092684
193.57357357357358,-5.040424938739995
193.65365365365366,-5.068205171539584
193.73373373373374,-5.091619038547383
193.81381381381382,-5.1153146104442575
193.8938938938939,-5.132190583384912
193.97397397397398,-5.14736237406081
194.05405405405406,-5.155152091385021
194.13413413413414,-5.163592194622444
194.21421421421422,-5.173623732863385
194.2942942942943,-5.189389494603555
194.37437437437438,-5.19846488446202
194.45445445445446,-5.200984980707422
194.53453453453454,-5.1977683224049045
194.61461461461462,-5.1991907579218575
194.6946946946947,-5.194400681097045
194.77477477477478,-5.191706723266412
194.85485485485486,-5.185562867296796
194.93493493493494,-5.1836828319447665
195.01501501501502,-5.1741738806019315
195.0950950950951,-5.158875040868655
195.17517517517518,-5.138702971991479
195.25525525525526,-5.1184477997168
195.33533533533534,-5.0979143952996475
195.41541541541542,-5.07508447789926
195.4954954954955,-5.050600223519711
195.57557557557558,-5.0296058661296215
195.65565565565566,-5.005047641302835
195.73573573573574,-4.975589983121303
195.81581581581582,-4.937802613220431
195.8958958958959,-4.900624477583427
195.97597597597598,-4.864065526571542
196.05605605605606,-4.8269573827172145
196.13613613613614,-4.789598110182306
196.21621621621622,-4.746168181924542
196.2962962962963,-4.702605714020121
196.37637637637638,-4.650198986838303
196.45645645645646,-4.597255574527995
196.53653653653654,-4.537925221956055
196.61661661661662,-4.4883162795632945
196.6966966966967,-4.436355312472579
196.77677677677679,-4.3855403587431745
196.85685685685687,-4.3260694577833005
196.93693693693695,-4.269910521153248
197.01701701701703,-4.205200879785278
197.0970970970971,-4.140474294765492
197.17717717717719,-4.068755662041874
197.25725725725727,-4.002767340902781
197.33733733733735,-3.9363682860955143
197.41741741741743,-3.867122540551596
197.4974974974975,-3.7961776478336695
197.57757757757759,-3.7217273998468854
197.65765765765767,-3.647992838489436
197.73773773773775,-3.573119599242357
197.81781781781783,-3.49672256675892
197.8978978978979,-3.420404400992802
197.977977977978,-3.341946108274292
198.05805805805807,-3.268943799401408
198.13813813813815,-3.1916725906026717
198.21821821821823,-3.11680180571927
198.2982982982983,-3.033180520985339
198.3783783783784,-2.9567880187196867
198.45845845845847,-2.873805169712103
198.53853853853855,-2.7990626754106485
198.61861861861863,-2.721370445429068
198.6986986986987,-2.6455349355512734
198.7787787787788,-2.567313146074673
198.85885885885887,-2.491476358536508
198.93893893893895,-2.420228252567195
199.01901901901903,-2.3479126095842084
199.0990990990991,-2.2752811569633984
199.1791791791792,-2.206268972798075
199.25925925925927,-2.1450406481858733
199.33933933933935,-2.0872495643566142
199.41941941941943,-2.0297128339277934
199.4994994994995,-1.9718509864915055
199.5795795795796,-1.9181646040169102
199.65965965965967,-1.8723042044868894
199.73973973973975,-1.8325949936865316
199.81981981981983,-1.7962661223657375
199.8998998998999,-1.7613694503152795
199.97997997998,-1.7320064668472113
200.06006006006007,-1.708488482313006
200.14014014014015,-1.6909317192307003
200.22022022022023,-1.6805563508894865
200.3003003003003,-1.6737704229757988
200.3803803803804,-1.6726243914586603
200.46046046046047,-1.6726477843261471
200.54054054054055,-1.6765657761867732
200.62062062062063,-1.6838470887275692
200.7007007007007,-1.6996361681712526
200.7807807807808,-1.7227397372555142
200.86086086086087,-1.755839563371247
200.94094094094095,-1.787640854356916
201.02102102102103,-1.8253997984684074
201.1011011011011,-1.864735179347361
201.1811811811812,-1.9120157248129634
201.26126126126127,-1.9634529191394337
201.34134134134135,-2.0154162574766787
201.42142142142143,-2.07232658824418
201.5015015015015,-2.1311838671968917
201.5815815815816,-2.194205155470061
201.66166166166167,-2.2611058644910553
201.74174174174175,-2.326626300398952
201.82182182182183,-2.399429953631764
201.9019019019019,-2.4629308955014397
201.981981981982,-2.5367182035289066
202.06206206206207,-2.6094881638860046
202.14214214214215,-2.6930975114441686
202.22222222222223,-2.767848362029956
202.3023023023023,-2.8480844084032126
202.3823823823824,-2.921068745416838
202.46246246246247,-3.000625617163854
202.54254254254255,-3.0734006175825526
202.62262262262263,-3.1529787787240746
202.7027027027027,-3.2327929848244374
202.7827827827828,-3.320214928413305
202.86286286286287,-3.4042828244813315
202.94294294294295,-3.4851548215784627
203.02302302302303,-3.5580266430048044
203.1031031031031,-3.6280352174031045
203.1831831831832,-3.7002217819658103
203.26326326326327,-3.775594719890193
203.34334334334335,-3.8545705517889024
203.42342342342343,-3.9306654676552557
203.5035035035035,-4.00082577205501
203.5835835835836,-4.0733813659745595
203.66366366366367,-4.141272235665848
203.74374374374375,-4.209581762793817
203.82382382382383,-4.270978164525626
203.9039039039039,-4.334468889051387
203.983983983984,-4.395354827093743
204.06406406406407,-4.4564335989426995
204.14414414414415,-4.510375490231954
204.22422422422423,-4.564442129150909
204.3043043043043,-4.61304745915228
204.3843843843844,-4.669306025976253
204.46446446446447,-4.7227433905068725
204.54454454454455,-4.783117755480332
204.62462462462463,-4.8290980036467275
204.7047047047047,-4.8725955193805035
204.7847847847848,-4.91001280666946
204.86486486486487,-4.9562263627523615
204.94494494494495,-4.999382739234709
205.02502502502503,-5.036304826594298
205.1051051051051,-5.06885559903682
205.1851851851852,-5.099980945341273
205.26526526526527,-5.1376922424346665
205.34534534534535,-5.166657182559782
205.42542542542543,-5.199421231175759
205.5055055055055,-5.225828814194389
205.5855855855856,-5.251613665807505
205.66566566566567,-5.268195418935491
205.74574574574575,-5.285154523998339
205.82582582582583,-5.299833630785285
205.9059059059059,-5.314654339513637
205.985985985986,-5.314486097800978
206.06606606606607,-5.330312593950095
206.14614614614615,-5.332797698826362
206.22622622622623,-5.353193845909664
206.3063063063063,-5.344930798304383
206.3863863863864,-5.353306471736131
206.46646646646647,-5.3404105214499635
206.54654654654655,-5.337889237454423
206.62662662662663,-5.317743974461235
206.7067067067067,-5.313621455855497
206.7867867867868,-5.3012015529422785
206.86686686686687,-5.295839447259643
206.94694694694695,-5.278161338467429
207.02702702702703,-5.27072501725873
207.1071071071071,-5.2418430840606005
207.1871871871872,-5.223808048688248
207.26726726726727,-5.193512658083521
207.34734734734735,-5.1760210432254965
207.42742742742743,-5.1400942458301895
207.5075075075075,-5.106713938741696
207.5875875875876,-5.073153096371371
207.66766766766767,-5.04285732865606
207.74774774774775,-5.0104547703726094
207.82782782782783,-4.97146150962541
207.9079079079079,-4.93470734967331
207.987987987988,-4.8927736834708
208.06806806806807,-4.851640988311853
208.14814814814815,-4.79457128184986
208.22822822822823,-4.748031313757409
208.3083083083083,-4.689800260321522
208.3883883883884,-4.6479377329163984
208.46846846846847,-4.580180622562582
208.54854854854855,-4.530325525200898
208.62862862862863,-4.462218911995503
208.7087087087087,-4.420114242182228
208.7887887887888,-4.349640670595077
208.86886886886887,-4.2966712496536195
208.94894894894895,-4.216120873459577
209.02902902902903,-4.165785209306487
209.1091091091091,-4.082654666548872
209.1891891891892,-4.023235443983891
209.26926926926927,-3.9313555768859176
209.34934934934935,-3.8760706982237263
209.42942942942943,-3.791839717687505
209.5095095095095,-3.7319440014229506
209.5895895895896,-3.6387875195998975
209.66966966966967,-3.5729893945844564
209.74974974974975,-3.485302762320314
209.82982982982983,-3.4181109216276937
209.9099099099099,-3.325735529626781
209.98998998999,-3.2599538341426424
210.07007007007007,-3.1759224198676668
210.15015015015015,-3.1133340287597977
210.23023023023023,-3.0183135288724596
210.3103103103103,-2.9480108017498674
210.3903903903904,-2.8607115782200707
210.47047047047047,-2.799177280553158
210.55055055055055,-2.7156788731922905
210.63063063063063,-2.652811529685206
210.7107107107107,-2.576105235637883
210.7907907907908,-2.5157200077833672
210.87087087087087,-2.4341812127312195
210.95095095095095,-2.370242427078646
211.03103103103103,-2.2965543705737597
211.11111111111111,-2.2404182517377604
211.1911911911912,-2.173619644665379
211.27127127127127,-2.117450032637436
211.35135135135135,-2.065808062954192
211.43143143143143,-2.025542291666982
211.51151151151151,-1.983941035967866
211.5915915915916,-1.939135363444429
211.67167167167167,-1.8993656187898194
211.75175175175175,-1.8697484813931995
211.83183183183183,-1.8477157168695242
211.91191191191191,-1.8281709087569795
211.991991991992,-1.8147025422609324
212.07207207207207,-1.797900372817563
212.15215215215215,-1.7947386213347463
212.23223223223223,-1.7796036012826109
212.31231231231232,-1.7896427929522691
212.3923923923924,-1.7945805063054625
212.47247247247248,-1.8218625926127088
212.55255255255256,-1.835602151025154
212.63263263263264,-1.8593920359470828
212.71271271271272,-1.8785721180478716
212.7927927927928,-1.9154386512468204
212.87287287287288,-1.9537651579443875
212.95295295295296,-1.9992486508543048
213.03303303303304,-2.0397365822279814
213.11311311311312,-2.090778559645888
213.1931931931932,-2.1451425945338465
213.27327327327328,-2.207176341612487
213.35335335335336,-2.2658979815761726
213.43343343343344,-2.3331878738096874
213.51351351351352,-2.3990416590338577
213.5935935935936,-2.468504157014393
213.67367367367368,-2.536119873523181
213.75375375375376,-2.6076013920794088
213.83383383383384,-2.683679015257908
213.91391391391392,-2.7598198768209112
213.993993993994,-2.8361630028627607
214.07407407407408,-2.905918793695635
214.15415415415416,-2.9903289450509196
214.23423423423424,-3.074971288074554
214.31431431431432,-3.1613459905231203
214.3943943943944,-3.2387706253832307
214.47447447447448,-3.3167437887763502
214.55455455455456,-3.3996026393466474
214.63463463463464,-3.479144317838881
214.71471471471472,-3.558677930427709
214.7947947947948,-3.641073551527839
214.87487487487488,-3.7273305911907912
214.95495495495496,-3.804603789711112
215.03503503503504,-3.875961401856133
215.11511511511512,-3.947668372314261
215.1951951951952,-4.022024014567866
215.27527527527528,-4.097398176632368
215.35535535535536,-4.167599704427204
215.43543543543544,-4.251978939497953
215.51551551551552,-4.3156434306466185
215.5955955955956,-4.389313370123664
215.67567567567568,-4.443565445646576
215.75575575575576,-4.522039457190983
215.83583583583584,-4.578645782108439
215.91591591591592,-4.642512959331708
215.995995995996,-4.69289073742512
216.07607607607608,-4.747186002687663
216.15615615615616,-4.7969898816051
216.23623623623624,-4.8565079636194985
216.31631631631632,-4.909539651386127
216.3963963963964,-4.964039028873618
216.47647647647648,-4.995705584060569
216.55655655655656,-5.045149257386608
216.63663663663664,-5.089090180317672
216.71671671671672,-5.141129963801658
216.7967967967968,-5.176993094874357
216.87687687687688,-5.211935770020344
216.95695695695696,-5.245990997851772
217.03703703703704,-5.282967140733955
217.11711711711712,-5.312254961268639
217.1971971971972,-5.347947859474026
217.27727727727728,-5.3655603759412385
217.35735735735736,-5.396470527427374
217.43743743743744,-5.405112686755079
217.51751751751752,-5.430736186060276
217.5975975975976,-5.447561587660427
217.67767767767768,-5.4770113769505855
217.75775775775776,-5.4986055043176085
217.83783783783784,-5.507710475117074
217.91791791791792,-5.516498738679616
217.997997997998,-5.51844383802769
218.07807807807808,-5.52646787812771
218.15815815815816,-5.5268468613344695
218.23823823823824,-5.522673036046544
218.31831831831832,-5.517025307194903
218.3983983983984,-5.503766349714391
218.47847847847848,-5.507464869099154
218.55855855855856,-5.49541093581511
218.63863863863864,-5.493173999547877
218.71871871871872,-5.467013811531336
218.7987987987988,-5.459368483756546
218.87887887887888,-5.43636706210234
218.95895895895896,-5.419300516410978
219.03903903903904,-5.390750073731965
219.11911911911912,-5.373546760930645
219.1991991991992,-5.346828411122074
219.27927927927928,-5.314902122588251
219.35935935935936,-5.272212880972209
219.43943943943944,-5.233725466025488
219.51951951951952,-5.208187012751956
219.5995995995996,-5.17544707065818
219.67967967967968,-5.148312021315445
219.75975975975976,-5.1013255267973845
219.83983983983984,-5.077173044588265
219.91991991991992,-5.024799252675556
220.0,-4.982226519457566
