freq,trans
140.0,0.4903255460984107
140.08008008008008,0.4926625266578409
140.16016016016016,0.49514827535867084
140.24024024024024,0.5006879661078063
140.32032032032032,0.5062875432861307
140.4004004004004,0.5123290176141971
140.48048048048048,0.5169233022942142
140.56056056056056,0.5213816659585233
140.64064064064064,0.5245952654125648
140.72072072072072,0.5289476417300562
140.8008008008008,0.5329041539292338
140.88088088088088,0.5369396890568977
140.96096096096096,0.5393883955947264
141.04104104104104,0.5419081734443171
141.12112112112112,0.5437913251854002
141.2012012012012,0.5463698152193979
141.28128128128128,0.5467906279377008
141.36136136136136,0.5479204933344536
141.44144144144144,0.5475818313361185
141.52152152152152,0.548523999665222
141.6016016016016,0.547484277968338
141.68168168168168,0.5469577275104504
141.76176176176176,0.5455476711462347
141.84184184184184,0.544634601698107
141.92192192192192,0.5425544093071962
142.002002002002,0.5400269473509048
142.08208208208208,0.5367933890278198
142.16216216216216,0.5340646772119404
142.24224224224224,0.5307575132359178
142.32232232232232,0.5271787918990507
142.4024024024024,0.5222548304956722
142.48248248248248,0.5179709154953532
142.56256256256256,0.5139379289232457
142.64264264264264,0.509072634705586
142.72272272272272,0.5038374870390586
142.8028028028028,0.49695016357048993
142.88288288288288,0.4921103150379562
142.96296296296296,0.48581707695965454
143.04304304304304,0.480972851859678
143.12312312312312,0.47408788919030465
143.2032032032032,0.4693681633935579
143.28328328328328,0.4629846080862983
143.36336336336336,0.4579529609530779
143.44344344344344,0.45039134237269485
143.52352352352352,0.4454318344741728
143.6036036036036,0.43844167774754284
143.68368368368368,0.43404465485922594
143.76376376376376,0.42683254950104743
143.84384384384384,0.42189811436878516
143.92392392392392,0.41464087204243627
144.004004004004,0.40912595085468706
144.08408408408408,0.40262761019436477
144.16416416416416,0.3974557729924426
144.24424424424424,0.39228909273024304
144.32432432432432,0.3869409174098725
144.4044044044044,0.38147217494126107
144.48448448448448,0.3755796140773628
144.56456456456456,0.37081463264838926
144.64464464464464,0.36594654694947176
144.72472472472472,0.3616608386939049
144.8048048048048,0.3560237689633638
144.88488488488488,0.35200847402913354
144.96496496496496,0.34723163566053095
145.04504504504504,0.3445804365230014
145.12512512512512,0.34002753042928974
145.2052052052052,0.3367928280376779
145.28528528528528,0.3323578645059603
145.36536536536536,0.3301591459805086
145.44544544544544,0.3268346714061442
145.52552552552552,0.32439057689003026
145.6056056056056,0.32077725565834875
145.68568568568568,0.3185700986613261
145.76576576576576,0.3153852316569938
145.84584584584584,0.3134647451931713
145.92592592592592,0.31104427368959925
146.006006006006,0.310157818030234
146.08608608608608,0.3084422031949495
146.16616616616616,0.3071493772942797
146.24624624624624,0.30560472810101014
146.32632632632632,0.3046280443804032
146.4064064064064,0.30323497838384256
146.48648648648648,0.3019519009534063
146.56656656656656,0.3007074541995721
146.64664664664664,0.3001571457768887
146.72672672672672,0.29986425404298667
146.8068068068068,0.2993911666012034
146.88688688688688,0.299210746809468
146.96696696696696,0.2985459244002499
147.04704704704704,0.2986427354027886
147.12712712712712,0.2982864646769741
147.2072072072072,0.29866767884661005
147.28728728728728,0.29922137729258236
147.36736736736736,0.3003401033278828
147.44744744744744,0.3011687538658157
147.52752752752752,0.3015251098457429
147.6076076076076,0.30176332634707864
147.68768768768768,0.3027561842116089
147.76776776776777,0.30366238443956806
147.84784784784785,0.3053410647531013
147.92792792792793,0.3063132685437985
148.008008008008,0.3080865221102843
148.08808808808809,0.30971231347617967
148.16816816816817,0.31222763224758604
148.24824824824825,0.31416185989151796
148.32832832832833,0.3159411151912619
148.4084084084084,0.31763351054549716
148.48848848848849,0.31993471050412947
148.56856856856857,0.32249277820311034
148.64864864864865,0.32499410416112073
148.72872872872873,0.3274254751000419
148.8088088088088,0.3300396315252353
148.88888888888889,0.3327480182678133
148.96896896896897,0.33568539228931915
149.04904904904905,0.33883738728920526
149.12912912912913,0.3423833520039228
149.2092092092092,0.34624900408122217
149.2892892892893,0.3497610896629759
149.36936936936937,0.35310388710891305
149.44944944944945,0.35612667458241754
149.52952952952953,0.35989281060245953
149.6096096096096,0.3639162448106042
149.6896896896897,0.3679085817048387
149.76976976976977,0.37168150522571314
149.84984984984985,0.37558099669229184
149.92992992992993,0.38001261148147536
150.01001001001,0.3848494051355818
150.0900900900901,0.3894481954930652
150.17017017017017,0.3943792336200527
150.25025025025025,0.39915951709704817
150.33033033033033,0.40453758071902807
150.4104104104104,0.40999895709378836
150.4904904904905,0.415733923100821
150.57057057057057,0.4215171647376648
150.65065065065065,0.4270958127803859
150.73073073073073,0.4326347242154264
150.8108108108108,0.43837330101029387
150.8908908908909,0.44415152954049475
150.97097097097097,0.45036094777980956
151.05105105105105,0.4564893114925439
151.13113113113113,0.46276722601380466
151.2112112112112,0.4688957568711077
151.2912912912913,0.47545570724436986
151.37137137137137,0.48220615959589336
151.45145145145145,0.4888344900059403
151.53153153153153,0.4949933505974775
151.6116116116116,0.5007199600724511
151.6916916916917,0.5072966985384143
151.77177177177177,0.5137718066693039
151.85185185185185,0.5207871072867666
151.93193193193193,0.5267324708369259
152.012012012012,0.5333772906975239
152.0920920920921,0.5395929144620755
152.17217217217217,0.5460671685384453
152.25225225225225,0.5514321443701751
152.33233233233233,0.5569362529590516
152.4124124124124,0.5620662294085064
152.4924924924925,0.567328022629857
152.57257257257257,0.5717345725425995
152.65265265265265,0.5765296070865372
152.73273273273273,0.5804014456695643
152.8128128128128,0.5844094104615934
152.8928928928929,0.5872539846044667
152.97297297297297,0.5906210025585873
153.05305305305305,0.5931794022625312
153.13313313313313,0.5956871840478074
153.2132132132132,0.5974823783555953
153.2932932932933,0.5994469436995266
153.37337337337337,0.6006869915911989
153.45345345345345,0.6015185501800877
153.53353353353353,0.6015983168519144
153.6136136136136,0.6012445433993259
153.6936936936937,0.6009052085438862
153.77377377377377,0.6000149460776693
153.85385385385385,0.5991481804373545
153.93393393393393,0.5974472528930672
154.014014014014,0.5958879194521781
154.0940940940941,0.5932337984764292
154.17417417417417,0.5909586749460497
154.25425425425425,0.5874597413147736
154.33433433433433,0.5847384240377624
154.4144144144144,0.5813366299473951
154.4944944944945,0.5788042799449565
154.57457457457457,0.5748967296333959
154.65465465465465,0.5711524696068712
154.73473473473473,0.566725510097697
154.8148148148148,0.562949440582083
154.8948948948949,0.558809629512988
154.97497497497497,0.5546299253586222
155.05505505505505,0.5500593500425552
155.13513513513513,0.5457077844885964
155.2152152152152,0.5406761789611035
155.2952952952953,0.5358529510999965
155.37537537537537,0.5307617937322874
155.45545545545545,0.5258248828336385
155.53553553553553,0.5207434994192518
155.6156156156156,0.5155211136809649
155.6956956956957,0.5104565183258135
155.77577577577577,0.505646566642467
155.85585585585585,0.5006328829589284
155.93593593593593,0.4957627984628648
156.016016016016,0.4905229425439881
156.0960960960961,0.48518620095986037
156.17617617617617,0.479765695187629
156.25625625625625,0.4747561482716102
156.33633633633633,0.46997552242013924
156.4164164164164,0.464872561424413
156.4964964964965,0.4599939091089457
156.57657657657657,0.4545830796854544
156.65665665665665,0.4496623836852432
156.73673673673673,0.44412705084845605
156.8168168168168,0.4388040152489849
156.8968968968969,0.43309086054877366
156.97697697697697,0.4280484576150643
157.05705705705705,0.42318798995378143
157.13713713713713,0.41874294629800357
157.2172172172172,0.41412898048400837
157.2972972972973,0.4099663776956273
157.37737737737737,0.40536550337917904
157.45745745745745,0.40067788370586344
157.53753753753753,0.39569559993029996
157.6176176176176,0.3913865969181107
157.6976976976977,0.3876059209096008
157.77777777777777,0.38388544526190393
157.85785785785785,0.38000674974836535
157.93793793793793,0.3763355688730243
158.018018018018,0.37302305424001575
158.0980980980981,0.36981254958590715
158.17817817817817,0.3667134039463807
158.25825825825825,0.36351654402489125
158.33833833833833,0.3605147989592005
158.4184184184184,0.35739153822995035
158.4984984984985,0.3547852960336841
158.57857857857857,0.35236507667638556
158.65865865865865,0.3502863830810994
158.73873873873873,0.34806079015594243
158.8188188188188,0.3464669821874843
158.8988988988989,0.3450088807476152
158.97897897897897,0.34378078796759237
159.05905905905905,0.34219854540698164
159.13913913913913,0.34109792707739106
159.2192192192192,0.3402187339742638
159.2992992992993,0.3397887635372294
159.37937937937937,0.3391511157109579
159.45945945945945,0.3390991948939241
159.53953953953953,0.33921790291463966
159.6196196196196,0.3396077074630757
159.6996996996997,0.3396365926418626
159.77977977977977,0.3398763751612654
159.85985985985985,0.34021628496816175
159.93993993993993,0.3410865977631773
160.02002002002,0.3419515222130436
160.1001001001001,0.3427800352918522
160.18018018018017,0.34349015930925564
160.26026026026025,0.3443206419677269
160.34034034034033,0.3454384014418223
160.4204204204204,0.34688647639980646
160.5005005005005,0.3489078418978558
160.58058058058057,0.3509465928557197
160.66066066066065,0.35311902427950165
160.74074074074073,0.35538641450978153
160.8208208208208,0.358014586438085
160.9009009009009,0.3606991421896247
160.98098098098097,0.36331180393034124
161.06106106106105,0.36589515571830933
161.14114114114113,0.36910079287181524
161.2212212212212,0.3727463020938007
161.3013013013013,0.37685216103947206
161.38138138138137,0.3805639158620161
161.46146146146145,0.38422735152085036
161.54154154154153,0.38785707037389294
161.6216216216216,0.39191187730530347
161.7017017017017,0.39576813410500256
161.78178178178177,0.3995335040295012
161.86186186186185,0.40358340373741763
161.94194194194193,0.4082267039423989
162.022022022022,0.41314294948022373
162.1021021021021,0.41820322907297625
162.18218218218217,0.42336643313018996
162.26226226226225,0.4286161926040678
162.34234234234233,0.4340258248252778
162.42242242242241,0.43975883874111316
162.5025025025025,0.4456747163250342
162.58258258258257,0.45172978462282526
162.66266266266265,0.45778176628114337
162.74274274274273,0.463544688321617
162.82282282282281,0.46954603203604395
162.9029029029029,0.47568718110442565
162.98298298298297,0.4825472701247689
163.06306306306305,0.4892833210832393
163.14314314314313,0.4960451440479271
163.22322322322321,0.5025178094771872
163.3033033033033,0.5090296497275353
163.38338338338338,0.5155274187982398
163.46346346346346,0.5220144917974551
163.54354354354354,0.5284297803779058
163.62362362362362,0.5351112467665053
163.7037037037037,0.5418923401133419
163.78378378378378,0.5488945878356324
163.86386386386386,0.5557330327075644
163.94394394394394,0.5627302332098848
164.02402402402402,0.5692707039346543
164.1041041041041,0.5755078375909789
164.18418418418418,0.5814668921049351
164.26426426426426,0.5872859699066142
164.34434434434434,0.5928088703884543
164.42442442442442,0.5978547836876915
164.5045045045045,0.6026499642652299
164.58458458458458,0.6070422623607211
164.66466466466466,0.611313209254355
164.74474474474474,0.6150324593936987
164.82482482482482,0.6186885185314557
164.9049049049049,0.6218965172441568
164.98498498498498,0.6247974320739115
165.06506506506506,0.6268326306818518
165.14514514514514,0.6286435568645444
165.22522522522522,0.6300845343073442
165.3053053053053,0.6315502896497824
165.38538538538538,0.6322212820061743
165.46546546546546,0.6326317686782826
165.54554554554554,0.6325558295414283
165.62562562562562,0.6325518492818258
165.7057057057057,0.6322281017137202
165.78578578578578,0.6313752130859733
165.86586586586586,0.6302694720947128
165.94594594594594,0.6290012453831479
166.02602602602602,0.6275676463240405
166.1061061061061,0.6256947754415516
166.18618618618618,0.6233669137683415
166.26626626626626,0.6208867310775799
166.34634634634634,0.6183486901871378
166.42642642642642,0.6155877753249618
166.5065065065065,0.6126550978356681
166.58658658658658,0.6093760333365305
166.66666666666666,0.6062614924088804
166.74674674674674,0.6028502671080168
166.82682682682682,0.5996752387337344
166.9069069069069,0.5960306641121902
166.98698698698698,0.5928022843434896
167.06706706706706,0.58910223201215
167.14714714714714,0.5857516367317355
167.22722722722722,0.5818959082860358
167.3073073073073,0.5783485074173158
167.38738738738738,0.5744038014205641
167.46746746746746,0.5707736545643532
167.54754754754754,0.566831276031723
167.62762762762762,0.563473554462468
167.7077077077077,0.5595928981439178
167.78778778778778,0.5560065869134496
167.86786786786786,0.5519840502580191
167.94794794794794,0.5483323411276565
168.02802802802802,0.5445359459665808
168.1081081081081,0.5407941794331248
168.18818818818818,0.5371255535326492
168.26826826826826,0.5333886002495399
168.34834834834834,0.5299270297992466
168.42842842842842,0.5262998177467515
168.5085085085085,0.52294649007864
168.58858858858858,0.5194984746692477
168.66866866866866,0.5162801524110657
168.74874874874874,0.5124761184292602
168.82882882882882,0.5086045706329233
168.9089089089089,0.5043837236326064
168.98898898898898,0.5006070598882704
169.06906906906906,0.49642688344848723
169.14914914914914,0.49271523260252276
169.22922922922922,0.4887064152788629
169.3093093093093,0.4854964781741764
169.38938938938938,0.4815714843712003
169.46946946946946,0.47787499492143404
169.54954954954954,0.4738352219588318
169.62962962962962,0.47045969407671673
169.7097097097097,0.46664959936879785
169.78978978978978,0.4627835926042734
169.86986986986986,0.4585263509573059
169.94994994994994,0.4550025582755478
170.03003003003002,0.451334321680177
170.1101101101101,0.44783212382572596
170.19019019019018,0.44359121474623725
170.27027027027026,0.4399927563961418
170.35035035035034,0.4366607741541172
170.43043043043042,0.43384875141071416
170.5105105105105,0.43061502606384666
170.59059059059058,0.4273755415040468
170.67067067067066,0.42397265780559706
170.75075075075074,0.4208759757174233
170.83083083083082,0.4180249530363263
170.9109109109109,0.41541770544856527
170.99099099099098,0.4129519467468377
171.07107107107106,0.4106051951960545
171.15115115115114,0.408351025549669
171.23123123123122,0.4063332779029548
171.3113113113113,0.40445012702289873
171.39139139139138,0.4026892557140787
171.47147147147146,0.4008070929479833
171.55155155155154,0.39904806709937574
171.63163163163162,0.3978048141143878
171.7117117117117,0.3966358593568154
171.79179179179178,0.39580322208805296
171.87187187187186,0.3949081178795653
171.95195195195194,0.394470865926458
172.03203203203202,0.3940036516202459
172.11211211211213,0.39389283741685804
172.19219219219218,0.39371552731654386
172.2722722722723,0.3940866653670478
172.35235235235234,0.3944211292792152
172.43243243243245,0.39518030078643956
172.5125125125125,0.39566870828077866
172.5925925925926,0.3966648782146857
172.67267267267266,0.39769161873378484
172.75275275275277,0.399427416008363
172.83283283283282,0.4010821810564104
172.91291291291293,0.40319347561282287
172.99299299299298,0.40516197537338283
173.0730730730731,0.40775952986531566
173.15315315315314,0.4101215397359533
173.23323323323325,0.4128098188124996
173.3133133133133,0.41545912455901185
173.3933933933934,0.4187846203417396
173.47347347347346,0.422288175046407
173.55355355355357,0.42602015133908594
173.63363363363362,0.4298308529268736
173.71371371371373,0.433993404386863
173.79379379379378,0.4380953702212231
173.8738738738739,0.44220301247092764
173.95395395395394,0.4464307907522346
174.03403403403405,0.4514889652151627
174.1141141141141,0.45657497455573154
174.1941941941942,0.4617027128756021
174.27427427427426,0.4668301015658799
174.35435435435437,0.4725161614933138
174.43443443443442,0.47845396796239587
174.51451451451453,0.48428227623133485
174.59459459459458,0.49024447034690216
174.6746746746747,0.49621299643382843
174.75475475475474,0.5024826361659739
174.83483483483485,0.5086935026933278
174.9149149149149,0.515231929855239
174.994994994995,0.5217040683163279
175.07507507507506,0.5283245461859094
175.15515515515517,0.5347778431810023
175.23523523523522,0.5413331097379303
175.31531531531533,0.5480349074753327
175.39539539539538,0.5549080321000075
175.4754754754755,0.5615841246575339
175.55555555555554,0.5682313478875851
175.63563563563565,0.5747841921069169
175.7157157157157,0.5813721513588744
175.7957957957958,0.5872849185651441
175.87587587587586,0.5929644586605294
175.95595595595597,0.5986130731032391
176.03603603603602,0.6048468632425207
176.11611611611613,0.6108253201242038
176.19619619619618,0.6164638688731376
176.2762762762763,0.6215037240785115
176.35635635635634,0.6263782114647425
176.43643643643645,0.6306757050488875
176.5165165165165,0.6346758765641298
176.5965965965966,0.6384626834622723
176.67667667667666,0.6420041476529483
176.75675675675677,0.6448918736266924
176.83683683683682,0.6473766815653725
176.91691691691693,0.6496546079417055
176.99699699699698,0.6519187481248149
177.0770770770771,0.6535254956275066
177.15715715715714,0.6544887093964176
177.23723723723725,0.6548809455497846
177.3173173173173,0.6551396421673237
177.3973973973974,0.6551158612938098
177.47747747747746,0.6548472028346719
177.55755755755757,0.65408543879071
177.63763763763762,0.65318381877592
177.71771771771773,0.6520233131349471
177.79779779779778,0.6506476943293986
177.8778778778779,0.6488525563800255
177.95795795795794,0.6467378511794432
178.03803803803805,0.6444722594113914
178.1181181181181,0.6418821731725632
178.1981981981982,0.6392345857920364
178.27827827827826,0.6363957760151253
178.35835835835837,0.6335534243975054
178.43843843843842,0.6306096278030981
178.51851851851853,0.6276167154927914
178.59859859859858,0.6248003058336341
178.6786786786787,0.62177511557882
178.75875875875874,0.618547998555531
178.83883883883885,0.6150946940824019
178.9189189189189,0.6117496263526581
178.998998998999,0.6085664463413449
179.07907907907907,0.605354573197957
179.15915915915917,0.6021655295622177
179.23923923923923,0.5986297365513684
179.31931931931933,0.5952165990928847
179.39939939939939,0.5920860884400133
179.4794794794795,0.5892678535308
179.55955955955955,0.5863129819932843
179.63963963963965,0.5828322674227909
179.7197197197197,0.5795774367237368
179.7997997997998,0.5766314897909245
179.87987987987987,0.573850954056925
179.95995995995997,0.5709444982010935
180.04004004004003,0.5681957385604991
180.12012012012013,0.5658308249299446
180.2002002002002,0.5633658202630258
180.2802802802803,0.560698447489277
180.36036036036035,0.5579008854488805
180.44044044044045,0.555447412443488
180.5205205205205,0.5531915837735784
180.60060060060061,0.5506028573519379
180.68068068068067,0.5478515677545109
180.76076076076077,0.5451244046208824
180.84084084084083,0.5427902461202954
180.92092092092093,0.5408003987548464
181.001001001001,0.5388913790592503
181.0810810810811,0.5367754680318519
181.16116116116115,0.5343475834203338
181.24124124124126,0.5321900200748484
181.3213213213213,0.5302966770460985
181.40140140140142,0.528501543506963
181.48148148148147,0.5264262886556911
181.56156156156158,0.5241751580760604
181.64164164164163,0.521931002387797
181.72172172172174,0.5196980841178875
181.8018018018018,0.5177511288922508
181.8818818818819,0.5159468897139955
181.96196196196195,0.5142565482681066
182.04204204204206,0.512223812835054
182.1221221221221,0.5099105394988763
182.20220220220222,0.5075648716856284
182.28228228228227,0.505350838343768
182.36236236236238,0.5033161056535058
182.44244244244243,0.5012204057493909
182.52252252252254,0.4992527432410807
182.6026026026026,0.4973123401671722
182.6826826826827,0.49536381065853446
182.76276276276275,0.49336584419166996
182.84284284284286,0.49130903929859226
182.9229229229229,0.48917518162589746
183.00300300300302,0.4869763069950028
183.08308308308307,0.4847918277031178
183.16316316316318,0.4830236444904854
183.24324324324323,0.4815352826966468
183.32332332332334,0.48001621599290567
183.4034034034034,0.47818131140763226
183.4834834834835,0.4762441545870303
183.56356356356355,0.47441280360841986
183.64364364364366,0.4727970533171918
183.7237237237237,0.4714644387315514
183.80380380380382,0.4703203137643628
183.88388388388387,0.4691042704595046
183.96396396396398,0.467862438881318
184.04404404404403,0.46658303187280603
184.12412412412414,0.4656237039905156
184.2042042042042,0.4649069489295668
184.2842842842843,0.4643440401457308
184.36436436436435,0.46382278571160557
184.44444444444446,0.463375856193894
184.5245245245245,0.4632617397747542
184.60460460460462,0.4636533970451136
184.68468468468467,0.46422015012513623
184.76476476476478,0.46493540632288055
184.84484484484483,0.4655348950237074
184.92492492492494,0.4662933717805415
185.005005005005,0.4670440616296969
185.0850850850851,0.4684275120167472
185.16516516516515,0.4700575280439358
185.24524524524526,0.4720770576476178
185.3253253253253,0.47419661546730624
185.40540540540542,0.47663245679391114
185.48548548548547,0.47925264751552693
185.56556556556558,0.4818850178399233
185.64564564564563,0.48476111871087846
185.72572572572574,0.487913191832239
185.8058058058058,0.49115310050994504
185.8858858858859,0.49435086825894603
185.96596596596595,0.4979319533651275
186.04604604604606,0.5022594528751594
186.1261261261261,0.5069458547241602
186.20620620620622,0.5115702172332142
186.28628628628627,0.5163791267162532
186.36636636636638,0.5213763460131191
186.44644644644643,0.526679717506283
186.52652652652654,0.5317221520651503
186.6066066066066,0.536874016131318
186.6866866866867,0.5422880609753914
186.76676676676675,0.5482325903522586
186.84684684684686,0.5542972893390442
186.9269269269269,0.5603653160743877
187.00700700700702,0.5662289956509878
187.08708708708707,0.5721240604643556
187.16716716716718,0.5782288963967686
187.24724724724723,0.5844351845066321
187.32732732732734,0.5904119533324987
187.4074074074074,0.5962184794317859
187.4874874874875,0.6021388789624522
187.56756756756755,0.6083405081568389
187.64764764764766,0.6144490375618586
187.7277277277277,0.619912384819656
187.80780780780782,0.6249434694575144
187.88788788788787,0.6299587155303854
187.96796796796798,0.6351902909010717
188.04804804804803,0.6401876846665551
188.12812812812814,0.6448252219966971
188.2082082082082,0.6490720337188051
188.2882882882883,0.6530911819659231
188.36836836836835,0.6566085769225127
188.44844844844846,0.659698962373456
188.5285285285285,0.6623704745708776
188.60860860860862,0.6648288455880859
188.68868868868867,0.6669876606636106
188.76876876876878,0.6687586022935577
188.84884884884883,0.6700352598623978
188.92892892892894,0.6708924969907116
189.009009009009,0.6713969170280499
189.0890890890891,0.6715415368088571
189.16916916916915,0.6713275622199523
189.24924924924926,0.6708965053405348
189.3293293293293,0.6702165022391027
189.40940940940942,0.6691059747366741
189.48948948948947,0.6675214620510314
189.56956956956958,0.6657743659245479
189.64964964964963,0.6639585917009273
189.72972972972974,0.6620266749462892
189.8098098098098,0.6596284208445801
189.8898898898899,0.6570035730122189
189.96996996996995,0.6542999713782967
190.05005005005006,0.6515648381734485
190.1301301301301,0.6485505606594894
190.21021021021022,0.645284692968009
190.29029029029027,0.6419064337623903
190.37037037037038,0.6383898618507509
190.45045045045043,0.634656798452335
190.53053053053054,0.6309502831195944
190.6106106106106,0.6273374672578664
190.6906906906907,0.6239132933990571
190.77077077077075,0.6203719634703732
190.85085085085086,0.6168095014067771
190.9309309309309,0.6133054190327532
191.01101101101102,0.6100225299179012
191.09109109109107,0.6067558174426426
191.17117117117118,0.6035380210393655
191.25125125125123,0.6002214025438125
191.33133133133134,0.5969659984283413
191.41141141141142,0.5937413030663437
191.4914914914915,0.590643238747686
191.57157157157158,0.5874968197106252
191.65165165165166,0.5844502407621694
191.73173173173174,0.5812444427312764
191.81181181181182,0.5781790915351932
191.8918918918919,0.5751901779045109
191.97197197197198,0.5726028677377283
192.05205205205206,0.5703109811672519
192.13213213213214,0.5678739698937025
192.21221221221222,0.5652182582719566
192.2922922922923,0.5625270245974814
192.37237237237238,0.5602305025210812
192.45245245245246,0.5582312086980341
192.53253253253254,0.5561515810228203
192.61261261261262,0.5539483230517773
192.6926926926927,0.5519429778492492
192.77277277277278,0.5502265170648964
192.85285285285286,0.5487303512002474
192.93293293293294,0.5471660946337885
193.01301301301302,0.5455416627293611
193.0930930930931,0.5438056443966425
193.17317317317318,0.5421770971736661
193.25325325325326,0.5407462956719267
193.33333333333334,0.5396793621785635
193.41341341341342,0.5387530564254481
193.4934934934935,0.53797972294117
193.57357357357358,0.5370565226010963
193.65365365365366,0.5359528607114072
193.73373373373374,0.5348638796316211
193.81381381381382,0.5340702141031016
193.8938938938939,0.5334370614201025
193.97397397397398,0.533071639848912
194.05405405405406,0.5326752637831574
194.13413413413414,0.5324192943295605
194.21421421421422,0.531949628844289
194.2942942942943,0.5314152012710158
194.37437437437438,0.5310910555617658
194.45445445445446,0.5310523533578403
194.53453453453454,0.5310236089499806
194.61461461461462,0.5306460861409932
194.6946946946947,0.5302637472532207
194.77477477477478,0.5297998945213009
194.85485485485486,0.5293184168678354
194.93493493493494,0.5287989068118008
195.01501501501502,0.5287622196937412
195.0950950950951,0.5289844126646538
195.17517517517518,0.5291354343605932
195.25525525525526,0.5292686366589184
195.33533533533534,0.5292001970280282
195.41541541541542,0.5291205283345725
195.4954954954955,0.5287954565203001
195.57557557557558,0.5283613383515133
195.65565565565566,0.5280120749333017
195.73573573573574,0.5280525822352304
195.81581581581582,0.52845319895645
195.8958958958959,0.5287935356855613
195.97597597597598,0.52895664045328
196.05605605605606,0.5291052763909292
196.13613613613614,0.5291266440758717
196.21621621621622,0.52916790515417
196.2962962962963,0.5290903122225151
196.37637637637638,0.5297018173177643
196.45645645645646,0.5303786625076801
196.53653653653654,0.5311345783370006
196.61661661661662,0.5313759838104539
196.6966966966967,0.532076065936504
196.77677677677679,0.5327614754045643
196.85685685685687,0.5333535201427176
196.93693693693695,0.5338816265419031
197.01701701701703,0.5351661644435649
197.0970970970971,0.5368984018079089
197.17717717717719,0.5386486534577468
197.25725725725727,0.5398429917867668
197.33733733733735,0.5412589499548349
197.41741741741743,0.5430956918291985
197.4974974974975,0.5453266696625134
197.57757757757759,0.5475200241257915
197.65765765765767,0.5497877582578642
197.73773773773775,0.5523632586723112
197.81781781781783,0.5551687544081434
197.8978978978979,0.5580402515398998
197.977977977978,0.5611403513988934
198.05805805805807,0.5646921752730811
198.13813813813815,0.5683748860834837
198.21821821821823,0.5720209229784529
198.2982982982983,0.5753100159897543
198.3783783783784,0.5789874777482575
198.45845845845847,0.58321770385472
198.53853853853855,0.588118889570172
198.61861861861863,0.5930940896128183
198.6986986986987,0.5976436777955682
198.7787787787788,0.6021994000807233
198.85885885885887,0.6069239412828612
198.93893893893895,0.6119924074442322
199.01901901901903,0.6172471847642255
199.0990990990991,0.6223748395924656
199.1791791791792,0.6276996940806059
199.25925925925927,0.6326639551794914
199.33933933933935,0.6377080994773212
199.41941941941943,0.6425784697103945
199.4994994994995,0.6475140686874478
199.5795795795796,0.6522675638779107
199.65965965965967,0.6569306641887451
199.73973973973975,0.6614872591117472
199.81981981981983,0.665714469965036
199.8998998998999,0.6695400446211967
199.97997997998,0.672885545224971
200.06006006006007,0.6763227172390727
200.14014014014015,0.6792878934642709
200.22022022022023,0.6823438686974224
200.3003003003003,0.6847166335572081
200.3803803803804,0.686982861354197
200.46046046046047,0.6884627379890255
200.54054054054055,0.6897500929548628
200.62062062062063,0.6905716014824685
200.7007007007007,0.6913770386915185
200.7807807807808,0.6914288161858878
200.86086086086087,0.6912115352495874
200.94094094094095,0.6906229891335778
201.02102102102103,0.6896928064108939
201.1011011011011,0.6886106097644858
201.1811811811812,0.6870275943854748
201.26126126126127,0.6851809722252787
201.34134134134135,0.6828721516018117
201.42142142142143,0.6804121169378758
201.5015015015015,0.6778789516991159
201.5815815815816,0.6749905277506089
201.66166166166167,0.6721231701365463
201.74174174174175,0.6689332869984596
201.82182182182183,0.6656217586799439
201.9019019019019,0.6619679638734232
201.981981981982,0.6580552159408594
202.06206206206207,0.6544326554471173
202.14214214214215,0.6500515984415456
202.22222222222223,0.6460112896985422
202.3023023023023,0.6413990726563319
202.3823823823824,0.6371528763029262
202.46246246246247,0.6330108096576399
202.54254254254255,0.6288440162944875
202.62262262262263,0.6248775555042032
202.7027027027027,0.6208194000217431
202.7827827827828,0.6165769089720586
202.86286286286287,0.6123997067549618
202.94294294294295,0.6080407180740026
203.02302302302303,0.604502341975678
203.1031031031031,0.6012156372093478
203.1831831831832,0.5975822909045012
203.26326326326327,0.5938409822696755
203.34334334334335,0.5895890596212089
203.42342342342343,0.5857254698312324
203.5035035035035,0.5821303101698738
203.5835835835836,0.5787516046146107
203.66366366366367,0.5763385593640457
203.74374374374375,0.5734423453830885
203.82382382382383,0.5708145729409737
203.9039039039039,0.5672987708749767
203.983983983984,0.5641655696229326
204.06406406406407,0.5612168539255035
204.14414414414415,0.5588402598564615
204.22422422422423,0.556593108285268
204.3043043043043,0.5541863082405843
204.3843843843844,0.5518114014005617
204.46446446446447,0.5495510974292659
204.54454454454455,0.5472665035360234
204.62462462462463,0.5453713734672271
204.7047047047047,0.5437391152647336
204.7847847847848,0.5423852270000507
204.86486486486487,0.540550992745376
204.94494494494495,0.5388310208033631
205.02502502502503,0.5374027326759475
205.1051051051051,0.5360379882395223
205.1851851851852,0.535140306198363
205.26526526526527,0.533825334866481
205.34534534534535,0.5333562333407406
205.42542542542543,0.5322084184118379
205.5055055055055,0.5320143899090338
205.5855855855856,0.5310816772395107
205.66566566566567,0.5309247408621514
205.74574574574575,0.5300731005482948
205.82582582582583,0.5299480254837866
205.9059059059059,0.5298548790593123
205.985985985986,0.5306221497740785
206.06606606606607,0.5305805985948432
206.14614614614615,0.5309407243519458
206.22622622622623,0.5302652118541508
206.3063063063063,0.5310892272268617
206.3863863863864,0.5308765368869212
206.46646646646647,0.5324956113044332
206.54654654654655,0.532616068308988
206.62662662662663,0.5339965733230397
206.7067067067067,0.5344159903695688
206.7867867867868,0.535715002990578
206.86686686686687,0.5362659952123356
206.94694694694695,0.5370288654655495
207.02702702702703,0.5375143770871266
207.1071071071071,0.5392051190605707
207.1871871871872,0.5408014890864212
207.26726726726727,0.5428087206246351
207.34734734734735,0.5436533082143507
207.42742742742743,0.5454880567630425
207.5075075075075,0.547265038582474
207.5875875875876,0.5496377908265051
207.66766766766767,0.5511208432414095
207.74774774774775,0.5524358606704702
207.82782782782783,0.5542684811926452
207.9079079079079,0.5563414491957602
207.987987987988,0.5589053091144688
208.06806806806807,0.5607597903644
208.14814814814815,0.5629233256451316
208.22822822822823,0.5644486478158964
208.3083083083083,0.5670922176751468
208.3883883883884,0.5692896381454291
208.46846846846847,0.5727219905806958
208.54854854854855,0.5747563250898556
208.62862862862863,0.5775808771319588
208.7087087087087,0.5789079329229895
208.7887887887888,0.5816337804339327
208.86886886886887,0.5835876646571976
208.94894894894895,0.5871043024714373
209.02902902902903,0.5892735459788977
209.1091091091091,0.5926828968593094
209.1891891891892,0.5946182157013911
209.26926926926927,0.5982729444096552
209.34934934934935,0.600505857428296
209.42942942942943,0.6048912429436021
209.5095095095095,0.607317470212854
209.5895895895896,0.6113611805081207
209.66966966966967,0.6134200583077769
209.74974974974975,0.6176258544033942
209.82982982982983,0.6206581004301444
209.9099099099099,0.6253033633419676
209.98998998999,0.6280761886820093
210.07007007007007,0.6322380839240646
210.15015015015015,0.6351619889838589
210.23023023023023,0.6398740418071274
210.3103103103103,0.6430237859720586
210.3903903903904,0.6479158298167836
210.47047047047047,0.6509559243381705
210.55055055055055,0.6553408207254484
210.63063063063063,0.6583410157093825
210.7107107107107,0.6627291174013324
210.7907907907908,0.666585401409959
210.87087087087087,0.6717804098420379
210.95095095095095,0.675617597931069
211.03103103103103,0.6801182260172431
211.11111111111111,0.6835281731458138
211.1911911911912,0.6879359887996327
211.27127127127127,0.6915527348228048
211.35135135135135,0.6954967966936473
211.43143143143143,0.6989528935740333
211.51151151151151,0.7026728579278189
211.5915915915916,0.7063623191594895
211.67167167167167,0.7099945623657642
211.75175175175175,0.7126407039035292
211.83183183183183,0.7145517961434853
211.91191191191191,0.7160571874346798
211.991991991992,0.7177566094002532
212.07207207207207,0.7200149083624946
212.15215215215215,0.7216497596982393
212.23223223223223,0.7225756024092213
212.31231231231232,0.7225176943425567
212.3923923923924,0.7224146763866165
212.47247247247248,0.7215548605982084
212.55255255255256,0.7209471281683032
212.63263263263264,0.719644198417232
212.71271271271272,0.718642375426145
212.7927927927928,0.7164197753353022
212.87287287287288,0.7142650327248239
212.95295295295296,0.7116075662857057
213.03303303303304,0.709141427077801
213.11311311311312,0.7060918165760087
213.1931931931932,0.7027868726440084
213.27327327327328,0.6989754201558345
213.35335335335336,0.6954658515554177
213.43343343343344,0.6906582601059582
213.51351351351352,0.6861715724102857
213.5935935935936,0.6808753912006056
213.67367367367368,0.6770869236675966
213.75375375375376,0.6727552701924341
213.83383383383384,0.6680604691156891
213.91391391391392,0.6632091955618136
213.993993993994,0.6584655311768086
214.07407407407408,0.6543087724388933
214.15415415415416,0.6493898563534043
214.23423423423424,0.6441771933978689
214.31431431431432,0.6391615925735495
214.3943943943944,0.6343931325031935
214.47447447447448,0.6297628268361405
214.55455455455456,0.6245627721504877
214.63463463463464,0.6192409117649582
214.71471471471472,0.6140552037131426
214.7947947947948,0.6089728889768101
214.87487487487488,0.6040852513024334
214.95495495495496,0.5992993111500358
215.03503503503504,0.5953277597990387
215.11511511511512,0.5911008760274012
215.1951951951952,0.5867493595533347
215.27527527527528,0.5822373902810986
215.35535535535536,0.5783248863266981
215.43543543543544,0.5744720743049575
215.51551551551552,0.5710960731299723
215.5955955955956,0.566883248665428
215.67567567567568,0.5635313623322802
215.75575575575576,0.559312482241655
215.83583583583584,0.5564667817679401
215.91591591591592,0.552982926445288
215.995995995996,0.55045912980887
216.07607607607608,0.5475063937622326
216.15615615615616,0.5447891193459505
216.23623623623624,0.5419203883819244
216.31631631631632,0.5395652073953701
216.3963963963964,0.5369470603954576
216.47647647647648,0.5351011707565319
216.55655655655656,0.5323580450215987
216.63663663663664,0.5301938826925112
216.71671671671672,0.5274851013134909
216.7967967967968,0.5257987133929762
216.87687687687688,0.5241425896058631
216.95695695695696,0.522426828708764
217.03703703703704,0.5206116190058788
217.11711711711712,0.51940332051624
217.1971971971972,0.5182013237954348
217.27727727727728,0.5177439160174495
217.35735735735736,0.5162335595559709
217.43743743743744,0.5162835805005848
217.51751751751752,0.5148563321777427
217.5975975975976,0.5148933580186097
217.67767767767768,0.5134077013553049
217.75775775775776,0.5135556195200986
217.83783783783784,0.5130524240220857
217.91791791791792,0.5130985568839151
217.997997997998,0.5132560867892323
218.07807807807808,0.5135472623656245
218.15815815815816,0.5142698987406528
218.23823823823824,0.5145456719722554
218.31831831831832,0.5149495989090047
218.3983983983984,0.5156946319147853
218.47847847847848,0.5164304020539097
218.55855855855856,0.5177618670208517
218.63863863863864,0.5186513322077282
218.71871871871872,0.5201771038241864
218.7987987987988,0.5213446541960687
218.87887887887888,0.5232094716820135
218.95895895895896,0.5248894452965379
219.03903903903904,0.5265950360208612
219.11911911911912,0.5280354344053808
219.1991991991992,0.5296096727921946
219.27927927927928,0.5319109281729135
219.35935935935936,0.5352534625805648
219.43943943943944,0.538026197132468
219.51951951951952,0.5405575883722652
219.5995995995996,0.5420475489642926
219.67967967967968,0.5441924072333204
219.75975975975976,0.5466935071927436
219.83983983983984,0.5494888959245654
219.91991991991992,0.5531439045302757
220.0,0.5562990076414956
