freq,trans_dB
140.0,-1.450930425434656
140.08008008008008,-1.3557328872136036
140.16016016016016,-1.324537330077594
140.24024024024024,-1.2401429349304256
140.32032032032032,-1.2020393881028402
140.4004004004004,-1.1050185802195043
140.48048048048048,-1.0984398934862663
140.56056056056056,-1.0557939729184067
140.64064064064064,-1.0266745698196682
140.72072072072072,-0.9820881164292999
140.8008008008008,-0.9338028577647514
140.88088088088088,-0.9204313599589768
140.96096096096096,-0.9168677166753334
141.04104104104104,-0.9160873706108354
141.12112112112112,-0.9210157516422357
141.2012012012012,-0.9053832081258135
141.28128128128128,-0.9165328180691262
141.36136136136136,-0.9410861064744931
141.44144144144144,-0.947136487765848
141.52152152152152,-0.9736811097836965
141.6016016016016,-1.0264880515423538
141.68168168168168,-1.0592365829934398
141.76176176176176,-1.0850434908754087
141.84184184184184,-1.137496765191336
141.92192192192192,-1.179783719094968
142.002002002002,-1.2554736748415771
142.08208208208208,-1.306907367713607
142.16216216216216,-1.3627257846120158
142.24224224224224,-1.4280776216666702
142.32232232232232,-1.5152179974984228
142.4024024024024,-1.5892074328830228
142.48248248248248,-1.6643325631534527
142.56256256256256,-1.731270283229246
142.64264264264264,-1.83313219034367
142.72272272272272,-1.8921670064674614
142.8028028028028,-1.9969337557169689
142.88288288288288,-2.038344022132354
142.96296296296296,-2.14950013654255
143.04304304304304,-2.230824401518048
143.12312312312312,-2.331105382372221
143.2032032032032,-2.377642527859579
143.28328328328328,-2.5089250970545183
143.36336336336336,-2.557425348226165
143.44344344344344,-2.6772725139856117
143.52352352352352,-2.7155641487654814
143.6036036036036,-2.84033544675596
143.68368368368368,-2.8937735709470207
143.76376376376376,-3.0252796987082142
143.84384384384384,-3.0789056559607606
143.92392392392392,-3.167501384008082
144.004004004004,-3.250562289084201
144.08408408408408,-3.322903529918487
144.16416416416416,-3.3844036844080048
144.24424424424424,-3.4746676868544224
144.32432432432432,-3.5315647134316226
144.4044044044044,-3.6095441128225088
144.48448448448448,-3.6832021068656484
144.56456456456456,-3.75082207593288
144.64464464464464,-3.8044259565476124
144.72472472472472,-3.8824929949774067
144.8048048048048,-3.9811738410751305
144.88488488488488,-3.976782037548951
144.96496496496496,-4.086179374568723
145.04504504504504,-4.096630557040611
145.12512512512512,-4.175041919435476
145.2052052052052,-4.223459675576073
145.28528528528528,-4.2910182805650665
145.36536536536536,-4.298852254723989
145.44544544544544,-4.369393694437392
145.52552552552552,-4.405189929390415
145.6056056056056,-4.460353804032773
145.68568568568568,-4.4684297400230335
145.76576576576576,-4.564792002180715
145.84584584584584,-4.551399665354793
145.92592592592592,-4.596584515408352
146.006006006006,-4.6124172979284355
146.08608608608608,-4.6407297099132405
146.16616616616616,-4.652080751242186
146.24624624624624,-4.687617143496655
146.32632632632632,-4.6881574479947785
146.4064064064064,-4.736891290164235
146.48648648648648,-4.7721286715192255
146.56656656656656,-4.779540582840174
146.64664664664664,-4.762015454402052
146.72672672672672,-4.791455921494633
146.8068068068068,-4.813079554053828
146.88688688688688,-4.80118239098467
146.96696696696696,-4.8209633930176174
147.04704704704704,-4.803879250639305
147.12712712712712,-4.802179349452906
147.2072072072072,-4.80873426697478
147.28728728728728,-4.780509405992626
147.36736736736736,-4.769345436779455
147.44744744744744,-4.786070299669807
147.52752752752752,-4.767617673100843
147.6076076076076,-4.7562336250759465
147.68768768768768,-4.72752753253064
147.76776776776777,-4.74189999620735
147.84784784784785,-4.691204043606508
147.92792792792793,-4.697650421003146
148.008008008008,-4.652045819902253
148.08808808808809,-4.603135767706636
148.16816816816817,-4.592760221856537
148.24824824824825,-4.576128319385166
148.32832832832833,-4.5315721193645135
148.4084084084084,-4.500589728268412
148.48848848848849,-4.447449329089308
148.56856856856857,-4.397204062948864
148.64864864864865,-4.375003194046045
148.72872872872873,-4.347467971994511
148.8088088088088,-4.290977286779294
148.88888888888889,-4.240494643444984
148.96896896896897,-4.178475212323225
149.04904904904905,-4.116528894463256
149.12912912912913,-4.08238188749527
149.2092092092092,-4.000162387091104
149.2892892892893,-3.9466068778666115
149.36936936936937,-3.8889012507619785
149.44944944944945,-3.833224607588297
149.52952952952953,-3.7633466037730745
149.6096096096096,-3.7041655066282853
149.6896896896897,-3.657863451507194
149.76976976976977,-3.5839387238335183
149.84984984984985,-3.512445284812127
149.92992992992993,-3.447395979429382
150.01001001001,-3.339695986899295
150.0900900900901,-3.2762575379484686
150.17017017017017,-3.203081897547493
150.25025025025025,-3.127500817434823
150.33033033033033,-3.0483465785850794
150.4104104104104,-2.956593333681694
150.4904904904905,-2.8674383592180983
150.57057057057057,-2.789852638590974
150.65065065065065,-2.733059433130518
150.73073073073073,-2.6540128677273356
150.8108108108108,-2.55880881781563
150.8908908908909,-2.486206756256806
150.97097097097097,-2.3838853066585997
151.05105105105105,-2.3031032285622137
151.13113113113113,-2.2233421753155405
151.2112112112112,-2.145709430989598
151.2912912912913,-2.055958098260956
151.37137137137137,-1.9811986154850467
151.45145145145145,-1.9075087317386128
151.53153153153153,-1.836767138668293
151.6116116116116,-1.7825002854470595
151.6916916916917,-1.6925472653859657
151.77177177177177,-1.6104420112690077
151.85185185185185,-1.5420252112354043
151.93193193193193,-1.4753147958216832
152.012012012012,-1.410784038478233
152.0920920920921,-1.3719010941203071
152.17217217217217,-1.3132184338420358
152.25225225225225,-1.256877878178412
152.33233233233233,-1.2158336991078507
152.4124124124124,-1.1745687294910496
152.4924924924925,-1.1414258261382582
152.57257257257257,-1.114743482552431
152.65265265265265,-1.094374321925796
152.73273273273273,-1.0704165413322118
152.8128128128128,-1.064871272649619
152.8928928928929,-1.0563465528187177
152.97297297297297,-1.064781085762669
153.05305305305305,-1.0779442917871707
153.13313313313313,-1.0861201674201808
153.2132132132132,-1.0852085648098873
153.2932932932933,-1.1194281578766059
153.37337337337337,-1.137057687336548
153.45345345345345,-1.1758848457831879
153.53353353353353,-1.2051915268873938
153.6136136136136,-1.254570707694444
153.6936936936937,-1.2927026076240222
153.77377377377377,-1.3497525559130723
153.85385385385385,-1.396501721786769
153.93393393393393,-1.4679147600206437
154.014014014014,-1.5229015134964972
154.0940940940941,-1.592037848804354
154.17417417417417,-1.649484606182171
154.25425425425425,-1.7221804292593574
154.33433433433433,-1.7897124012316468
154.4144144144144,-1.8725183714972709
154.4944944944945,-1.9350544603731286
154.57457457457457,-2.022227765172518
154.65465465465465,-2.116974136159175
154.73473473473473,-2.1939591829530167
154.8148148148148,-2.267877952820217
154.8948948948949,-2.3605882910305587
154.97497497497497,-2.4390277181657534
155.05505505505505,-2.528699241314954
155.13513513513513,-2.595285172097561
155.2152152152152,-2.687678495945494
155.2952952952953,-2.765583804588199
155.37537537537537,-2.8644352154710444
155.45545545545545,-2.9457285576516474
155.53553553553553,-3.01525609141736
155.6156156156156,-3.1088408122473226
155.6956956956957,-3.1785093461085054
155.77577577577577,-3.246071206112754
155.85585585585585,-3.3497162744689195
155.93593593593593,-3.4040073165285025
156.016016016016,-3.477969711435325
156.0960960960961,-3.5569841936999627
156.17617617617617,-3.6252602650563284
156.25625625625625,-3.690376353894174
156.33633633633633,-3.7701353684468515
156.4164164164164,-3.839730136355562
156.4964964964965,-3.882639337482434
156.57657657657657,-3.9596367183274284
156.65665665665665,-4.018069302803357
156.73673673673673,-4.068295236278401
156.8168168168168,-4.138320037972663
156.8968968968969,-4.192638697909996
156.97697697697697,-4.235408792197676
157.05705705705705,-4.3060201842172985
157.13713713713713,-4.339715882329809
157.2172172172172,-4.382613657708198
157.2972972972973,-4.44704225751344
157.37737737737737,-4.48025134519786
157.45745745745745,-4.514435270053655
157.53753753753753,-4.575043779973495
157.6176176176176,-4.595193164876134
157.6976976976977,-4.6240300331258535
157.77777777777777,-4.6667944813249145
157.85785785785785,-4.706897364326407
157.93793793793793,-4.713624166755415
158.018018018018,-4.7476168925347055
158.0980980980981,-4.770250459545248
158.17817817817817,-4.766853035302949
158.25825825825825,-4.820709412801374
158.33833833833833,-4.844369483044032
158.4184184184184,-4.843296992572648
158.4984984984985,-4.867697335571156
158.57857857857857,-4.868767739146449
158.65865865865865,-4.873743763077687
158.73873873873873,-4.880002311558121
158.8188188188188,-4.898580552129326
158.8988988988989,-4.891670809689827
158.97897897897897,-4.895388232500166
159.05905905905905,-4.916400708468147
159.13913913913913,-4.882351196963845
159.2192192192192,-4.891626558060523
159.2992992992993,-4.879222615948944
159.37937937937937,-4.8708857274923805
159.45945945945945,-4.845520991781888
159.53953953953953,-4.840154987878779
159.6196196196196,-4.801996890988989
159.6996996996997,-4.7838012625615995
159.77977977977977,-4.7725115289557145
159.85985985985985,-4.752278475475933
159.93993993993993,-4.719552070892489
160.02002002002,-4.702687711538881
160.1001001001001,-4.641336951322999
160.18018018018017,-4.627171845351525
160.26026026026025,-4.594968853092935
160.34034034034033,-4.552862549367776
160.4204204204204,-4.513128518733258
160.5005005005005,-4.467187086951968
160.58058058058057,-4.421982596375794
160.66066066066065,-4.378576704606343
160.74074074074073,-4.333459070042326
160.8208208208208,-4.293936465289085
160.9009009009009,-4.237410939691455
160.98098098098097,-4.183727795514634
161.06106106106105,-4.1240481776885005
161.14114114114113,-4.063137317538648
161.2212212212212,-3.998852364994401
161.3013013013013,-3.9305141502715237
161.38138138138137,-3.8768882411560215
161.46146146146145,-3.8073212611554608
161.54154154154153,-3.7432768070493476
161.6216216216216,-3.6769933762818146
161.7017017017017,-3.614506261437173
161.78178178178177,-3.546725929290149
161.86186186186185,-3.4605260070754147
161.94194194194193,-3.394239493925226
162.022022022022,-3.3092033920349415
162.1021021021021,-3.23820800520863
162.18218218218217,-3.1598248294612366
162.26226226226225,-3.0922316934913052
162.34234234234233,-3.0096971475640952
162.42242242242241,-2.9225036450927426
162.5025025025025,-2.8399405830202125
162.58258258258257,-2.759974046411322
162.66266266266265,-2.6794054525163498
162.74274274274273,-2.6061125796040816
162.82282282282281,-2.5213504992528564
162.9029029029029,-2.4414885392917203
162.98298298298297,-2.352413169275033
163.06306306306305,-2.267437814608644
163.14314314314313,-2.188454634378423
163.22322322322321,-2.1088309599379342
163.3033033033033,-2.0317904736573937
163.38338338338338,-1.963384283219732
163.46346346346346,-1.891649180276311
163.54354354354354,-1.8239025858950435
163.62362362362362,-1.7608309886368025
163.7037037037037,-1.6814861243806263
163.78378378378378,-1.6190106596675449
163.86386386386386,-1.5538917451355592
163.94394394394394,-1.5019561033309172
164.02402402402402,-1.4481002742659288
164.1041041041041,-1.4122373982576175
164.18418418418418,-1.3608395227685204
164.26426426426426,-1.3286445152241737
164.34434434434434,-1.2907589334465477
164.42442442442442,-1.2723952434541441
164.5045045045045,-1.2457647918053556
164.58458458458458,-1.236308204066373
164.66466466466466,-1.2172902172850264
164.74474474474474,-1.2215570480672397
164.82482482482482,-1.206474717173962
164.9049049049049,-1.2167953340895448
164.98498498498498,-1.2237235030468727
165.06506506506506,-1.2461908937038881
165.14514514514514,-1.2621747634553697
165.22522522522522,-1.2915698328831753
165.3053053053053,-1.323696401999743
165.38538538538538,-1.3697202690828998
165.46546546546546,-1.4104444953927031
165.54554554554554,-1.4547315549396593
165.62562562562562,-1.5041269596108982
165.7057057057057,-1.558713530560606
165.78578578578578,-1.6200283019585753
165.86586586586586,-1.6740539744666316
165.94594594594594,-1.7336406070956676
166.02602602602602,-1.8060698538862692
166.1061061061061,-1.874255303704771
166.18618618618618,-1.9413546712141891
166.26626626626626,-2.024930686796995
166.34634634634634,-2.0981196905005626
166.42642642642642,-2.1790899933336187
166.5065065065065,-2.2582886977017274
166.58658658658658,-2.3414180888363685
166.66666666666666,-2.4076419323717406
166.74674674674674,-2.501108481849319
166.82682682682682,-2.572090140999126
166.9069069069069,-2.659735756030571
166.98698698698698,-2.7442943173863608
167.06706706706706,-2.8273675522346697
167.14714714714714,-2.899203722286436
167.22722722722722,-2.996182910422906
167.3073073073073,-3.072973542973639
167.38738738738738,-3.148134282417252
167.46746746746746,-3.223196340188089
167.54754754754754,-3.3058004644879926
167.62762762762762,-3.3654697223426626
167.7077077077077,-3.450706954701
167.78778778778778,-3.5326983518404806
167.86786786786786,-3.5943065804470367
167.94794794794794,-3.672940488843336
168.02802802802802,-3.7485294991759
168.1081081081081,-3.817776758043716
168.18818818818818,-3.880535538764952
168.26826826826826,-3.955634342477818
168.34834834834834,-3.9940757456209752
168.42842842842842,-4.0620655264549415
168.5085085085085,-4.132966709230542
168.58858858858858,-4.184194018773783
168.66866866866866,-4.233905899574939
168.74874874874874,-4.313682127342087
168.82882882882882,-4.351554738989002
168.9089089089089,-4.41229669813531
168.98898898898898,-4.462883675614771
169.06906906906906,-4.517275971118431
169.14914914914914,-4.537805101041118
169.22922922922922,-4.600661340171245
169.3093093093093,-4.612037396334154
169.38938938938938,-4.666854477936039
169.46946946946946,-4.7044621168862175
169.54954954954954,-4.74784744011727
169.62962962962962,-4.7559402230776735
169.7097097097097,-4.814321132774105
169.78978978978978,-4.82575887443982
169.86986986986986,-4.855956314589701
169.94994994994994,-4.884357006947913
170.03003003003002,-4.907597231874633
170.1101101101101,-4.906146572270519
170.19019019019018,-4.938699846661218
170.27027027027026,-4.940194889047263
170.35035035035034,-4.947237122787041
170.43043043043042,-4.965379028552033
170.5105105105105,-4.9793163738025195
170.59059059059058,-4.976915281741718
170.67067067067066,-4.998359992956772
170.75075075075074,-5.0010588539732534
170.83083083083082,-4.992034871969504
170.9109109109109,-5.005234166104855
170.99099099099098,-4.991331833432499
171.07107107107106,-4.969271906555007
171.15115115115114,-4.959418505647933
171.23123123123122,-4.947602937873196
171.3113113113113,-4.920122402685476
171.39139139139138,-4.931525302835446
171.47147147147146,-4.9173159212834685
171.55155155155154,-4.889622537634645
171.63163163163162,-4.874670836066223
171.7117117117117,-4.853866218455505
171.79179179179178,-4.803208365140482
171.87187187187186,-4.796142453257141
171.95195195195194,-4.761143935458448
172.03203203203202,-4.716054054627788
172.11211211211213,-4.668698430473916
172.19219219219218,-4.646663456704623
172.2722722722723,-4.580784414575421
172.35235235235234,-4.559653428068689
172.43243243243245,-4.5239024275975375
172.5125125125125,-4.4747543195475945
172.5925925925926,-4.413233328089691
172.67267267267266,-4.3736879673182685
172.75275275275277,-4.30190773909134
172.83283283283282,-4.25848695423762
172.91291291291293,-4.200991941481567
172.99299299299298,-4.135911399131805
173.0730730730731,-4.061712435319686
173.15315315315314,-4.02315914273812
173.23323323323325,-3.949886435024392
173.3133133133133,-3.896157103261606
173.3933933933934,-3.8243191932864287
173.47347347347346,-3.748005428206895
173.55355355355357,-3.6755075875334
173.63363363363362,-3.611257456795543
173.71371371371373,-3.5205385928061808
173.79379379379378,-3.45896727084751
173.8738738738739,-3.393381214214977
173.95395395395394,-3.310142302377637
174.03403403403405,-3.224899180160924
174.1141141141141,-3.157521474691221
174.1941941941942,-3.079263903289165
174.27427427427426,-2.999021145981021
174.35435435435437,-2.920329123473982
174.43443443443442,-2.8345515215376373
174.51451451451453,-2.7519608174257693
174.59459459459458,-2.670622466816042
174.6746746746747,-2.5796064597824215
174.75475475475474,-2.5005814079388315
174.83483483483485,-2.437070083164217
174.9149149149149,-2.354099813441844
174.994994994995,-2.277664252143985
175.07507507507506,-2.2014768656831336
175.15515515515517,-2.129593757450845
175.23523523523522,-2.04668060983534
175.31531531531533,-1.9810617869478016
175.39539539539538,-1.909125453546691
175.4754754754755,-1.8508640775741718
175.55555555555554,-1.7820316454291567
175.63563563563565,-1.7218657608936532
175.7157157157157,-1.666563120435268
175.7957957957958,-1.6259980189453034
175.87587587587586,-1.5757040275570584
175.95595595595597,-1.5368500784568169
176.03603603603602,-1.4926257064987776
176.11611611611613,-1.4615520518045306
176.19619619619618,-1.425879259390026
176.2762762762763,-1.3986955741442837
176.35635635635634,-1.3761175463952275
176.43643643643645,-1.375646945354604
176.5165165165165,-1.3667493592161462
176.5965965965966,-1.357574260852366
176.67667667667666,-1.354695714100258
176.75675675675677,-1.3660573140422698
176.83683683683682,-1.379733673755068
176.91691691691693,-1.4056404189062277
176.99699699699698,-1.4170073676526989
177.0770770770771,-1.4470958144687003
177.15715715715714,-1.4865356896451756
177.23723723723725,-1.5230120880279845
177.3173173173173,-1.5587789895104898
177.3973973973974,-1.6108309318927327
177.47747747747746,-1.6526140758153214
177.55755755755757,-1.7017750040899506
177.63763763763762,-1.7622693742226887
177.71771771771773,-1.8246126279851835
177.79779779779778,-1.88834442037171
177.8778778778779,-1.9636084211854516
177.95795795795794,-2.0326374937901943
178.03803803803805,-2.094560616609637
178.1181181181181,-2.1748184238092096
178.1981981981982,-2.247974816745877
178.27827827827826,-2.31628493905822
178.35835835835837,-2.4008436488739195
178.43843843843842,-2.4756041180928445
178.51851851851853,-2.548821293146953
178.59859859859858,-2.633328319839449
178.6786786786787,-2.716077399744018
178.75875875875874,-2.795742463537638
178.83883883883885,-2.8739210132841215
178.9189189189189,-2.9556976284138616
178.998998998999,-3.0292098290821037
179.07907907907907,-3.106409868565894
179.15915915915917,-3.1854066933495435
179.23923923923923,-3.261919445250056
179.31931931931933,-3.345849950775063
179.39939939939939,-3.4148355603381426
179.4794794794795,-3.481342422633252
179.55955955955955,-3.5700438237165093
179.63963963963965,-3.6530810634364834
179.7197197197197,-3.719743929879853
179.7997997997998,-3.7811219998471928
179.87987987987987,-3.856576504118612
179.95995995995997,-3.9247551309964934
180.04004004004003,-3.9849508358193386
180.12012012012013,-4.049675022692798
180.2002002002002,-4.110146363584033
180.2802802802803,-4.1696227203059255
180.36036036036035,-4.230838043153842
180.44044044044045,-4.287872834738812
180.5205205205205,-4.3398264653580485
180.60060060060061,-4.405865377774683
180.68068068068067,-4.4632812465840015
180.76076076076077,-4.504435184785121
180.84084084084083,-4.55143343561341
180.92092092092093,-4.592564150348928
181.001001001001,-4.63261445287893
181.0810810810811,-4.68352555836004
181.16116116116115,-4.728632303346626
181.24124124124126,-4.758724737038049
181.3213213213213,-4.786655700141923
181.40140140140142,-4.820178173342298
181.48148148148147,-4.854381727366667
181.56156156156158,-4.887605758368068
181.64164164164163,-4.920843383362163
181.72172172172174,-4.9460103079297895
181.8018018018018,-4.958190254144578
181.8818818818819,-4.978197497780204
181.96196196196195,-5.0004449751452125
182.04204204204206,-5.024621786689585
182.1221221221221,-5.039562862797086
182.20220220220222,-5.037842509018011
182.28228228228227,-5.046845107500604
182.36236236236238,-5.0682687032086795
182.44244244244243,-5.077058914866279
182.52252252252254,-5.073066875347576
182.6026026026026,-5.073174627804228
182.6826826826827,-5.072625101250155
182.76276276276275,-5.072037896647489
182.84284284284286,-5.067498730445028
182.9229229229229,-5.060059633355606
183.00300300300302,-5.053345030632651
183.08308308308307,-5.040128803529363
183.16316316316318,-5.018300353479576
183.24324324324323,-4.994007967413183
183.32332332332334,-4.98270722393396
183.4034034034034,-4.970785952765992
183.4834834834835,-4.935689904428897
183.56356356356355,-4.910826567914629
183.64364364364366,-4.88582671542736
183.7237237237237,-4.856694750914602
183.80380380380382,-4.823212777053814
183.88388388388387,-4.794743647946803
183.96396396396398,-4.76029490563892
184.04404404404403,-4.725495032857389
184.12412412412414,-4.684960761434918
184.2042042042042,-4.6360750411821625
184.2842842842843,-4.601080319125211
184.36436436436435,-4.55510438060048
184.44444444444446,-4.508051048394433
184.5245245245245,-4.456476936198183
184.60460460460462,-4.396301903882003
184.68468468468467,-4.342992572956313
184.76476476476478,-4.285724036958747
184.84484484484483,-4.232935487468979
184.92492492492494,-4.165717024397199
185.005005005005,-4.112645010597746
185.0850850850851,-4.0527908674436794
185.16516516516515,-3.9900487015101893
185.24524524524526,-3.925641262299733
185.3253253253253,-3.847281756775608
185.40540540540542,-3.7691895510303706
185.48548548548547,-3.7064397638315616
185.56556556556558,-3.634998409118127
185.64564564564563,-3.5508033607183336
185.72572572572574,-3.474838181754689
185.8058058058058,-3.40811792138893
185.8858858858859,-3.333004836470407
185.96596596596595,-3.265131791356694
186.04604604604606,-3.1865506486531463
186.1261261261261,-3.0984128733739085
186.20620620620622,-3.0126577239996535
186.28628628628627,-2.9314047502411866
186.36636636636638,-2.8570024958608062
186.44644644644643,-2.7860300103837217
186.52652652652654,-2.7077314643830594
186.6066066066066,-2.621961283207608
186.6866866866867,-2.542742131793761
186.76676676676675,-2.465041712967196
186.84684684684686,-2.3873581681324096
186.9269269269269,-2.3218160306071787
187.00700700700702,-2.254542489277265
187.08708708708707,-2.187667995233465
187.16716716716718,-2.1148798636640147
187.24724724724723,-2.0391027439415654
187.32732732732734,-1.9828627989794692
187.4074074074074,-1.9263730005493747
187.4874874874875,-1.8609347830245504
187.56756756756755,-1.803548612861514
187.64764764764766,-1.7548331482225739
187.7277277277277,-1.7115960719469356
187.80780780780782,-1.6782166850997682
187.88788788788787,-1.6438445115192915
187.96796796796798,-1.5998458978666863
188.04804804804803,-1.5739922260155816
188.12812812812814,-1.5502545243438255
188.2082082082082,-1.5302960387805042
188.2882882882883,-1.5207556549316497
188.36836836836835,-1.5197821913488925
188.44844844844846,-1.5082839601726485
188.5285285285285,-1.5125890392650077
188.60860860860862,-1.5186563606984076
188.68868868868867,-1.5267792425548963
188.76876876876878,-1.5521397521347253
188.84884884884883,-1.5830812636726612
188.92892892892894,-1.6031906974592522
189.009009009009,-1.6351711751086992
189.0890890890891,-1.677297651151254
189.16916916916915,-1.7083843947455952
189.24924924924926,-1.7561673616461193
189.3293293293293,-1.8072427612439472
189.40940940940942,-1.8494572472199113
189.48948948948947,-1.9143348787746721
189.56956956956958,-1.9674132947576335
189.64964964964963,-2.0317236309607414
189.72972972972974,-2.100196342564549
189.8098098098098,-2.1711151097735457
189.8898898898899,-2.2305668130826786
189.96996996996995,-2.2987528797262295
190.05005005005006,-2.375716375933857
190.1301301301301,-2.455582458460796
190.21021021021022,-2.5378391218404683
190.29029029029027,-2.613242729685947
190.37037037037038,-2.6845896968800527
190.45045045045043,-2.7732284552589226
190.53053053053054,-2.850091206994862
190.6106106106106,-2.9255848648675715
190.6906906906907,-3.007843943559414
190.77077077077075,-3.087486390365097
190.85085085085086,-3.168431816003508
190.9309309309309,-3.2381302003866472
191.01101101101102,-3.3182282927229316
191.09109109109107,-3.400083265585141
191.17117117117118,-3.4797602181039267
191.25125125125123,-3.553941477211215
191.33133133133134,-3.6220176351462685
191.41141141141142,-3.6944281359027316
191.4914914914915,-3.771813545185919
191.57157157157158,-3.845122736995812
191.65165165165166,-3.9262357224295097
191.73173173173174,-3.984273542493025
191.81181181181182,-4.056299737139376
191.8918918918919,-4.119827358958474
191.97197197197198,-4.189671179481365
192.05205205205206,-4.23914786048437
192.13213213213214,-4.31100551904373
192.21221221221222,-4.368895081961858
192.2922922922923,-4.424646369229189
192.37237237237238,-4.478848096098873
192.45245245245246,-4.531773465815418
192.53253253253254,-4.590765914207071
192.61261261261262,-4.653361937215454
192.6926926926927,-4.6823946543848844
192.77277277277278,-4.730505894159622
192.85285285285286,-4.774696838523032
192.93293293293294,-4.818415732693059
193.01301301301302,-4.85478594674391
193.0930930930931,-4.8994110551292405
193.17317317317318,-4.937938259581745
193.25325325325326,-4.97714708253298
193.33333333333334,-5.004523806272724
193.41341341341342,-5.022718259910376
193.4934934934935,-5.0532437081579085
193.57357357357358,-5.0805597191571765
193.65365365365366,-5.107715974598589
193.73373373373374,-5.1226479082021275
193.81381381381382,-5.1531663554406535
193.8938938938939,-5.166383316836961
193.97397397397398,-5.1734494377720335
194.05405405405406,-5.172479773973409
194.13413413413414,-5.188468622935462
194.21421421421422,-5.2066946850496745
194.2942942942943,-5.227097686635088
194.37437437437438,-5.215397542538367
194.45445445445446,-5.212180425230514
194.53453453453454,-5.214410445178318
194.61461461461462,-5.2122893834698445
194.6946946946947,-5.193936048930634
194.77477477477478,-5.206284168555366
194.85485485485486,-5.197654803979867
194.93493493493494,-5.189102643474854
195.01501501501502,-5.177718069251065
195.0950950950951,-5.154374044935324
195.17517517517518,-5.128959481015265
195.25525525525526,-5.114320816554897
195.33533533533534,-5.0917883510419655
195.41541541541542,-5.05581019112908
195.4954954954955,-5.03760469732661
195.57557557557558,-5.026750726940833
195.65565565565566,-4.992133770411697
195.73573573573574,-4.9548307776229725
195.81581581581582,-4.918871288971391
195.8958958958959,-4.867893656522425
195.97597597597598,-4.836521738646119
196.05605605605606,-4.8002835668894885
196.13613613613614,-4.759207065167998
196.21621621621622,-4.709958513596218
196.2962962962963,-4.662136340823948
196.37637637637638,-4.592468011115477
196.45645645645646,-4.5489480253905175
196.53653653653654,-4.489204247556595
196.61661661661662,-4.447255757080821
196.6966966966967,-4.391461142713628
196.77677677677679,-4.335492913552702
196.85685685685687,-4.264376154914592
196.93693693693695,-4.216711412572183
197.01701701701703,-4.140095227925547
197.0970970970971,-4.070726481928618
197.17717717717719,-4.002677696954751
197.25725725725727,-3.9375223316816417
197.33733733733735,-3.8717380461716533
197.41741741741743,-3.7892833201290035
197.4974974974975,-3.7187427528486126
197.57757757757759,-3.6475493928778873
197.65765765765767,-3.5748537350716387
197.73773773773775,-3.500810080555135
197.81781781781783,-3.413660124392021
197.8978978978979,-3.339406802022263
197.977977977978,-3.26177610058602
198.05805805805807,-3.1934503538528687
198.13813813813815,-3.106987277412391
198.21821821821823,-3.0319642524657744
198.2982982982983,-2.9475427274149
198.3783783783784,-2.8772957881254353
198.45845845845847,-2.7878196958949637
198.53853853853855,-2.722232778571768
198.61861861861863,-2.6416785327093435
198.6986986986987,-2.562426435761769
198.7787787787788,-2.4924841341656614
198.85885885885887,-2.4205437607019658
198.93893893893895,-2.3457900988202174
199.01901901901903,-2.263304508532569
199.0990990990991,-2.1980696568664704
199.1791791791792,-2.143464739689972
199.25925925925927,-2.0885133927805373
199.33933933933935,-2.026917920963888
199.41941941941943,-1.963197041956625
199.4994994994995,-1.915670913712674
199.5795795795796,-1.8676524949589612
199.65965965965967,-1.831844980410616
199.73973973973975,-1.7937426586914116
199.81981981981983,-1.7586230250816228
199.8998998998999,-1.7266705969802736
199.97997997998,-1.709855281465415
200.06006006006007,-1.682961626076545
200.14014014014015,-1.6694732109817536
200.22022022022023,-1.6766773815934954
200.3003003003003,-1.6656951876508577
200.3803803803804,-1.6687043266219197
200.46046046046047,-1.6717982816490906
200.54054054054055,-1.6737559330804523
200.62062062062063,-1.688885999049232
200.7007007007007,-1.7185900018755866
200.7807807807808,-1.738782045459333
200.86086086086087,-1.7851262509287413
200.94094094094095,-1.8142277904199122
201.02102102102103,-1.8600719855424244
201.1011011011011,-1.90345220333195
201.1811811811812,-1.9552699335522452
201.26126126126127,-2.0107308523400023
201.34134134134135,-2.0612109042583002
201.42142142142143,-2.1259443144484447
201.5015015015015,-2.190057243572249
201.5815815815816,-2.251330586545898
201.66166166166167,-2.3308299291194157
201.74174174174175,-2.3841560833052196
201.82182182182183,-2.4646166668169553
201.9019019019019,-2.5236008717262712
201.981981981982,-2.612392134825035
202.06206206206207,-2.68964191145843
202.14214214214215,-2.7693358124168515
202.22222222222223,-2.8346371162253705
202.3023023023023,-2.9262538742813633
202.3823823823824,-2.9941077620415717
202.46246246246247,-3.0716735310515246
202.54254254254255,-3.1526216432519814
202.62262262262263,-3.23430154998801
202.7027027027027,-3.3238566002959753
202.7827827827828,-3.4088854218561124
202.86286286286287,-3.4854318825248307
202.94294294294295,-3.560039847112953
203.02302302302303,-3.6409946419291703
203.1031031031031,-3.705590316088403
203.1831831831832,-3.779640017754974
203.26326326326327,-3.85797940223578
203.34334334334335,-3.93662701828212
203.42342342342343,-4.006147392084365
203.5035035035035,-4.084651620176721
203.5835835835836,-4.152268854481853
203.66366366366367,-4.20838830260544
203.74374374374375,-4.285608974263911
203.82382382382383,-4.3421623427936655
203.9039039039039,-4.407230507647797
203.983983983984,-4.462574537416425
204.06406406406407,-4.535885345612717
204.14414414414415,-4.576977915884544
204.22422422422423,-4.635589254096031
204.3043043043043,-4.683755817382611
204.3843843843844,-4.741556557258627
204.46446446446447,-4.794329624629511
204.54454454454455,-4.851866481138429
204.62462462462463,-4.875512947834206
204.7047047047047,-4.926756140772462
204.7847847847848,-4.973393338369299
204.86486486486487,-5.024566833208679
204.94494494494495,-5.05521673051875
205.02502502502503,-5.093178447389796
205.1051051051051,-5.123152068825677
205.1851851851852,-5.156965514417765
205.26526526526527,-5.194699172533693
205.34534534534535,-5.220474183752312
205.42542542542543,-5.250884057348523
205.5055055055055,-5.276135893223918
205.5855855855856,-5.2941760614284155
205.66566566566567,-5.311029530845712
205.74574574574575,-5.342109702441531
205.82582582582583,-5.343324815507933
205.9059059059059,-5.351267081246834
205.985985985986,-5.345277862532049
206.06606606606607,-5.382707862463936
206.14614614614615,-5.361729549123836
206.22622622622623,-5.399909814817637
206.3063063063063,-5.365410835204369
206.3863863863864,-5.377282001466721
206.46646646646647,-5.358778267549613
206.54654654654655,-5.365340023802463
206.62662662662663,-5.327382551920032
206.7067067067067,-5.35332804185184
206.7867867867868,-5.321545642697822
206.86686686686687,-5.322231578649648
206.94694694694695,-5.295546107076271
207.02702702702703,-5.292575059209831
207.1071071071071,-5.236377255709992
207.1871871871872,-5.243431560295984
207.26726726726727,-5.204989436785952
207.34734734734735,-5.170765465811493
207.42742742742743,-5.14705617119285
207.5075075075075,-5.105919431633656
207.5875875875876,-5.079033148759655
207.66766766766767,-5.046405391921018
207.74774774774775,-5.011935830365584
207.82782782782783,-4.972141360172925
207.9079079079079,-4.924129633737946
207.987987987988,-4.881761593510726
208.06806806806807,-4.824538696442285
208.14814814814815,-4.767971198591857
208.22822822822823,-4.752923570202228
208.3083083083083,-4.660745171544393
208.3883883883884,-4.6421118058355395
208.46846846846847,-4.540651883364652
208.54854854854855,-4.513920259743324
208.62862862862863,-4.422594214698147
208.7087087087087,-4.404623635654525
208.7887887887888,-4.295805863421704
208.86886886886887,-4.277079842742138
208.94894894894895,-4.168739335571678
209.02902902902903,-4.136928830709663
209.1091091091091,-4.023759463145131
209.1891891891892,-3.995682225032528
209.26926926926927,-3.8659613722479236
209.34934934934935,-3.8526501112676343
209.42942942942943,-3.7209665048605047
209.5095095095095,-3.6945534043176913
209.5895895895896,-3.5636883980817142
209.66966966966967,-3.537332566930994
209.74974974974975,-3.4176553566864105
209.82982982982983,-3.3743625445744376
209.9099099099099,-3.2536906316862444
209.98998998999,-3.210979962951702
210.07007007007007,-3.1184370922574876
210.15015015015015,-3.0630713609986757
210.23023023023023,-2.9454972430696045
210.3103103103103,-2.895387923262613
210.3903903903904,-2.791874374929221
210.47047047047047,-2.737188231805124
210.55055055055055,-2.64524976915494
210.63063063063063,-2.614405856268206
210.7107107107107,-2.510889157539164
210.7907907907908,-2.4657967870790305
210.87087087087087,-2.368403550348338
210.95095095095095,-2.3241011329003096
211.03103103103103,-2.2429016569049143
211.11111111111111,-2.1881869216084806
211.1911911911912,-2.1243362667630223
211.27127127127127,-2.0762070738003535
211.35135135135135,-2.030696600932322
211.43143143143143,-1.9974396970645865
211.51151151151151,-1.944433820195108
211.5915915915916,-1.9088446706388251
211.67167167167167,-1.8695167960114618
211.75175175175175,-1.8522703538981897
211.83183183183183,-1.8428805336895129
211.91191191191191,-1.8162057380262218
211.991991991992,-1.8224848765025612
212.07207207207207,-1.7735126884847525
212.15215215215215,-1.8009489775299499
212.23223223223223,-1.7778649848184762
212.31231231231232,-1.8107719935879019
212.3923923923924,-1.8165875003964098
212.47247247247248,-1.8452400840552112
212.55255255255256,-1.854059105367307
212.63263263263264,-1.8861724513989833
212.71271271271272,-1.9133046587701665
212.7927927927928,-1.9608334668065575
212.87287287287288,-2.002167857792424
212.95295295295296,-2.044358260295317
213.03303303303304,-2.0818104663843418
213.11311311311312,-2.152278821595485
213.1931931931932,-2.2070655358896336
213.27327327327328,-2.2682492761133553
213.35335335335336,-2.322598486642669
213.43343343343344,-2.421540294515847
213.51351351351352,-2.47913788741025
213.5935935935936,-2.550200197356917
213.67367367367368,-2.6043283083396465
213.75375375375376,-2.689758780413104
213.83383383383384,-2.772315466442496
213.91391391391392,-2.8456293887988746
213.993993993994,-2.912766560817214
214.07407407407408,-2.9873220125494457
214.15415415415416,-3.0888617633328606
214.23423423423424,-3.17125568572124
214.31431431431432,-3.2448501688391795
214.3943943943944,-3.3403720294552386
214.47447447447448,-3.4019264478359186
214.55455455455456,-3.4862541734849266
214.63463463463464,-3.5794792556533768
214.71471471471472,-3.657934601946304
214.7947947947948,-3.7378352102881816
214.87487487487488,-3.81988916274322
214.95495495495496,-3.8896272277963324
215.03503503503504,-3.9550994402563866
215.11511511511512,-4.051743589720776
215.1951951951952,-4.106985180152436
215.27527527527528,-4.199552822436396
215.35535535535536,-4.259757625413035
215.43543543543544,-4.354188499439634
215.51551551551552,-4.386330526542615
215.5955955955956,-4.491284216724408
215.67567567567568,-4.516124420039663
215.75575575575576,-4.61376664328048
215.83583583583584,-4.6619548016318015
215.91591591591592,-4.720909081510161
215.995995995996,-4.763102157803509
216.07607607607608,-4.837105901615059
216.15615615615616,-4.862862950737977
216.23623623623624,-4.942127767637978
216.31631631631632,-4.982120444286537
216.3963963963964,-5.037897552540919
216.47647647647648,-5.053949234323316
216.55655655655656,-5.131667318835032
216.63663663663664,-5.15637618524603
216.71671671671672,-5.202223652686134
216.7967967967968,-5.248842549865472
216.87687687687688,-5.26875400490351
216.95695695695696,-5.318622822732651
217.03703703703704,-5.353753583782916
217.11711711711712,-5.372004874166207
217.1971971971972,-5.430547683070822
217.27727727727728,-5.428732377381191
217.35735735735736,-5.45574526421954
217.43743743743744,-5.443501016698786
217.51751751751752,-5.485679804053467
217.5975975975976,-5.527750655257704
217.67767767767768,-5.535754449894077
217.75775775775776,-5.548128280192977
217.83783783783784,-5.539674383974813
217.91791791791792,-5.563941800502529
217.997997997998,-5.569579085877563
218.07807807807808,-5.560302025951721
218.15815815815816,-5.5770517111339
218.23823823823824,-5.550193678502938
218.31831831831832,-5.568767568460063
218.3983983983984,-5.541719583896799
218.47847847847848,-5.550526027277499
218.55855855855856,-5.513088379818268
218.63863863863864,-5.520387984599832
218.71871871871872,-5.49801131516926
218.7987987987988,-5.491563055508615
218.87887887887888,-5.433481896676901
218.95895895895896,-5.433712256368305
219.03903903903904,-5.418531894440165
219.11911911911912,-5.419647443280859
219.1991991991992,-5.3688124075547865
219.27927927927928,-5.319814676657016
219.35935935935936,-5.258974425987572
219.43943943943944,-5.247983738535378
219.51951951951952,-5.235051832281222
219.5995995995996,-5.2073003920996275
219.67967967967968,-5.17170554219596
219.75975975975976,-5.114392550919019
219.83983983983984,-5.104117108351458
219.91991991991992,-5.008261263268651
220.0,-4.9780959319343
