freq,trans
140.0,0.7070344441669724
140.08008008008008,0.7107204396477057
140.16016016016016,0.7128306505621268
140.24024024024024,0.7178723957653241
140.32032032032032,0.7223369230954763
140.4004004004004,0.7284878619488244
140.48048048048048,0.7334513609120701
140.56056056056056,0.7382484937262
140.64064064064064,0.7427744948654578
140.72072072072072,0.7478854657255222
140.8008008008008,0.7539377591932563
140.88088088088088,0.7592204975633382
140.96096096096096,0.7654111140959436
141.04104104104104,0.7706256253106134
141.12112112112112,0.7765974090180644
141.2012012012012,0.7815668092582124
141.28128128128128,0.7871797760913707
141.36136136136136,0.7925084617539664
141.44144144144144,0.7989942517377452
141.52152152152152,0.8048884521317099
141.6016016016016,0.8111668041516169
141.68168168168168,0.8159629171586109
141.76176176176176,0.8217107708836084
141.84184184184184,0.8262451784752847
141.92192192192192,0.8323345856478797
142.002002002002,0.8368771055793086
142.08208208208208,0.8426396412242823
142.16216216216216,0.8465458752290556
142.24224224224224,0.85199473255188
142.32232232232232,0.8556655790414834
142.4024024024024,0.8611419875908626
142.48248248248248,0.8643131215775322
142.56256256256256,0.8691432486595203
142.64264264264264,0.871431951789018
142.72272272272272,0.8756400850013165
142.8028028028028,0.8770607328391523
142.88288288288288,0.8818369039914176
142.96296296296296,0.8833131406771975
143.04304304304304,0.8875076027622788
143.12312312312312,0.8872110594557767
143.2032032032032,0.8902390352377872
143.28328328328328,0.8901672481357855
143.36336336336336,0.8929737068983382
143.44344344344344,0.8918421385237483
143.52352352352352,0.892894746918359
143.6036036036036,0.8915654302010494
143.68368368368368,0.8921872469255195
143.76376376376376,0.8899263621579235
143.84384384384384,0.88855380277124
143.92392392392392,0.8858769474647562
144.004004004004,0.8845247025997653
144.08408408408408,0.8820256311430322
144.16416416416416,0.8795709206559313
144.24424424424424,0.8764250329054556
144.32432432432432,0.8730636073852291
144.4044044044044,0.8699424739097813
144.48448448448448,0.8654758496773644
144.56456456456456,0.861765319946012
144.64464464464464,0.8563620815369186
144.72472472472472,0.8524166353447421
144.8048048048048,0.8463912316007828
144.88488488488488,0.8429041360456855
144.96496496496496,0.8371891048777197
145.04504504504504,0.8338219401060006
145.12512512512512,0.8274472118067951
145.2052052052052,0.8230863216359703
145.28528528528528,0.816358756359506
145.36536536536536,0.8118148334851624
145.44544544544544,0.8054977661889223
145.52552552552552,0.8009573263305825
145.6056056056056,0.7944512229168577
145.68568568568568,0.7895152853221543
145.76576576576576,0.7828891999413197
145.84584584584584,0.7781152864935408
145.92592592592592,0.7720865618977493
146.006006006006,0.7671711064906136
146.08608608608608,0.7615467780234058
146.16616616616616,0.7568682128838988
146.24624624624624,0.7516373247593291
146.32632632632632,0.746813906041301
146.4064064064064,0.7414858146743627
146.48648648648648,0.7363444755471105
146.56656656656656,0.730638899688662
146.64664664664664,0.7254838478312075
146.72672672672672,0.7207557206292002
146.8068068068068,0.716358823752665
146.88688688688688,0.7121893251034841
146.96696696696696,0.7075962470910471
147.04704704704704,0.7031226548143231
147.12712712712712,0.6986312444855085
147.2072072072072,0.6946278415502372
147.28728728728728,0.690874297945448
147.36736736736736,0.687534186740089
147.44744744744744,0.6837607047955812
147.52752752752752,0.6801058195563195
147.6076076076076,0.6762215522135058
147.68768768768768,0.673266123342963
147.76776776776777,0.6694255076768771
147.84784784784785,0.6665281192556626
147.92792792792793,0.6629808848139653
148.008008008008,0.6602793681559547
148.08808808808809,0.657097710269449
148.16816816816817,0.6548054497559312
148.24824824824825,0.6524098144865424
148.32832832832833,0.6503657197718669
148.4084084084084,0.6478213235294984
148.48848848848849,0.6457094197088646
148.56856856856857,0.6437001756105609
148.64864864864865,0.6421033204139364
148.72872872872873,0.6397882559631811
148.8088088088088,0.6376375599597949
148.88888888888889,0.6358117203728988
148.96896896896897,0.6343800432689813
149.04904904904905,0.6336614350529225
149.12912912912913,0.6325154559091886
149.2092092092092,0.6319785050039308
149.2892892892893,0.630432078998087
149.36936936936937,0.6294609976736895
149.44944944944945,0.6279809218228386
149.52952952952953,0.6272089649800434
149.6096096096096,0.6267674060460218
149.6896896896897,0.6262145541366229
149.76976976976977,0.6249745662161236
149.84984984984985,0.6239699306406244
149.92992992992993,0.6232460447362718
150.01001001001,0.6237955813215658
150.0900900900901,0.6242422924357386
150.17017017017017,0.6251984255886021
150.25025025025025,0.6254268208011923
150.33033033033033,0.6255124916667565
150.4104104104104,0.6259206135157706
150.4904904904905,0.626501128999709
150.57057057057057,0.6272190911922645
150.65065065065065,0.627787448766199
150.73073073073073,0.6282456234607788
150.8108108108108,0.6293176670951451
150.8908908908909,0.6301177757593984
150.97097097097097,0.6316165725540117
151.05105105105105,0.6331514601022754
151.13113113113113,0.6352168882357759
151.2112112112112,0.6369268416727161
151.2912912912913,0.638704105372842
151.37137137137137,0.6404811735057071
151.45145145145145,0.6424291487823613
151.53153153153153,0.6444648955431914
151.6116116116116,0.6464587823066186
151.6916916916917,0.6481373960828462
151.77177177177177,0.6502907693187613
151.85185185185185,0.6529677309538007
151.93193193193193,0.656279635480267
152.012012012012,0.6598721274333488
152.0920920920921,0.6628821856124465
152.17217217217217,0.6658850366369614
152.25225225225225,0.6682539820510757
152.33233233233233,0.6716486001620825
152.4124124124124,0.6750294309363427
152.4924924924925,0.6792178815488762
152.57257257257257,0.6826069489790251
152.65265265265265,0.6863146015426617
152.73273273273273,0.6897917293840407
152.8128128128128,0.6940460942143459
152.8928928928929,0.6984007006369483
152.97297297297297,0.7031543774679107
153.05305305305305,0.7075720870605018
153.13313313313313,0.7119458162169294
153.2132132132132,0.7159209409362665
153.2932932932933,0.7206453712537575
153.37337337337337,0.7253784109071743
153.45345345345345,0.7309309725055183
153.53353353353353,0.7358401496181628
153.6136136136136,0.7407264196554428
153.6936936936937,0.7450220384858799
153.77377377377377,0.7498863231310211
153.85385385385385,0.7550722836840331
153.93393393393393,0.7605267552940977
154.014014014014,0.7660888423185541
154.0940940940941,0.7714330728184875
154.17417417417417,0.7768799642483396
154.25425425425425,0.7820878137663905
154.33433433433433,0.7874502063762604
154.4144144144144,0.7926050522637667
154.4944944944945,0.7979146569650973
154.57457457457457,0.8031432709150759
154.65465465465465,0.8082275219465577
154.73473473473473,0.81321496931002
154.8148148148148,0.8181843982044669
154.8948948948949,0.8229242525523958
154.97497497497497,0.8274480718045909
155.05505505505505,0.8323992322006117
155.13513513513513,0.8372812271131612
155.2152152152152,0.8422249869377334
155.2952952952953,0.846586101721581
155.37537537537537,0.8507959509658115
155.45545545545545,0.8544020793914646
155.53553553553553,0.8580378338969119
155.6156156156156,0.8615028115164518
155.6956956956957,0.865228193616503
155.77577577577577,0.8685098128497561
155.85585585585585,0.8714069211752296
155.93593593593593,0.874149080684991
156.016016016016,0.8769251502219131
156.0960960960961,0.8791946007790705
156.17617617617617,0.8809222387035378
156.25625625625625,0.8822503782819219
156.33633633633633,0.8834812431615554
156.4164164164164,0.884288612137304
156.4964964964965,0.8848106835360825
156.57657657657657,0.8848463910076683
156.65665665665665,0.8845775827843779
156.73673673673673,0.884326831553617
156.8168168168168,0.8834855868574404
156.8968968968969,0.8822752524969453
156.97697697697697,0.8806456328041902
157.05705705705705,0.878953361054592
157.13713713713713,0.8768782248221902
157.2172172172172,0.8744322903736238
157.2972972972973,0.8715102671279901
157.37737737737737,0.8686221966559705
157.45745745745745,0.8649933655548822
157.53753753753753,0.8617006146819507
157.6176176176176,0.8577371745768061
157.6976976976977,0.8542116481398448
157.77777777777777,0.8501140427560946
157.85785785785785,0.8464811608320958
157.93793793793793,0.8422575739583703
158.018018018018,0.8380446910118879
158.0980980980981,0.8334767783287095
158.17817817817817,0.8286610451669331
158.25825825825825,0.8238926997807154
158.33833833833833,0.8188525181320374
158.4184184184184,0.8139351760803885
158.4984984984985,0.8086535820883691
158.57857857857857,0.8036993171752519
158.65865865865865,0.7983759618812659
158.73873873873873,0.7935439812067755
158.8188188188188,0.7880645341266904
158.8988988988989,0.7827162161557745
158.97897897897897,0.7771373569507157
159.05905905905905,0.7722373521196266
159.13913913913913,0.7670869564074794
159.2192192192192,0.7618095308203424
159.2992992992993,0.7563122143997919
159.37937937937937,0.7514669615011614
159.45945945945945,0.746748484306734
159.53953953953953,0.7423946036742235
159.6196196196196,0.7377349501983558
159.6996996996997,0.7334232532134171
159.77977977977977,0.7290028118473032
159.85985985985985,0.7243939133486669
159.93993993993993,0.7199488676132862
160.02002002002,0.7152881788438774
160.1001001001001,0.7111965221324215
160.18018018018017,0.7069161798652815
160.26026026026025,0.7033156789116415
160.34034034034033,0.6994724868441291
160.4204204204204,0.6957465638844514
160.5005005005005,0.6916098549756371
160.58058058058057,0.6878471556190962
160.66066066066065,0.6838827776555735
160.74074074074073,0.6802701409886417
160.8208208208208,0.6762317979026274
160.9009009009009,0.6730765812577839
160.98098098098097,0.6701225585418723
161.06106106106105,0.6676480679815738
161.14114114114113,0.6647631504629431
161.2212212212212,0.6619233979022224
161.3013013013013,0.6592450795052185
161.38138138138137,0.6566466070188958
161.46146146146145,0.6543133102748958
161.54154154154153,0.6520911495867188
161.6216216216216,0.6499303736796075
161.7017017017017,0.6477871821467766
161.78178178178177,0.645352456078303
161.86186186186185,0.6435349285036003
161.94194194194193,0.6414496010212173
162.022022022022,0.6398190639813148
162.1021021021021,0.6379629989128691
162.18218218218217,0.6363334775871923
162.26226226226225,0.6347992043097481
162.34234234234233,0.6333408985712984
162.42242242242241,0.6323226410748871
162.5025025025025,0.6314630073377087
162.58258258258257,0.6306615459038126
162.66266266266265,0.6297463590486203
162.74274274274273,0.6286462321434945
162.82282282282281,0.6278067401285155
162.9029029029029,0.6271539059268568
162.98298298298297,0.6271593101463846
163.06306306306305,0.6273216871055524
163.14314314314313,0.6276183047627213
163.22322322322321,0.6279034075568296
163.3033033033033,0.6280200350748151
163.38338338338338,0.6282666504927109
163.46346346346346,0.6280564537229257
163.54354354354354,0.6283794508185557
163.62362362362362,0.6283950508028386
163.7037037037037,0.6291340423442133
163.78378378378378,0.6297014693817636
163.86386386386386,0.6311574053951828
163.94394394394394,0.6322111552312379
164.02402402402402,0.63384891182727
164.1041041041041,0.6350992849931674
164.18418418418418,0.636983848447684
164.26426426426426,0.6382372084043159
164.34434434434434,0.6403175804940308
164.42442442442442,0.6416742549051242
164.5045045045045,0.6439698487793095
164.58458458458458,0.645631068167614
164.66466466466466,0.6486478170451616
164.74474474474474,0.6510359809291163
164.82482482482482,0.6542726133399984
164.9049049049049,0.6567351079328765
164.98498498498498,0.6596748829195267
165.06506506506506,0.6619030068401365
165.14514514514514,0.6647478045422749
165.22522522522522,0.6675450902293819
165.3053053053053,0.6709177802682704
165.38538538538538,0.6736508236856332
165.46546546546546,0.6769967533882634
165.54554554554554,0.680210533467808
165.62562562562562,0.6840675908709374
165.7057057057057,0.6875161187618335
165.78578578578578,0.6913440343051808
165.86586586586586,0.6953471363046665
165.94594594594594,0.6991904200594979
166.02602602602602,0.7030472675158986
166.1061061061061,0.7066223282544998
166.18618618618618,0.7106821682295343
166.26626626626626,0.7146759764232883
166.34634634634634,0.719048408883192
166.42642642642642,0.7230241703662147
166.5065065065065,0.7276831855987668
166.58658658658658,0.7319338524881686
166.66666666666666,0.7367295757499135
166.74674674674674,0.740980281213837
166.82682682682682,0.7457954800654065
166.9069069069069,0.7495254071393308
166.98698698698698,0.7541832909704055
167.06706706706706,0.75814445890993
167.14714714714714,0.7636841855330182
167.22722722722722,0.7682300471723402
167.3073073073073,0.7738284868489929
167.38738738738738,0.778057964906499
167.46746746746746,0.7834812346715689
167.54754754754754,0.787764301753119
167.62762762762762,0.7929774698224653
167.7077077077077,0.7970940489909988
167.78778778778778,0.8023460750554432
167.86786786786786,0.8066412963891018
167.94794794794794,0.8117597661128361
168.02802802802802,0.815722436524792
168.1081081081081,0.8205416776488167
168.18818818818818,0.8247209680504947
168.26826826826826,0.8297906825456403
168.34834834834834,0.8337598167832313
168.42842842842842,0.8379031249337023
168.5085085085085,0.8414196002976174
168.58858858858858,0.8453686805170403
168.66866866866866,0.8488467776274468
168.74874874874874,0.8524026490583652
168.82882882882882,0.8553937063757838
168.9089089089089,0.858509704535595
168.98898898898898,0.8613167233715017
169.06906906906906,0.8634683118477682
169.14914914914914,0.8653745114249892
169.22922922922922,0.8670213022560063
169.3093093093093,0.8690971151079144
169.38938938938938,0.8703231725726277
169.46946946946946,0.8716694585195641
169.54954954954954,0.8725174197191726
169.62962962962962,0.8735265107868663
169.7097097097097,0.8735646376816466
169.78978978978978,0.873578503630674
169.86986986986986,0.8728826402690273
169.94994994994994,0.8727665962985638
170.03003003003002,0.8715585476270538
170.1101101101101,0.8702683525931881
170.19019019019018,0.8679004531904145
170.27027027027026,0.8662222531895627
170.35035035035034,0.8640084040758629
170.43043043043042,0.8622665258277341
170.5105105105105,0.859654470273812
170.59059059059058,0.8571458538395114
170.67067067067066,0.8539091234841059
170.75075075075074,0.8508081676862632
170.83083083083082,0.847015461680973
170.9109109109109,0.8433729055250944
170.99099099099098,0.839473166817572
171.07107107107106,0.83587217990021
171.15115115115114,0.8318535185296736
171.23123123123122,0.8277189612051018
171.3113113113113,0.8233984216639548
171.39139139139138,0.8192631255803402
171.47147147147146,0.8148799565811422
171.55155155155154,0.8101554866625147
171.63163163163162,0.8051297332770808
171.7117117117117,0.8003232874481432
171.79179179179178,0.7953887497559909
171.87187187187186,0.7902193140420163
171.95195195195194,0.7850618688150244
172.03203203203202,0.780263696710767
172.11211211211213,0.7756191187971858
172.19219219219218,0.770931285397614
172.2722722722723,0.7662971949308457
172.35235235235234,0.761639431475938
172.43243243243245,0.757047329729053
172.5125125125125,0.7518907128815442
172.5925925925926,0.7468379238882741
172.67267267267266,0.7422501424543623
172.75275275275277,0.7382541513255539
172.83283283283282,0.734061178370735
172.91291291291293,0.7295273361382454
172.99299299299298,0.7248132519681953
173.0730730730731,0.7202931209027897
173.15315315315314,0.7158473398359384
173.23323323323325,0.7117870394472896
173.3133133133133,0.7078516107565124
173.3933933933934,0.7038805561297041
173.47347347347346,0.699661335336617
173.55355355355357,0.6956614052538905
173.63363363363362,0.6921223860297796
173.71371371371373,0.689047536356794
173.79379379379378,0.6859235009111176
173.8738738738739,0.6825601483475623
173.95395395395394,0.6793167237638885
174.03403403403405,0.6763820107067664
174.1141141141141,0.6735544210378496
174.1941941941942,0.6706513870431571
174.27427427427426,0.6678702149985548
174.35435435435437,0.6651625198984115
174.43443443443442,0.6623535046130583
174.51451451451453,0.6595143835541226
174.59459459459458,0.6570055794772098
174.6746746746747,0.6552020075170346
174.75475475475474,0.6535266695595724
174.83483483483485,0.6516075884250682
174.9149149149149,0.6491821646330692
174.994994994995,0.6468491452473888
175.07507507507506,0.6449550914347674
175.15515515515517,0.6433392787052802
175.23523523523522,0.6420365631438169
175.31531531531533,0.6406404672295545
175.39539539539538,0.639308829773537
175.4754754754755,0.6382258665191373
175.55555555555554,0.6375158809010512
175.63563563563565,0.6370755697929051
175.7157157157157,0.6364140862499755
175.7957957957958,0.6354060254743213
175.87587587587586,0.6343588086106042
175.95595595595597,0.6335324172601502
176.03603603603602,0.6334925087516495
176.11611611611613,0.6337871768879594
176.19619619619618,0.6342606408900275
176.2762762762763,0.6344911154516117
176.35635635635634,0.6347470483651961
176.43643643643645,0.6352448564825337
176.5165165165165,0.6358213707713809
176.5965965965966,0.6362328664726397
176.67667667667666,0.6366899999461362
176.75675675675677,0.6371903889482361
176.83683683683682,0.6378960044352209
176.91691691691693,0.6386902110732418
176.99699699699698,0.6398731541067298
177.0770770770771,0.6412587500770778
177.15715715715714,0.6428124340341259
177.23723723723725,0.6444022056254188
177.3173173173173,0.645827492149213
177.3973973973974,0.6474168956641035
177.47747747747746,0.6490640183487157
177.55755755755757,0.6506216023015369
177.63763763763762,0.6521337223888247
177.71771771771773,0.6537306303532809
177.79779779779778,0.6556328514477336
177.8778778778779,0.657728600424377
177.95795795795794,0.6599763319669868
178.03803803803805,0.662395411407272
178.1181181181181,0.6649031294657499
178.1981981981982,0.667452103197386
178.27827827827826,0.6698147851053708
178.35835835835837,0.6722906555637227
178.43843843843842,0.6748259448017867
178.51851851851853,0.6775591346895283
178.59859859859858,0.6802735608960592
178.6786786786787,0.6830780444555242
178.75875875875874,0.6857848421825848
178.83883883883885,0.6886787457981195
178.9189189189189,0.6919838323291165
178.998998998999,0.6955576624047625
179.07907907907907,0.6990478518669629
179.15915915915917,0.7024627851341736
179.23923923923923,0.7058101820778958
179.31931931931933,0.7093502673136125
179.39939939939939,0.7131677211381103
179.4794794794795,0.7169699490009656
179.55955955955955,0.7206984514236302
179.63963963963965,0.7245914465322897
179.7197197197197,0.7289471089245081
179.7997997997998,0.7335934806931419
179.87987987987987,0.7379152327556963
179.95995995995997,0.7420825909684471
180.04004004004003,0.7461272638695906
180.12012012012013,0.7506132772729132
180.2002002002002,0.7551189312475991
180.2802802802803,0.759641357628708
180.36036036036035,0.7641694501027508
180.44044044044045,0.7686390413934351
180.5205205205205,0.7730835193149133
180.60060060060061,0.7775841948359454
180.68068068068067,0.7822315530988431
180.76076076076077,0.7868403090683062
180.84084084084083,0.7912312227315867
180.92092092092093,0.7957594534669638
181.001001001001,0.8002365603723055
181.0810810810811,0.8047159729120988
181.16116116116115,0.8090424713922886
181.24124124124126,0.8133581823586652
181.3213213213213,0.817785983138258
181.40140140140142,0.8220915230946904
181.48148148148147,0.826044579567916
181.56156156156158,0.8298618886910593
181.64164164164163,0.8337364666767663
181.72172172172174,0.8375235757320709
181.8018018018018,0.8410199225300016
181.8818818818819,0.8441706534894565
181.96196196196195,0.8468959017152294
182.04204204204206,0.8492850985560395
182.1221221221221,0.8517788557163033
182.20220220220222,0.8543920511198584
182.28228228228227,0.8568752113843044
182.36236236236238,0.8588611793915281
182.44244244244243,0.8605525773273108
182.52252252252254,0.8621401623920321
182.6026026026026,0.8635125908563115
182.6826826826827,0.8643206794580947
182.76276276276275,0.864762747985233
182.84284284284286,0.8651630202395146
182.9229229229229,0.8654589305047168
183.00300300300302,0.8653708086845101
183.08308308308307,0.865063039131715
183.16316316316318,0.8644746664768452
183.24324324324323,0.8636257647941179
183.32332332332334,0.8622085338272689
183.4034034034034,0.8606663312786532
183.4834834834835,0.8589154526281227
183.56356356356355,0.8571225738823579
183.64364364364366,0.8549267598046645
183.7237237237237,0.852441810450298
183.80380380380382,0.849823214404983
183.88388388388387,0.8469631392506015
183.96396396396398,0.8435486460086512
184.04404404404403,0.8397894117756673
184.12412412412414,0.8359776402231197
184.2042042042042,0.832380168577598
184.2842842842843,0.8287969622424047
184.36436436436435,0.8249934640455703
184.44444444444446,0.8210166535626132
184.5245245245245,0.81674212348167
184.60460460460462,0.8126729331862117
184.68468468468467,0.808497123106596
184.76476476476478,0.8043367261128388
184.84484484484483,0.799835707437825
184.92492492492494,0.7953509889210483
185.005005005005,0.7908821071774572
185.0850850850851,0.7864586533543646
185.16516516516515,0.7819475113811376
185.24524524524526,0.7772834491095335
185.3253253253253,0.7725440183330711
185.40540540540542,0.7681534419386254
185.48548548548547,0.7636886066639097
185.56556556556558,0.7593714717737824
185.64564564564563,0.7547745349006305
185.72572572572574,0.7504336196384629
185.8058058058058,0.7460120787250888
185.8858858858859,0.7416047776055094
185.96596596596595,0.7372054225525956
186.04604604604606,0.7330211393290703
186.1261261261261,0.7289340677718221
186.20620620620622,0.7247157325392147
186.28628628628627,0.7206157939534255
186.36636636636638,0.7168202289486827
186.44644644644643,0.713186031649736
186.52652652652654,0.7095296151813193
186.6066066066066,0.7058184055940788
186.6866866866867,0.7021827785674215
186.76676676676675,0.6985293141047492
186.84684684684686,0.6950979357663405
186.9269269269269,0.6920037006021121
187.00700700700702,0.6888689113781216
187.08708708708707,0.6857310502408236
187.16716716716718,0.6826394235994444
187.24724724724723,0.6798967497471257
187.32732732732734,0.6773026592842809
187.4074074074074,0.6746111220465089
187.4874874874875,0.6719749210204111
187.56756756756755,0.6696156091435228
187.64764764764766,0.6674008787105882
187.7277277277277,0.6651195329812465
187.80780780780782,0.6628575546611559
187.88788788788787,0.660757098203917
187.96796796796798,0.658755474587904
188.04804804804803,0.656685595608373
188.12812812812814,0.6549204116532128
188.2082082082082,0.6535998054642449
188.2882882882883,0.6526022613146125
188.36836836836835,0.651460135379611
188.44844844844846,0.6502182370119906
188.5285285285285,0.648975497923086
188.60860860860862,0.6477909847472593
188.68868868868867,0.6467290798668663
188.76876876876878,0.6459327672039719
188.84884884884883,0.6455086887082061
188.92892892892894,0.6448827167644212
189.009009009009,0.6440817768681266
189.0890890890891,0.6433249345590532
189.16916916916915,0.6427575840431158
189.24924924924926,0.6423698791153635
189.3293293293293,0.6422309292761592
189.40940940940942,0.6423171781593542
189.48948948948947,0.6425045286186676
189.56956956956958,0.6425675963705402
189.64964964964963,0.6426718534553318
189.72972972972974,0.6426246485349698
189.8098098098098,0.6428516118485809
189.8898898898899,0.6431293026669719
189.96996996996995,0.6434636685544958
190.05005005005006,0.6439205596334595
190.1301301301301,0.644376856291525
190.21021021021022,0.6449469612808756
190.29029029029027,0.6456574434580099
190.37037037037038,0.6463810071073922
190.45045045045043,0.6472167559913137
190.53053053053054,0.6482097114716241
190.6106106106106,0.6496307327601828
190.6906906906907,0.6510582168229313
190.77077077077075,0.6524153645980962
190.85085085085086,0.6537010529140251
190.9309309309309,0.6551582310195502
191.01101101101102,0.6569711311922495
191.09109109109107,0.6589993178712845
191.17117117117118,0.6612567585089422
191.25125125125123,0.6634801767475675
191.33133133133134,0.6657785209258246
191.41141141141142,0.66818767187528
191.4914914914915,0.6707934456464969
191.57157157157158,0.6735079577651053
191.65165165165166,0.6760617040266708
191.73173173173174,0.6783646509491057
191.81181181181182,0.6808844567034698
191.8918918918919,0.6836644394187206
191.97197197197198,0.6869179065570472
192.05205205205206,0.6901815637875096
192.13213213213214,0.6932315167470333
192.21221221221222,0.6960656931429589
192.2922922922923,0.6989397641121015
192.37237237237238,0.7021995546327021
192.45245245245246,0.7055957616849468
192.53253253253254,0.7093255160366788
192.61261261261262,0.7128815475217626
192.6926926926927,0.716671288149859
192.77277277277278,0.7204750426182417
192.85285285285286,0.7245243262435772
192.93293293293294,0.7285226518276019
193.01301301301302,0.732639967990255
193.0930930930931,0.7366975040629137
193.17317317317318,0.7406990425532848
193.25325325325326,0.7448709039124956
193.33333333333334,0.7493321042920217
193.41341341341342,0.753918028106768
193.4934934934935,0.7583478531615863
193.57357357357358,0.7625716751119049
193.65365365365366,0.7665573093099849
193.73373373373374,0.7708127342208
193.81381381381382,0.7752077714670828
193.8938938938939,0.779943020146166
193.97397397397398,0.7845329532745146
194.05405405405406,0.7890605696108207
194.13413413413414,0.7931524032149705
194.21421421421422,0.7974709653520725
194.2942942942943,0.8017621677870955
194.37437437437438,0.8063033920327188
194.45445445445446,0.810422725430175
194.53453453453454,0.8148142198647915
194.61461461461462,0.8187887159911945
194.6946946946947,0.8229035443573532
194.77477477477478,0.8266275298178708
194.85485485485486,0.8304001858018074
194.93493493493494,0.8338104075375842
195.01501501501502,0.8373248556920758
195.0950950950951,0.8406177413781174
195.17517517517518,0.8439469247545225
195.25525525525526,0.8466831912392636
195.33533533533534,0.8489924682065855
195.41541541541542,0.8509395955335327
195.4954954954955,0.8527198973347854
195.57557557557558,0.8543719111551682
195.65565565565566,0.8557787968592062
195.73573573573574,0.8571565462194771
195.81581581581582,0.8580855916207265
195.8958958958959,0.8588337959815902
195.97597597597598,0.8591464732309749
196.05605605605606,0.8595311260543469
196.13613613613614,0.859530466084273
196.21621621621622,0.8595456539709305
196.2962962962963,0.8590858631446836
196.37637637637638,0.8586043245065995
196.45645645645646,0.8574834129116838
196.53653653653654,0.8564041812575656
196.61661661661662,0.8549830233436536
196.6966966966967,0.8536518930999933
196.77677677677679,0.8518162298011295
196.85685685685687,0.8496034801957557
196.93693693693695,0.8470690309161416
197.01701701701703,0.8444951193361222
197.0970970970971,0.8417005359603452
197.17717717717719,0.8389409365041092
197.25725725725727,0.836065490959716
197.33733733733735,0.8331229676304565
197.41741741741743,0.829531366023461
197.4974974974975,0.82575781299169
197.57757757757759,0.8220979322601393
197.65765765765767,0.8185330548872357
197.73773773773775,0.8150476649234699
197.81781781781783,0.8109675305215828
197.8978978978979,0.8069285695493034
197.977977977978,0.8025938359400153
198.05805805805807,0.7982956193887483
198.13813813813815,0.793698526919593
198.21821821821823,0.7893082693119299
198.2982982982983,0.7851111803801979
198.3783783783784,0.7811966542102871
198.45845845845847,0.7773085692822403
198.53853853853855,0.7733493185362902
198.61861861861863,0.769002041037018
198.6986986986987,0.7648240834922867
198.7787787787788,0.760559728509896
198.85885885885887,0.7562536097237466
198.93893893893895,0.7517267522218185
199.01901901901903,0.7474821437825353
199.0990990990991,0.7439387596639613
199.1791791791792,0.740091780948843
199.25925925925927,0.7361677669558486
199.33933933933935,0.7317132749935067
199.41941941941943,0.7277355478168515
199.4994994994995,0.7238019102610748
199.5795795795796,0.7202417810023489
199.65965965965967,0.7166268043941257
199.73973973973975,0.713381647490514
199.81981981981983,0.7096455717270983
199.8998998998999,0.7060112863319873
199.97997997998,0.7023292521094153
200.06006006006007,0.6995401333035588
200.14014014014015,0.6966366259910869
200.22022022022023,0.6937467159769655
200.3003003003003,0.6902212304796337
200.3803803803804,0.6868820486882449
200.46046046046047,0.683896960744063
200.54054054054055,0.6815453219851081
200.62062062062063,0.6793546707777851
200.7007007007007,0.6771713834723198
200.7807807807808,0.674443549419345
200.86086086086087,0.6717601067388427
200.94094094094095,0.6691285385957808
201.02102102102103,0.6671349687455601
201.1011011011011,0.6653085878425559
201.1811811811812,0.663128013536883
201.26126126126127,0.6607252519240919
201.34134134134135,0.6583677627725484
201.42142142142143,0.6564051141567494
201.5015015015015,0.6546545731620729
201.5815815815816,0.6530270339406189
201.66166166166167,0.6517751554999702
201.74174174174175,0.6505119164498219
201.82182182182183,0.6490206294378592
201.9019019019019,0.6476045230865581
201.981981981982,0.6466568957563442
202.06206206206207,0.6461778935196193
202.14214214214215,0.6447748807738929
202.22222222222223,0.6436541039049487
202.3023023023023,0.641990340277891
202.3823823823824,0.6418593554833677
202.46246246246247,0.6415329528903635
202.54254254254255,0.6417974688498923
202.62262262262263,0.6415305906400157
202.7027027027027,0.6413406997717304
202.7827827827828,0.6408590766029637
202.86286286286287,0.6405947265593344
202.94294294294295,0.6404864127521561
203.02302302302303,0.6409633197285863
203.1031031031031,0.6414303234931098
203.1831831831832,0.641761262336148
203.26326326326327,0.6419027736343066
203.34334334334335,0.6419032141578876
203.42342342342343,0.6422629657237128
203.5035035035035,0.6432098895455387
203.5835835835836,0.6440989665626504
203.66366366366367,0.6453692990557895
203.74374374374375,0.6462452960437732
203.82382382382383,0.6474257114748961
203.9039039039039,0.6484118318258267
203.983983983984,0.6497211183301492
204.06406406406407,0.6513774704556725
204.14414414414415,0.6531576125840424
204.22422422422423,0.6551467937466056
204.3043043043043,0.6566361606836645
204.3843843843844,0.6584191961493087
204.46446446446447,0.6601905107295032
204.54454454454455,0.6622979886678838
204.62462462462463,0.6646658353310021
204.7047047047047,0.6673607425487317
204.7847847847848,0.6700973950065522
204.86486486486487,0.6722048101562728
204.94494494494495,0.6745198003990891
205.02502502502503,0.6768549367755706
205.1051051051051,0.6796370910415647
205.1851851851852,0.6826310491944253
205.26526526526527,0.6856205033652714
205.34534534534535,0.6892433641712108
205.42542542542543,0.6926024581489606
205.5055055055055,0.6966520044963156
205.5855855855856,0.6995440028381523
205.66566566566567,0.7032608368592906
205.74574574574575,0.7062568281291287
205.82582582582583,0.7103356212041636
205.9059059059059,0.7134335909767482
205.985985985986,0.7179751706297567
206.06606606606607,0.72109053855894
206.14614614614615,0.72559983619239
206.22622622622623,0.7285910866012661
206.3063063063063,0.7337513149767487
206.3863863863864,0.7370116480961246
206.46646646646647,0.7418892278883394
206.54654654654655,0.7448131931903952
206.62662662662663,0.7498588620679228
206.7067067067067,0.753276705218454
206.7867867867868,0.7579062040795596
206.86686686686687,0.760870713043804
206.94694694694695,0.765424357424373
207.02702702702703,0.7692406481467116
207.1071071071071,0.7744769065952863
207.1871871871872,0.7785469691876322
207.26726726726727,0.7835663219909782
207.34734734734735,0.7869828574891469
207.42742742742743,0.7916870803544688
207.5075075075075,0.7952585633019589
207.5875875875876,0.8001015631873595
207.66766766766767,0.8031491763240575
207.74774774774775,0.8073566270680496
207.82782782782783,0.8108699913633476
207.9079079079079,0.8154090380551533
207.987987987988,0.8189906020952601
208.06806806806807,0.8227760629481046
208.14814814814815,0.826145922306002
208.22822822822823,0.8292920739832438
208.3083083083083,0.8322703021630827
208.3883883883884,0.8354227343936389
208.46846846846847,0.8382748590944904
208.54854854854855,0.8404150788405625
208.62862862862863,0.842254596440895
208.7087087087087,0.8439919439498131
208.7887887887888,0.8457268801898432
208.86886886886887,0.8472098929152443
208.94894894894895,0.8488613493912781
209.02902902902903,0.8500565280724299
209.1091091091091,0.8513620908704057
209.1891891891892,0.8520682092605939
209.26926926926927,0.8531491249666965
209.34934934934935,0.8530218034520294
209.42942942942943,0.8534166938484546
209.5095095095095,0.8528010941092488
209.5895895895896,0.8529571769142033
209.66966966966967,0.8519395207786432
209.74974974974975,0.8514633995934361
209.82982982982983,0.8499019156140291
209.9099099099099,0.8491588072304097
209.98998998999,0.8470848024586036
210.07007007007007,0.8456892382085461
210.15015015015015,0.843265330734247
210.23023023023023,0.8412963595876847
210.3103103103103,0.8384810465333885
210.3903903903904,0.8363184063591897
210.47047047047047,0.8331145479206623
210.55055055055055,0.8303998136662447
210.63063063063063,0.8266795081038323
210.7107107107107,0.8234064614039596
210.7907907907908,0.8194291398514365
210.87087087087087,0.8160766166697753
210.95095095095095,0.8122665925587186
211.03103103103103,0.80930818259302
211.11111111111111,0.8057140039341875
211.1911911911912,0.8021040608848578
211.27127127127127,0.7978670181136355
211.35135135135135,0.7939629135240929
211.43143143143143,0.7897449571888178
211.51151151151151,0.7855401024060125
211.5915915915916,0.7814708623656658
211.67167167167167,0.7778504054170737
211.75175175175175,0.7741921915066523
211.83183183183183,0.7702958810950528
211.91191191191191,0.7663561496626515
211.991991991992,0.7620973384781826
212.07207207207207,0.7582928203781296
212.15215215215215,0.7543725018371172
212.23223223223223,0.7510095136781372
212.31231231231232,0.7470432919021442
212.3923923923924,0.7435041631256148
212.47247247247248,0.738685494769319
212.55255255255256,0.7343475933176833
212.63263263263264,0.7295587291882026
212.71271271271272,0.7263521036383668
212.7927927927928,0.7222941289485675
212.87287287287288,0.7189205543570636
212.95295295295296,0.7150253262932117
213.03303303303304,0.7119200075378116
213.11311311311312,0.7081140580505464
213.1931931931932,0.704164027180729
213.27327327327328,0.6998617817528549
213.35335335335336,0.6968705033182384
213.43343343343344,0.6935138829034687
213.51351351351352,0.6905283230827138
213.5935935935936,0.686939665514401
213.67367367367368,0.6841746143157651
213.75375375375376,0.6809371044378839
213.83383383383384,0.6775941285540493
213.91391391391392,0.6744137551238166
213.993993993994,0.6717556323038685
214.07407407407408,0.6698439190858773
214.15415415415416,0.6675496348819402
214.23423423423424,0.6652223880163411
214.31431431431432,0.6624932685795675
214.3943943943944,0.6601006335344212
214.47447447447448,0.6581486893774207
214.55455455455456,0.6561564279854739
214.63463463463464,0.6543787994200551
214.71471471471472,0.6527421772803099
214.7947947947948,0.6508589567300536
214.87487487487488,0.649244118145215
214.95495495495496,0.6473513635996334
215.03503503503504,0.6466185777721044
215.11511511511512,0.6451560333146885
215.1951951951952,0.644011716800414
215.27527527527528,0.6420827117148694
215.35535535535536,0.6413723575590862
215.43543543543544,0.6406958319912975
215.51551551551552,0.6404216528742416
215.5955955955956,0.6389825618703228
215.67567567567568,0.6380357461408445
215.75575575575576,0.6367642621857665
215.83583583583584,0.6366279503421868
215.91591591591592,0.6360551173072225
215.995995995996,0.6361508722240061
216.07607607607608,0.6355765938263263
216.15615615615616,0.6355464596291465
216.23623623623624,0.6348652736862157
216.31631631631632,0.6352079720153762
216.3963963963964,0.6353731448956134
216.47647647647648,0.6367574167207585
216.55655655655656,0.6365182692750985
216.63663663663664,0.6367960509774383
216.71671671671672,0.6360387176762485
216.7967967967968,0.6372061052798701
216.87687687687688,0.6383830731445138
216.95695695695696,0.6404538421158681
217.03703703703704,0.6412248007529253
217.11711711711712,0.642281767100398
217.1971971971972,0.6428623498283448
217.27727727727728,0.6442319206524003
217.35735735735736,0.6455050002604446
217.43743743743744,0.6475384860620441
217.51751751751752,0.6489365526613977
217.5975975975976,0.6515687824602064
217.67767767767768,0.6528309879667956
217.75775775775776,0.6552875872187006
217.83783783783784,0.6569388540262237
217.91791791791792,0.659289140092479
217.997997997998,0.6612693931315533
218.07807807807808,0.6636336675007413
218.15815815815816,0.6668682662964989
218.23823823823824,0.6699919491759443
218.31831831831832,0.6732837530769787
218.3983983983984,0.675780172784666
218.47847847847848,0.6782683425282114
218.55855855855856,0.6810596760564422
218.63863863863864,0.683973043413012
218.71871871871872,0.6877092341920318
218.7987987987988,0.690933739042214
218.87887887887888,0.6943663112603405
218.95895895895896,0.6977454973608186
219.03903903903904,0.7017084237453272
219.11911911911912,0.7057553691615429
219.1991991991992,0.7088465232808858
219.27927927927928,0.7119329827238738
219.35935935935936,0.7150172967486345
219.43943943943944,0.720213280632708
219.51951951951952,0.7246213617356754
219.5995995995996,0.7300427707866824
219.67967967967968,0.7335248355216589
219.75975975975976,0.7378114938525379
219.83983983983984,0.7408181907544134
219.91991991991992,0.7447874443578517
220.0,0.7482736386696189
