freq,trans
140.0,0.8130220022495054
140.08008008008008,0.8180418035535415
140.16016016016016,0.820830969829425
140.24024024024024,0.8278462956792053
140.32032032032032,0.8329629564151464
140.4004004004004,0.8397536638264155
140.48048048048048,0.8445158516780185
140.56056056056056,0.8496844341099369
140.64064064064064,0.8527844056318679
140.72072072072072,0.8567126746702097
140.8008008008008,0.8602581509291359
140.88088088088088,0.8638156337401461
140.96096096096096,0.8661854871191113
141.04104104104104,0.8671439963077676
141.12112112112112,0.8676271216784293
141.2012012012012,0.8681855790721889
141.28128128128128,0.8681748545087585
141.36136136136136,0.8672740990910531
141.44144144144144,0.8657714022741223
141.52152152152152,0.8638976676271153
141.6016016016016,0.8610540538394191
141.68168168168168,0.857130323089734
141.76176176176176,0.853082514069966
141.84184184184184,0.8493841483785642
141.92192192192192,0.8455332504908274
142.002002002002,0.8402605710687496
142.08208208208208,0.8345023234603092
142.16216216216216,0.828557381364397
142.24224224224224,0.8228331529210356
142.32232232232232,0.8160843053445298
142.4024024024024,0.8088468229350844
142.48248248248248,0.8012872079294033
142.56256256256256,0.7944811408655047
142.64264264264264,0.7868313892092121
142.72272272272272,0.7797197199244943
142.8028028028028,0.7712174838990136
142.88288288288288,0.7646025974384637
142.96296296296296,0.7564103130037942
143.04304304304304,0.7494833525122065
143.12312312312312,0.7405834330884707
143.2032032032032,0.7336156422413362
143.28328328328328,0.7255145182036628
143.36336336336336,0.719110191249603
143.44344344344344,0.7108959562398067
143.52352352352352,0.7047589600517905
143.6036036036036,0.6967744825764589
143.68368368368368,0.690669202365721
143.76376376376376,0.6822305556291095
143.84384384384384,0.6758180086884886
143.92392392392392,0.6684174948322075
144.004004004004,0.6623239992350447
144.08408408408408,0.6560575390157324
144.16416416416416,0.6500167099663194
144.24424424424424,0.6443243336361468
144.32432432432432,0.6385481302072499
144.4044044044044,0.633352324422366
144.48448448448448,0.6277303760766552
144.56456456456456,0.622418625318009
144.64464464464464,0.6174517144711105
144.72472472472472,0.6125009383732772
144.8048048048048,0.6068631754205397
144.88488488488488,0.602523221686506
144.96496496496496,0.5977213793564383
145.04504504504504,0.595240924984623
145.12512512512512,0.5905704101087583
145.2052052052052,0.5877418988176265
145.28528528528528,0.5827376483199048
145.36536536536536,0.579831088332585
145.44544544544544,0.5761030840049359
145.52552552552552,0.5735106731793528
145.6056056056056,0.5702818017516964
145.68568568568568,0.5680920374242155
145.76576576576576,0.5650609192753792
145.84584584584584,0.5629186188599606
145.92592592592592,0.5601669018155075
146.006006006006,0.5588787732738325
146.08608608608608,0.5572065930479911
146.16616616616616,0.5560418341179102
146.24624624624624,0.5545983457106302
146.32632632632632,0.5530811223772951
146.4064064064064,0.5514203645134421
146.48648648648648,0.5494072984328483
146.56656656656656,0.5478494125917468
146.64664664664664,0.5471971540345418
146.72672672672672,0.5467654590569354
146.8068068068068,0.5462008116117955
146.88688688688688,0.5457170719761635
146.96696696696696,0.5453827730207466
147.04704704704704,0.5457328448718626
147.12712712712712,0.5455563834536145
147.2072072072072,0.545984690769431
147.28728728728728,0.5464117136028511
147.36736736736736,0.5474473883142486
147.44744744744744,0.5479507586932273
147.52752752752752,0.548276228584176
147.6076076076076,0.5486437844310542
147.68768768768768,0.5497651358851227
147.76776776776777,0.5504455743561425
147.84784784784785,0.5519980837904835
147.92792792792793,0.5528850658150402
148.008008008008,0.5550620692541188
148.08808808808809,0.5567394808570754
148.16816816816817,0.5592371506284283
148.24824824824825,0.5611870781129044
148.32832832832833,0.5633633776052255
148.4084084084084,0.5654183305228642
148.48848848848849,0.5679720956418421
148.56856856856857,0.5710626407702296
148.64864864864865,0.5740218887174339
148.72872872872873,0.5766803358311263
148.8088088088088,0.5792637907209897
148.88888888888889,0.582451351682545
148.96896896896897,0.5861963775620295
149.04904904904905,0.5901223375076824
149.12912912912913,0.5940307711282335
149.2092092092092,0.5984472476865067
149.2892892892893,0.6025862931123257
149.36936936936937,0.6070804087110039
149.44944944944945,0.6108984610804004
149.52952952952953,0.615383939586259
149.6096096096096,0.6200642033876718
149.6896896896897,0.6246478933229942
149.76976976976977,0.6292443956069481
149.84984984984985,0.6339348554107369
149.92992992992993,0.6393629323207619
150.01001001001,0.6454165615061134
150.0900900900901,0.65158480497375
150.17017017017017,0.6580967658926208
150.25025025025025,0.6638689083666889
150.33033033033033,0.670152993472012
150.4104104104104,0.6764218510636089
150.4904904904905,0.6832543195062599
150.57057057057057,0.6900626273621369
150.65065065065065,0.6964672845146458
150.73073073073073,0.7029097769168292
150.8108108108108,0.7096182899645938
150.8908908908909,0.7167111655097158
150.97097097097097,0.7240673734014896
151.05105105105105,0.7316609201703157
151.13113113113113,0.7392928159024215
151.2112112112112,0.7465433038418705
151.2912912912913,0.7537059037598064
151.37137137137137,0.7608927594570105
151.45145145145145,0.7681447356153535
151.53153153153153,0.7748959455976139
151.6116116116116,0.7814687279683089
151.6916916916917,0.7883463227840407
151.77177177177177,0.7953941270543272
151.85185185185185,0.80266425193262
151.93193193193193,0.8093374555738283
152.012012012012,0.8160840282349491
152.0920920920921,0.8219999296365081
152.17217217217217,0.8276188647573836
152.25225225225225,0.8325141012047813
152.33233233233233,0.8375218200214234
152.4124124124124,0.8420588611390571
152.4924924924925,0.8458080702366528
152.57257257257257,0.8490983658629409
152.65265265265265,0.8520140593052442
152.73273273273273,0.8548398844500579
152.8128128128128,0.8568836649762669
152.8928928928929,0.858349076583157
152.97297297297297,0.8590056681493463
153.05305305305305,0.8592350294390971
153.13313313313313,0.858457246764065
153.2132132132132,0.8576094004201732
153.2932932932933,0.8562091965693597
153.37337337337337,0.8545773484268245
153.45345345345345,0.851703214857962
153.53353353353353,0.8486312664442018
153.6136136136136,0.8446298403155629
153.6936936936937,0.8410004412865674
153.77377377377377,0.83652856170897
153.85385385385385,0.8318431680983822
153.93393393393393,0.8261342855756529
154.014014014014,0.8206195671801076
154.0940940940941,0.8147451388063769
154.17417417417417,0.8094097297890945
154.25425425425425,0.8031836340543845
154.33433433433433,0.7970293371247329
154.4144144144144,0.7897958942054344
154.4944944944945,0.7832312111468209
154.57457457457457,0.776082829868744
154.65465465465465,0.7687702334503735
154.73473473473473,0.7610402096268635
154.8148148148148,0.7537514574708556
154.8948948948949,0.7468352121284971
154.97497497497497,0.7396254049546588
155.05505505505505,0.7325109900282253
155.13513513513513,0.7257083314954834
155.2152152152152,0.7187428821052441
155.2952952952953,0.711750126156841
155.37537537537537,0.7042001907335526
155.45545545545545,0.6969715739105474
155.53553553553553,0.6900960781168878
155.6156156156156,0.6835376788797695
155.6956956956957,0.6776105876542048
155.77577577577577,0.671537353924625
155.85585585585585,0.6653031705600755
155.93593593593593,0.6590758699813494
156.016016016016,0.6531594578823885
156.0960960960961,0.6475762694279334
156.17617617617617,0.6418601077632581
156.25625625625625,0.6362665673594304
156.33633633633633,0.6309568921384684
156.4164164164164,0.62559097624039
156.4964964964965,0.6206185573999766
156.57657657657657,0.6155730145470419
156.65665665665665,0.6111028607682802
156.73673673673673,0.6065930342514235
156.8168168168168,0.6022863549919286
156.8968968968969,0.5978259144122969
156.97697697697697,0.593833253467198
157.05705705705705,0.5898427785449123
157.13713713713713,0.5862313097520195
157.2172172172172,0.5824260892885006
157.2972972972973,0.5790595704872032
157.37737737737737,0.5758912841981094
157.45745745745745,0.572852779593366
157.53753753753753,0.5697492373385347
157.6176176176176,0.5667634576707065
157.6976976976977,0.5642323137660343
157.77777777777777,0.5618671992504225
157.85785785785785,0.5592818114475847
157.93793793793793,0.5570061721892032
158.018018018018,0.555104766644341
158.0980980980981,0.5536379017987213
158.17817817817817,0.5524243827850038
158.25825825825825,0.5507476030777099
158.33833833833833,0.5494999973987835
158.4184184184184,0.5475427846027304
158.4984984984985,0.5465740655685635
158.57857857857857,0.5453264682998002
158.65865865865865,0.5448602229349786
158.73873873873873,0.544492474569216
158.8188188188188,0.5440605858175642
158.8988988988989,0.5436041110350663
158.97897897897897,0.5433944850656206
159.05905905905905,0.5432562504463162
159.13913913913913,0.5434937149574142
159.2192192192192,0.54343047138745
159.2992992992993,0.5441416087001665
159.37937937937937,0.5445458942165385
159.45945945945945,0.5457697873168534
159.53953953953953,0.5465160134684353
159.6196196196196,0.547776728154971
159.6996996996997,0.5488717766382878
159.77977977977977,0.55018379244522
159.85985985985985,0.5513784011423023
159.93993993993993,0.5526858728963303
160.02002002002,0.554631130261929
160.1001001001001,0.557187192235403
160.18018018018017,0.5598092772598006
160.26026026026025,0.5624425808532357
160.34034034034033,0.5645125509995186
160.4204204204204,0.5669462887679041
160.5005005005005,0.5696735789275961
160.58058058058057,0.5726718445777534
160.66066066066065,0.5759410686013715
160.74074074074073,0.5790152057905298
160.8208208208208,0.5822916486186388
160.9009009009009,0.5854389047540813
160.98098098098097,0.588936216364807
161.06106106106105,0.5927874519165213
161.14114114114113,0.5971853812680689
161.2212212212212,0.6019303741112703
161.3013013013013,0.606638666103674
161.38138138138137,0.6111503131037168
161.46146146146145,0.6156697941229065
161.54154154154153,0.6204415626262139
161.6216216216216,0.6255861003074789
161.7017017017017,0.6306874156338222
161.78178178178177,0.6357975561428933
161.86186186186185,0.6411795958674659
161.94194194194193,0.6469120232379143
162.022022022022,0.6531948890558091
162.1021021021021,0.6591985309077155
162.18218218218217,0.6655143415252329
162.26226226226225,0.6713897532664541
162.34234234234233,0.6778866642756163
162.42242242242241,0.6845338994663898
162.5025025025025,0.6913019515518283
162.58258258258257,0.6979397264275955
162.66266266266265,0.7043611407129045
162.74274274274273,0.7109920635892958
162.82282282282281,0.717952163364545
162.9029029029029,0.7248547764341564
162.98298298298297,0.732311655138414
163.06306306306305,0.7396097021570458
163.14314314314313,0.7471130134247094
163.22322322322321,0.754033100683887
163.3033033033033,0.760983721902927
163.38338338338338,0.7677938467054305
163.46346346346346,0.774723115225806
163.54354354354354,0.781561368379611
163.62362362362362,0.7881882578494935
163.7037037037037,0.794868805148775
163.78378378378378,0.8013694815847294
163.86386386386386,0.8079327522573615
163.94394394394394,0.8137667023671749
164.02402402402402,0.8191325370674156
164.1041041041041,0.8236610719325312
164.18418418418418,0.8284614205184472
164.26426426426426,0.8326199317623767
164.34434434434434,0.8367929384835298
164.42442442442442,0.8396953557707584
164.5045045045045,0.8426002322252157
164.58458458458458,0.8445331777295793
164.66466466466466,0.8466908134345352
164.74474474474474,0.8477055895778183
164.82482482482482,0.8486373339789756
164.9049049049049,0.8486058484504141
164.98498498498498,0.8484375071683985
165.06506506506506,0.8474473269942764
165.14514514514514,0.8462895338832249
165.22522522522522,0.844212668811913
165.3053053053053,0.841617292229962
165.38538538538538,0.838193025341282
165.46546546546546,0.8347075294334423
165.54554554554554,0.8309140915762658
165.62562562562562,0.826748033179951
165.7057057057057,0.8220315852045126
165.78578578578578,0.8170763566088988
165.86586586586586,0.8120183620663826
165.94594594594594,0.8067131423587353
166.02602602602602,0.8012274939413456
166.1061061061061,0.7952025237913195
166.18618618618618,0.7890269776180188
166.26626626626626,0.7822370109850687
166.34634634634634,0.7757705221402688
166.42642642642642,0.7689850579846953
166.5065065065065,0.7626704498903569
166.58658658658658,0.7559996938390479
166.66666666666666,0.7496496438579996
166.74674674674674,0.7426222567064049
166.82682682682682,0.7356928107263792
166.9069069069069,0.7284372633271529
166.98698698698698,0.7217492384916775
167.06706706706706,0.7149814400547053
167.14714714714714,0.708739428230533
167.22722722722722,0.7020471280145573
167.3073073073073,0.695590340305893
167.38738738738738,0.6889524799074012
167.46746746746746,0.682997582660664
167.54754754754754,0.6771471658379039
167.62762762762762,0.6716590565473094
167.7077077077077,0.6656217422266566
167.78778778778778,0.6595898508666045
167.86786786786786,0.6535984151402459
167.94794794794794,0.648175998097957
168.02802802802802,0.6427494317885575
168.1081081081081,0.6373560600539069
168.18818818818818,0.6322876892214423
168.26826826826826,0.6274438840957217
168.34834834834834,0.6232663063070406
168.42842842842842,0.6187520348145079
168.5085085085085,0.6144554971657334
168.58858858858858,0.6096158616917672
168.66866866866866,0.6055236983870413
168.74874874874874,0.6010370835102025
168.82882882882882,0.5971312104070776
168.9089089089089,0.592931404820225
168.98898898898898,0.5895950686358492
169.06906906906906,0.5859072790875448
169.14914914914914,0.5830451486900216
169.22922922922922,0.5797559092685457
169.3093093093093,0.577326252946522
169.38938938938938,0.57417792376371
169.46946946946946,0.5714721578963594
169.54954954954954,0.5683047464363765
169.62962962962962,0.5659026452428852
169.7097097097097,0.563344332549706
169.78978978978978,0.5613081028392021
169.86986986986986,0.5589439475748506
169.94994994994994,0.5571443156278875
170.03003003003002,0.5552359895217294
170.1101101101101,0.5539404944320223
170.19019019019018,0.5523639845496867
170.27027027027026,0.5512184906730561
170.35035035035034,0.5500444572180992
170.43043043043042,0.5491133499920418
170.5105105105105,0.5479299319343428
170.59059059059058,0.5468321467152143
170.67067067067066,0.546086751891741
170.75075075075074,0.5457058000964939
170.83083083083082,0.5454996878636459
170.9109109109109,0.5453335319130863
170.99099099099098,0.5454979844800745
171.07107107107106,0.5459739401317044
171.15115115115114,0.5466339643929752
171.23123123123122,0.547076823799694
171.3113113113113,0.5476975466568188
171.39139139139138,0.5481177308058321
171.47147147147146,0.5487772226806027
171.55155155155154,0.5492675332688639
171.63163163163162,0.5503804586597695
171.7117117117117,0.5517825071906682
171.79179179179178,0.5537549514059449
171.87187187187186,0.5554764736114234
171.95195195195194,0.5572698448105119
172.03203203203202,0.5589924007156915
172.11211211211213,0.5615043140388397
172.19219219219218,0.5641091612874305
172.2722722722723,0.5672532197746234
172.35235235235234,0.5696058362011892
172.43243243243245,0.5722981487670256
172.5125125125125,0.5747169509717064
172.5925925925926,0.5783064833612562
172.67267267267266,0.5816882436807768
172.75275275275277,0.585580709760776
172.83283283283282,0.5890765264936375
172.91291291291293,0.5931584553628988
172.99299299299298,0.5969826663123605
173.0730730730731,0.601561399296584
173.15315315315314,0.6058647231047147
173.23323323323325,0.6105013654459207
173.3133133133133,0.6146762707996136
173.3933933933934,0.6193090912551904
173.47347347347346,0.6242228982065856
173.55355355355357,0.6297653173036941
173.63363363363362,0.6352442333759744
173.71371371371373,0.6408715938520251
173.79379379379378,0.6463809876890756
173.8738738738739,0.6521589804744382
173.95395395395394,0.6578913110729688
174.03403403403405,0.6638787287971466
174.1141141141141,0.669868543031961
174.1941941941942,0.676203664538717
174.27427427427426,0.6827820680169131
174.35435435435437,0.6892832842165332
174.43443443443442,0.695759026888893
174.51451451451453,0.7022180737724144
174.59459459459458,0.7090749821989561
174.6746746746747,0.7161282907176776
174.75475475475474,0.7232413818980469
174.83483483483485,0.730015234253105
174.9149149149149,0.7368449940264988
174.994994994995,0.7436643246063857
175.07507507507506,0.7507579413723727
175.15515515515517,0.7573894414221211
175.23523523523522,0.7642124950351539
175.31531531531533,0.7710081859145385
175.39539539539538,0.7779071912939318
175.4754754754755,0.7840974911803612
175.55555555555554,0.790215179518278
175.63563563563565,0.7961944548771257
175.7157157157157,0.802371664017482
175.7957957957958,0.8077830836995961
175.87587587587586,0.8125341713759154
175.95595595595597,0.8166933880869043
176.03603603603602,0.8208939688569324
176.11611611611613,0.8247017674971765
176.19619619619618,0.8283828553495924
176.2762762762763,0.8314235541950484
176.35635635635634,0.8342550157408211
176.43643643643645,0.8361406648272038
176.5165165165165,0.8375753640972242
176.5965965965966,0.8383586376692777
176.67667667667666,0.8391162302791936
176.75675675675677,0.8392677792550484
176.83683683683682,0.8386379624690574
176.91691691691693,0.8369909902523259
176.99699699699698,0.8353244120030391
177.0770770770771,0.8335394198883841
177.15715715715714,0.8315023733129124
177.23723723723725,0.8285459401007659
177.3173173173173,0.8251330999391767
177.3973973973974,0.8213993087228298
177.47747747747746,0.8175854004979097
177.55755755755757,0.813191414292909
177.63763763763762,0.808399622111413
177.71771771771773,0.803130354820405
177.79779779779778,0.7977127053257289
177.8778778778779,0.7919773492798348
177.95795795795794,0.786011587697858
178.03803803803805,0.7799720893956766
178.1181181181181,0.7739039291974402
178.1981981981982,0.7679280387930206
178.27827827827826,0.761774298693596
178.35835835835837,0.7553327223330432
178.43843843843842,0.7486939976950191
178.51851851851853,0.7421541078972441
178.59859859859858,0.7357343430564263
178.6786786786787,0.72927362699029
178.75875875875874,0.7226648794913358
178.83883883883885,0.7161804856625864
178.9189189189189,0.7098839106882455
178.998998998999,0.7038290159164463
179.07907907907907,0.6978186114970617
179.15915915915917,0.6917989893221979
179.23923923923923,0.6856863563021411
179.31931931931933,0.6796100224612243
179.39939939939939,0.6738998509401142
179.4794794794795,0.6683939247494523
179.55955955955955,0.6628838207917469
179.63963963963965,0.65701907404523
179.7197197197197,0.6512825002374448
179.7997997997998,0.6461109349187654
179.87987987987987,0.6412545856559871
179.95995995995997,0.6365806428232473
180.04004004004003,0.631836476461948
180.12012012012013,0.6273478732515811
180.2002002002002,0.6229343327528218
180.2802802802803,0.6184700566429964
180.36036036036035,0.6140343313766776
180.44044044044045,0.6099308086254622
180.5205205205205,0.6062900514136004
180.60060060060061,0.6025977001258765
180.68068068068067,0.5987278146341474
180.76076076076077,0.59479655814752
180.84084084084083,0.5912828635464707
180.92092092092093,0.5883377488065251
181.001001001001,0.5856539592957674
181.0810810810811,0.5826565354630371
181.16116116116115,0.5794704035543213
181.24124124124126,0.576587958672975
181.3213213213213,0.5745295533570216
181.40140140140142,0.5727249566680029
181.48148148148147,0.5705940994221779
181.56156156156158,0.5682251227112676
181.64164164164163,0.5658587549845993
181.72172172172174,0.5639965747458913
181.8018018018018,0.562370530528042
181.8818818818819,0.5610180902200312
181.96196196196195,0.5595563858563041
182.04204204204206,0.5581006700349971
182.1221221221221,0.5568069155802874
182.20220220220222,0.5557868379720442
182.28228228228227,0.5549961081482377
182.36236236236238,0.5540234932832829
182.44244244244243,0.5531203118110288
182.52252252252254,0.552258704948074
182.6026026026026,0.5517717887673188
182.6826826826827,0.5514126936003034
182.76276276276275,0.5510777298935777
182.84284284284286,0.5510096614289886
182.9229229229229,0.5510235774253774
183.00300300300302,0.5513439029540657
183.08308308308307,0.5517440753101629
183.16316316316318,0.5525330435018686
183.24324324324323,0.5534513045993419
183.32332332332334,0.554339966767372
183.4034034034034,0.5552961891236676
183.4834834834835,0.5564904288147609
183.56356356356355,0.5577196740022498
183.64364364364366,0.5588999414548491
183.7237237237237,0.5601617067049094
183.80380380380382,0.5619318914957133
183.88388388388387,0.5639197416101628
183.96396396396398,0.5658770866728338
184.04404404404403,0.567699770897633
184.12412412412414,0.5698643432390231
184.2042042042042,0.5724921456572457
184.2842842842843,0.5752415036701747
184.36436436436435,0.5781325473332233
184.44444444444446,0.5809188301417696
184.5245245245245,0.5841175950913152
184.60460460460462,0.5874550006406677
184.68468468468467,0.5909713190133867
184.76476476476478,0.594538897090746
184.84484484484483,0.598194221450996
184.92492492492494,0.6023994233837167
185.005005005005,0.606487443728952
185.0850850850851,0.6107954389256619
185.16516516516515,0.6148699042058956
185.24524524524526,0.6193783218350449
185.3253253253253,0.6243146667644074
185.40540540540542,0.6297612584853233
185.48548548548547,0.63517438577274
185.56556556556558,0.6403673149486968
185.64564564564563,0.6457474300256992
185.72572572572574,0.6512770587445714
185.8058058058058,0.6568937312089902
185.8858858858859,0.6624641735228497
185.96596596596595,0.6679034632784526
186.04604604604606,0.6738413663752366
186.1261261261261,0.6801216336373681
186.20620620620622,0.6870545134894152
186.28628628628627,0.6940286183850561
186.36636636636638,0.7006788981176149
186.44644644644643,0.7070479756045226
186.52652652652654,0.7133440766769269
186.6066066066066,0.7198636837183022
186.6866866866867,0.7264659056821919
186.76676676676675,0.733262245327599
186.84684684684686,0.7402403345345681
186.9269269269269,0.7472212164979342
187.00700700700702,0.7537056496556135
187.08708708708707,0.7597846402355957
187.16716716716718,0.7660124229710699
187.24724724724723,0.772469802007616
187.32732732732734,0.778656941096903
187.4074074074074,0.7842348642297747
187.4874874874875,0.7894901120950263
187.56756756756755,0.794813975360468
187.64764764764766,0.800203446127344
187.7277277277277,0.8049970348779067
187.80780780780782,0.8091617883787461
187.88788788788787,0.8128435538474282
187.96796796796798,0.8166428777953176
188.04804804804803,0.8201744381377576
188.12812812812814,0.8234317674954723
188.2082082082082,0.8258155481856012
188.2882882882883,0.8274603993725704
188.36836836836835,0.8284633842878725
188.44844844844846,0.8291664185320401
188.5285285285285,0.8294831450140138
188.60860860860862,0.829374275635782
188.68868868868867,0.8287996850011048
188.76876876876878,0.8277317742165098
188.84884884884883,0.8260438585912255
188.92892892892894,0.8239608830703833
189.009009009009,0.8215970382826313
189.0890890890891,0.8189619970491265
189.16916916916915,0.8158398451916601
189.24924924924926,0.8122255616209811
189.3293293293293,0.8082637778881472
189.40940940940942,0.8040068687370545
189.48948948948947,0.7992292382460686
189.56956956956958,0.7943539563093831
189.64964964964963,0.7889167266087406
189.72972972972974,0.7834489678341998
189.8098098098098,0.7775600845892987
189.8898898898899,0.7720252275787259
189.96996996996995,0.766418663825527
190.05005005005006,0.7605536104600951
190.1301301301301,0.7540397503859207
190.21021021021022,0.7472947985379543
190.29029029029027,0.7409600537542517
190.37037037037038,0.7347499809497482
190.45045045045043,0.728607890761254
190.53053053053054,0.7222427016463846
190.6106106106106,0.7157833478693707
190.6906906906907,0.7094228472062671
190.77077077077075,0.7030077459902679
190.85085085085086,0.6968336746276257
190.9309309309309,0.690868691554278
191.01101101101102,0.6850546343064896
191.09109109109107,0.679238633588
191.17117117117118,0.6732360515801203
191.25125125125123,0.6674979704177043
191.33133133133134,0.6618723811912303
191.41141141141142,0.6566449851619593
191.4914914914915,0.651374085812876
191.57157157157158,0.6461115159095164
191.65165165165166,0.6407901093060332
191.73173173173174,0.6357374025319871
191.81181181181182,0.6309873277381025
191.8918918918919,0.6265234002807376
191.97197197197198,0.6219543573183801
192.05205205205206,0.617758291383555
192.13213213213214,0.6134390962885139
192.21221221221222,0.6096104449547862
192.2922922922923,0.6054630614233205
192.37237237237238,0.6016443991435081
192.45245245245246,0.5977113123228351
192.53253253253254,0.5941529108732407
192.61261261261262,0.590590087454186
192.6926926926927,0.5874229040272085
192.77277277277278,0.5843514313894769
192.85285285285286,0.5815038863918137
192.93293293293294,0.5787427375382926
193.01301301301302,0.5760216315705133
193.0930930930931,0.5733864878759001
193.17317317317318,0.5708043605037675
193.25325325325326,0.5684494370722456
193.33333333333334,0.5665269405743063
193.41341341341342,0.5646380486659711
193.4934934934935,0.5631921604568555
193.57357357357358,0.561562912512454
193.65365365365366,0.5600983186542998
193.73373373373374,0.5585312578059194
193.81381381381382,0.5570809574419487
193.8938938938939,0.5557394889383616
193.97397397397398,0.5547001336493312
194.05405405405406,0.5542063331925541
194.13413413413414,0.5537749471608319
194.21421421421422,0.5531767646732235
194.2942942942943,0.5522502899695395
194.37437437437438,0.5516362293850453
194.45445445445446,0.551358115854463
194.53453453453454,0.5515101603902043
194.61461461461462,0.5516162642230803
194.6946946946947,0.551980760209982
194.77477477477478,0.5521970264731534
194.85485485485486,0.552459887003492
194.93493493493494,0.552424535819018
195.01501501501502,0.5528430595473978
195.0950950950951,0.553465298601196
195.17517517517518,0.5546020441018237
195.25525525525526,0.5557432093717365
195.33533533533534,0.55697783725684
195.41541541541542,0.5584009913355794
195.4954954954955,0.5599080167385581
195.57557557557558,0.5614024671227216
195.65565565565566,0.5627812683636096
195.73573573573574,0.5644791214701783
195.81581581581582,0.5666745632622704
195.8958958958959,0.5690541288208514
195.97597597597598,0.5713453605554989
196.05605605605606,0.5736903909527211
196.13613613613614,0.5759756315046023
196.21621621621622,0.5786066908955593
196.2962962962963,0.5813331652063537
196.37637637637638,0.5845637724819903
196.45645645645646,0.5878698070864339
196.53653653653654,0.5913833416670746
196.61661661661662,0.5947041973621037
196.6966966966967,0.5981173152998313
196.77677677677679,0.6017284597830137
196.85685685685687,0.6054978496436199
196.93693693693695,0.6093454845107019
197.01701701701703,0.6136291973152289
197.0970970970971,0.6181022962968028
197.17717717717719,0.6231706432635252
197.25725725725727,0.6278770135801869
197.33733733733735,0.6327299189784296
197.41741741741743,0.637434119708974
197.4974974974975,0.6424723487182477
197.57757757757759,0.6477049500824463
197.65765765765767,0.6531529913314107
197.73773773773775,0.6588599007488956
197.81781781781783,0.6645694955296235
197.8978978978979,0.6701687901517259
197.977977977978,0.6759212392044776
198.05805805805807,0.6818161886684265
198.13813813813815,0.6878713374478668
198.21821821821823,0.6939121714286878
198.2982982982983,0.6996825508826174
198.3783783783784,0.7060165146783826
198.45845845845847,0.7125052867087112
198.53853853853855,0.7195437898575204
198.61861861861863,0.7261956391583341
198.6986986986987,0.7326098290390468
198.7787787787788,0.7389866930397957
198.85885885885887,0.7450704329713632
198.93893893893895,0.7515046874135408
199.01901901901903,0.7578968697695171
199.0990990990991,0.7641963094861061
199.1791791791792,0.7700303352023687
199.25925925925927,0.7756307527335662
199.33933933933935,0.78103475976681
199.41941941941943,0.7861197445005658
199.4994994994995,0.7909853930797857
199.5795795795796,0.7958611789304796
199.65965965965967,0.8003786772587344
199.73973973973975,0.8042287629721373
199.81981981981983,0.807547356080193
199.8998998998999,0.8102656790493064
199.97997997998,0.8129979269133115
200.06006006006007,0.815080817150879
200.14014014014015,0.8168812919516899
200.22022022022023,0.8180376456779545
200.3003003003003,0.8189551805118384
200.3803803803804,0.819446721865723
200.46046046046047,0.819455578336954
200.54054054054055,0.8189922372553354
200.62062062062063,0.8180181604315492
200.7007007007007,0.8167271439809362
200.7807807807808,0.81448917388785
200.86086086086087,0.8116946345580307
200.94094094094095,0.8085349815624263
201.02102102102103,0.8055019836208185
201.1011011011011,0.8020704321010506
201.1811811811812,0.7979623791775925
201.26126126126127,0.7935316161721526
201.34134134134135,0.7886101246523481
201.42142142142143,0.7836612084505059
201.5015015015015,0.7781449738402044
201.5815815815816,0.7728934879465442
201.66166166166167,0.7672636495636846
201.74174174174175,0.7618950794350623
201.82182182182183,0.7557718091590668
201.9019019019019,0.7499648047907774
201.981981981982,0.7436761353433123
202.06206206206207,0.7379010644556107
202.14214214214215,0.7315339933207845
202.22222222222223,0.7252759342301618
202.3023023023023,0.718719519392723
202.3823823823824,0.7124480080566894
202.46246246246247,0.7064459806514972
202.54254254254255,0.7001936851911549
202.62262262262263,0.6941595414259797
202.7027027027027,0.6881086533448585
202.7827827827828,0.6820256525241908
202.86286286286287,0.6759131690848211
202.94294294294295,0.6694796655902633
203.02302302302303,0.6638126424960118
203.1031031031031,0.6584254825628021
203.1831831831832,0.6533487980803918
203.26326326326327,0.6476671537945238
203.34334334334335,0.6420367228782851
203.42342342342343,0.6365881496387754
203.5035035035035,0.63170636610811
203.5835835835836,0.6265460234634124
203.66366366366367,0.6220192462732824
203.74374374374375,0.6176744233021911
203.82382382382383,0.6136866284172147
203.9039039039039,0.6092657294226351
203.983983983984,0.604797573286864
204.06406406406407,0.6007561088329325
204.14414414414415,0.5972662066068357
204.22422422422423,0.5936724633474635
204.3043043043043,0.5902165023451732
204.3843843843844,0.5865394570585019
204.46446446446447,0.5832135569245899
204.54454454454455,0.5797542803955252
204.62462462462463,0.5767096222317126
204.7047047047047,0.5739321698129284
204.7847847847848,0.5715983333130253
204.86486486486487,0.5687521221180314
204.94494494494495,0.5662241366897822
205.02502502502503,0.5635928506205746
205.1051051051051,0.5616099244529943
205.1851851851852,0.5596689411051328
205.26526526526527,0.5575491834527099
205.34534534534535,0.5558489256576525
205.42542542542543,0.5538927421934985
205.5055055055055,0.5528421417318607
205.5855855855856,0.551294604855495
205.66566566566567,0.5508743180952994
205.74574574574575,0.5494552936160152
205.82582582582583,0.548563799675147
205.9059059059059,0.5475038492759223
205.985985985986,0.5474635512460778
206.06606606606607,0.5470760011279723
206.14614614614615,0.5468873437712545
206.22622622622623,0.5460893580041457
206.3063063063063,0.5464960755617279
206.3863863863864,0.5460820304248666
206.46646646646647,0.546697000746344
206.54654654654655,0.5466062157475305
206.62662662662663,0.5478548654979455
206.7067067067067,0.5481802203326445
206.7867867867868,0.5494268877839275
206.86686686686687,0.549686873160736
206.94694694694695,0.5509064733268149
207.02702702702703,0.5509634177763636
207.1071071071071,0.5529845781557119
207.1871871871872,0.554452986244828
207.26726726726727,0.5567461061740541
207.34734734734735,0.5578451167249516
207.42742742742743,0.5595466972607955
207.5075075075075,0.5617442573565598
207.5875875875876,0.5638843867586704
207.66766766766767,0.5663109398882565
207.74774774774775,0.5679526389700175
207.82782782782783,0.5709653068805487
207.9079079079079,0.5733949225895494
207.987987987988,0.5765683039796536
208.06806806806807,0.5789918100027984
208.14814814814815,0.5822775281667227
208.22822822822823,0.5849444789325476
208.3083083083083,0.5885962354311602
208.3883883883884,0.5912204240906747
208.46846846846847,0.5961087946710384
208.54854854854855,0.5995066915778159
208.62862862862863,0.6045734416668631
208.7087087087087,0.6071920269080072
208.7887887887888,0.6116423498481971
208.86886886886887,0.6151966149550455
208.94894894894895,0.6203263759207303
209.02902902902903,0.6242827615385274
209.1091091091091,0.6295495366458869
209.1891891891892,0.633961009060304
209.26926926926927,0.639846884928968
209.34934934934935,0.6439820335836927
209.42942942942943,0.6501036521711039
209.5095095095095,0.6546283407534184
209.5895895895896,0.6618037978303751
209.66966966966967,0.6660438955098896
209.74974974974975,0.6728779637108447
209.82982982982983,0.6777670294454691
209.9099099099099,0.6851250294666715
209.98998998999,0.6899146051967106
210.07007007007007,0.6960758877839179
210.15015015015015,0.7012509129302011
210.23023023023023,0.7084792474111904
210.3103103103103,0.7144699094170545
210.3903903903904,0.7211125679472808
210.47047047047047,0.7261770832931389
210.55055055055055,0.7325185281195946
210.63063063063063,0.7380768462201318
210.7107107107107,0.7445686422796709
210.7907907907908,0.7499556950730017
210.87087087087087,0.7566733745862805
210.95095095095095,0.7620479179251852
211.03103103103103,0.7683412402551563
211.11111111111111,0.7728789767357456
211.1911911911912,0.7786522450645933
211.27127127127127,0.7831555860164079
211.35135135135135,0.7881739184372077
211.43143143143143,0.7916580824492657
211.51151151151151,0.7957805316737141
211.5915915915916,0.7995443433840631
211.67167167167167,0.8037046865173605
211.75175175175175,0.8059716526098845
211.83183183183183,0.8077641081284487
211.91191191191191,0.8091545047934223
211.991991991992,0.8106631854994154
212.07207207207207,0.8124071798595517
212.15215215215215,0.8124697241255606
212.23223223223223,0.8133861283599948
212.31231231231232,0.8125325384301488
212.3923923923924,0.8124465213275125
212.47247247247248,0.8100334883778095
212.55255255255256,0.8086212805547398
212.63263263263264,0.8063439648287504
212.71271271271272,0.8046375364206552
212.7927927927928,0.8014026080456821
212.87287287287288,0.7974640687098971
212.95295295295296,0.7934138513871073
213.03303303303304,0.7894685527456956
213.11311311311312,0.7857734587180655
213.1931931931932,0.781177405778372
213.27327327327328,0.7762648582938709
213.35335335335336,0.7702254905896811
213.43343343343344,0.7642492564915709
213.51351351351352,0.7583029458290056
213.5935935935936,0.7526191952305634
213.67367367367368,0.7470631532038339
213.75375375375376,0.7413644741096721
213.83383383383384,0.7353387913971129
213.91391391391392,0.728735661184637
213.993993993994,0.7226684150817979
214.07407407407408,0.7165661659561694
214.15415415415416,0.7107068441671199
214.23423423423424,0.7036062668228139
214.31431431431432,0.6973335690097079
214.3943943943944,0.6910115682298237
214.47447447447448,0.6849675045022358
214.55455455455456,0.6783510973132518
214.63463463463464,0.6715428338602842
214.71471471471472,0.6660365986679799
214.7947947947948,0.6597523973391545
214.87487487487488,0.6540029777626944
214.95495495495496,0.6476142956400913
215.03503503503504,0.6428130818630198
215.11511511511512,0.6377969426892135
215.1951951951952,0.6325652772009921
215.27527527527528,0.6270196519888409
215.35535535535536,0.6217809646215144
215.43543543543544,0.6167885470349609
215.51551551551552,0.6125031764620306
215.5955955955956,0.6075499186832932
215.67567567567568,0.6035947761910042
215.75575575575576,0.5984292052956628
215.83583583583584,0.5949558786387082
215.91591591591592,0.5901221257304902
215.995995995996,0.5868386495997916
216.07607607607608,0.5830631899055203
216.15615615615616,0.5804413543901106
216.23623623623624,0.5769146776999918
216.31631631631632,0.5738532230616779
216.3963963963964,0.5701864076995817
216.47647647647648,0.5681564693036631
216.55655655655656,0.5648263926591548
216.63663663663664,0.5625840426265539
216.71671671671672,0.5585666114309146
216.7967967967968,0.5564018696026759
216.87687687687688,0.5536575939786941
216.95695695695696,0.5518294378264958
217.03703703703704,0.5496803105423249
217.11711711711712,0.547830662578197
217.1971971971972,0.5463674112490522
217.27727727727728,0.5449716331018508
217.35735735735736,0.5435717408801757
217.43743743743744,0.5428453633922113
217.51751751751752,0.5413461084406126
217.5975975975976,0.5406467033774424
217.67767767767768,0.5388216870641722
217.75775775775776,0.5383013651842214
217.83783783783784,0.5371661022953457
217.91791791791792,0.5368546312162784
217.997997997998,0.5366133562686535
218.07807807807808,0.5368589559522642
218.15815815815816,0.537100071600282
218.23823823823824,0.5375227369212853
218.31831831831832,0.5373568091649968
218.3983983983984,0.5377456152656263
218.47847847847848,0.5376255007432481
218.55855855855856,0.5385834324404326
218.63863863863864,0.5393090571854509
218.71871871871872,0.5402833458007184
218.7987987987988,0.5415047717820054
218.87887887887888,0.5427645462301551
218.95895895895896,0.5444123448070093
219.03903903903904,0.5453594353943421
219.11911911911912,0.5468623293687996
219.1991991991992,0.5481599690475669
219.27927927927928,0.5505410195440611
219.35935935935936,0.5528205346691347
219.43943943943944,0.5551221642480616
219.51951951951952,0.5572065712783439
219.5995995995996,0.5589671146896468
219.67967967967968,0.561083434198207
219.75975975975976,0.5636999488557165
219.83983983983984,0.566907911511794
219.91991991991992,0.5703086216871168
220.0,0.5732089496435278
