freq,trans
140.0,0.5201371000216217
140.08008008008008,0.522706615971894
140.16016016016016,0.5257619059446107
140.24024024024024,0.5313641122875321
140.32032032032032,0.5367155848665228
140.4004004004004,0.5426261483635255
140.48048048048048,0.5475311250184892
140.56056056056056,0.5526484690032606
140.64064064064064,0.5562269445250205
140.72072072072072,0.5604499470532129
140.8008008008008,0.5643805430953688
140.88088088088088,0.5684675479197457
140.96096096096096,0.5711687919481833
141.04104104104104,0.5732614489594261
141.12112112112112,0.5747115633764321
141.2012012012012,0.5770553842687259
141.28128128128128,0.5777202700608747
141.36136136136136,0.5784389487870504
141.44144144144144,0.5776894361697524
141.52152152152152,0.5778446609893538
141.6016016016016,0.5761444682133395
141.68168168168168,0.5748617407009582
141.76176176176176,0.5725329519095406
141.84184184184184,0.5711658191510158
141.92192192192192,0.5684201869021017
142.002002002002,0.5655205622204083
142.08208208208208,0.5613279512000405
142.16216216216216,0.5578678913688282
142.24224224224224,0.5538261413493303
142.32232232232232,0.54957011558051
142.4024024024024,0.5438170277819494
142.48248248248248,0.5382875897325452
142.56256256256256,0.5329352409207868
142.64264264264264,0.5271882686363776
142.72272272272272,0.5212702763275814
142.8028028028028,0.5137254240793434
142.88288288288288,0.5081867455951211
142.96296296296296,0.5014142355033796
143.04304304304304,0.4963471748983774
143.12312312312312,0.48860560812874526
143.2032032032032,0.48280549980370785
143.28328328328328,0.47522053815461324
143.36336336336336,0.46958847068929077
143.44344344344344,0.46205662890382876
143.52352352352352,0.45693581014000384
143.6036036036036,0.44982550571065194
143.68368368368368,0.444721462031839
143.76376376376376,0.4368421798896822
143.84384384384384,0.4309714346241743
143.92392392392392,0.4237468530682
144.004004004004,0.4183166128686283
144.08408408408408,0.4116895822909124
144.16416416416416,0.4056224120441187
144.24424424424424,0.398987187785227
144.32432432432432,0.39332186434696087
144.4044044044044,0.3877402500955112
144.48448448448448,0.38235723530495835
144.56456456456456,0.3770542320764844
144.64464464464464,0.3718179239440098
144.72472472472472,0.36716332683325137
144.8048048048048,0.3614400393364888
144.88488488488488,0.35725497274570994
144.96496496496496,0.3521820306296119
145.04504504504504,0.34924653425077784
145.12512512512512,0.3445726896698326
145.2052052052052,0.34132393596106353
145.28528528528528,0.33662259049268883
145.36536536536536,0.3339847406495549
145.44544544544544,0.33073765379677283
145.52552552552552,0.32867861301925555
145.6056056056056,0.325209115906825
145.68568568568568,0.32329426047226356
145.76576576576576,0.32034768834204225
145.84584584584584,0.31875616646526067
145.92592592592592,0.3158248186815458
146.006006006006,0.3144549416462658
146.08608608608608,0.3125793151118534
146.16616616616616,0.3119488850232014
146.24624624624624,0.31102552089781205
146.32632632632632,0.31013391150043335
146.4064064064064,0.30820345305732866
146.48648648648648,0.3067943135882021
146.56656656656656,0.30549164185002586
146.64664664664664,0.30541571467546974
146.72672672672672,0.305122082655376
146.8068068068068,0.3045554496549239
146.88688688688688,0.3042555404828354
146.96696696696696,0.3038309617147509
147.04704704704704,0.30447361828242314
147.12712712712712,0.3045107790345407
147.2072072072072,0.3054278878437841
147.28728728728728,0.3059330101544522
147.36736736736736,0.3070340697464871
147.44744744744744,0.3076206136192417
147.52752752752752,0.3083599137638863
147.6076076076076,0.3087866872787501
147.68768768768768,0.31018300035362867
147.76776776776777,0.311197094347454
147.84784784784785,0.31306534787361195
147.92792792792793,0.3141574884210897
148.008008008008,0.31637626437009553
148.08808808808809,0.3181491262271396
148.16816816816817,0.32078110235755913
148.24824824824825,0.322844569953444
148.32832832832833,0.3252273118354148
148.4084084084084,0.3270668201931063
148.48848848848849,0.3295537213447991
148.56856856856857,0.3322785501970801
148.64864864864865,0.3352236308671923
148.72872872872873,0.3375929173978257
148.8088088088088,0.3401599656534442
148.88888888888889,0.34321269564323453
148.96896896896897,0.34680779189047306
149.04904904904905,0.3501945134903228
149.12912912912913,0.3535505533216516
149.2092092092092,0.3573477943938534
149.2892892892893,0.3612509707864995
149.36936936936937,0.36512446073913574
149.44944944944945,0.3688690036817156
149.52952952952953,0.37292347656139063
149.6096096096096,0.37737523706943227
149.6896896896897,0.3818200769626155
149.76976976976977,0.386218414587298
149.84984984984985,0.3911305375897748
149.92992992992993,0.3960809624506335
150.01001001001,0.4014371232686526
150.0900900900901,0.406436662416939
150.17017017017017,0.4119496612088734
150.25025025025025,0.4173252619514799
150.33033033033033,0.4232300198244702
150.4104104104104,0.42939609317469923
150.4904904904905,0.4359858094858994
150.57057057057057,0.44213640168320956
150.65065065065065,0.44830968896716494
150.73073073073073,0.4536919930190311
150.8108108108108,0.460244234280318
150.8908908908909,0.4665773599951988
150.97097097097097,0.4738734332564777
151.05105105105105,0.4807023811501656
151.13113113113113,0.48768688135564414
151.2112112112112,0.49470374786725835
151.2912912912913,0.5018925487168264
151.37137137137137,0.5092457728324618
151.45145145145145,0.516315755099829
151.53153153153153,0.5229317479328309
151.6116116116116,0.5294880163950239
151.6916916916917,0.5364988945391431
151.77177177177177,0.5436539956988492
151.85185185185185,0.551044863082075
151.93193193193193,0.5577094684632851
152.012012012012,0.5645147998977978
152.0920920920921,0.5707408073298396
152.17217217217217,0.5775623841288343
152.25225225225225,0.58354068498543
152.33233233233233,0.5896753917072098
152.4124124124124,0.5946888124253096
152.4924924924925,0.5996194896136415
152.57257257257257,0.6037277162239746
152.65265265265265,0.6085782323603396
152.73273273273273,0.6127054931511744
152.8128128128128,0.6170487355179046
152.8928928928929,0.6202770690182102
152.97297297297297,0.6235266796962499
153.05305305305305,0.625684438163121
153.13313313313313,0.6277623752904852
153.2132132132132,0.6290586982501261
153.2932932932933,0.6304800543501273
153.37337337337337,0.6309243246903669
153.45345345345345,0.631186885363982
153.53353353353353,0.6303927149415076
153.6136136136136,0.6294532006366068
153.6936936936937,0.6283840860071003
153.77377377377377,0.6267907981598564
153.85385385385385,0.6251498186566364
153.93393393393393,0.6224711634929861
154.014014014014,0.6201701941799906
154.0940940940941,0.6170482829252594
154.17417417417417,0.6146885316486443
154.25425425425425,0.6112843473738727
154.33433433433433,0.6080688604585662
154.4144144144144,0.6038327694863758
154.4944944944945,0.6000655028170467
154.57457457457457,0.5953466400870401
154.65465465465465,0.5908576367027427
154.73473473473473,0.5852772745517453
154.8148148148148,0.5806961986657181
154.8948948948949,0.5758216528623514
154.97497497497497,0.571421804018365
155.05505505505505,0.5659277576594712
155.13513513513513,0.5607925241464768
155.2152152152152,0.5550198345289067
155.2952952952953,0.5497949537188296
155.37537537537537,0.5438467220499852
155.45545545545545,0.538329234541919
155.53553553553553,0.5325867270168282
155.6156156156156,0.5271545764733973
155.6956956956957,0.5217301185346152
155.77577577577577,0.5168635038677142
155.85585585585585,0.5114767412942939
155.93593593593593,0.5059191887255324
156.016016016016,0.4996118467002053
156.0960960960961,0.49363873307215733
156.17617617617617,0.48770478688871377
156.25625625625625,0.4820982033129751
156.33633633633633,0.47638416709479464
156.4164164164164,0.47053338786040017
156.4964964964965,0.46485389248269987
156.57657657657657,0.45919286856282904
156.65665665665665,0.4540307848283985
156.73673673673673,0.4486112561203263
156.8168168168168,0.44331616632938575
156.8968968968969,0.43777718722677045
156.97697697697697,0.4325380721200939
157.05705705705705,0.4268439820960547
157.13713713713713,0.4217110770687288
157.2172172172172,0.41699437919719506
157.2972972972973,0.41281233583619736
157.37737737737737,0.40844668115492316
157.45745745745745,0.4038923537248171
157.53753753753753,0.39887378195209966
157.6176176176176,0.3943099714792781
157.6976976976977,0.38975499016322673
157.77777777777777,0.3858101614942067
157.85785785785785,0.38159079986329136
157.93793793793793,0.37793966422654157
158.018018018018,0.37443126976429103
158.0980980980981,0.3712540883321517
158.17817817817817,0.3683110704464621
158.25825825825825,0.3653260730631224
158.33833833833833,0.3626755790200382
158.4184184184184,0.36015338741891023
158.4984984984985,0.35770543271640165
158.57857857857857,0.35541083897830894
158.65865865865865,0.35305871127485466
158.73873873873873,0.3514318234142371
158.8188188188188,0.34993048383254616
158.8988988988989,0.34879203237984224
158.97897897897897,0.347709818942973
159.05905905905905,0.3468176319727026
159.13913913913913,0.3460942557018741
159.2192192192192,0.34528715071453403
159.2992992992993,0.34473338616431043
159.37937937937937,0.3441802772471403
159.45945945945945,0.34424455520604486
159.53953953953953,0.34426747760941623
159.6196196196196,0.3447278967313563
159.6996996996997,0.3450679902537385
159.77977977977977,0.3460404846156689
159.85985985985985,0.3467382093600314
159.93993993993993,0.34776922998887044
160.02002002002,0.3485360826995245
160.1001001001001,0.35025585096195844
160.18018018018017,0.35220796294338164
160.26026026026025,0.3544815942181657
160.34034034034033,0.35636063933917755
160.4204204204204,0.3582369515941611
160.5005005005005,0.36076760081994413
160.58058058058057,0.3633562346655664
160.66066066066065,0.36626015541771584
160.74074074074073,0.36897936874009846
160.8208208208208,0.3719282712614684
160.9009009009009,0.3746318723653307
160.98098098098097,0.37736045030150417
161.06106106106105,0.380471260101757
161.14114114114113,0.38456890833866614
161.2212212212212,0.38900955005660887
161.3013013013013,0.3932871606464839
161.38138138138137,0.39712622432201283
161.46146146146145,0.40148304932973844
161.54154154154153,0.40631867935573135
161.6216216216216,0.41158083141582413
161.7017017017017,0.416515585635933
161.78178178178177,0.4213692732095845
161.86186186186185,0.42667150023336853
161.94194194194193,0.4322059347431575
162.022022022022,0.4379650365829873
162.1021021021021,0.4437241948542728
162.18218218218217,0.4498577819267094
162.26226226226225,0.4560511018880249
162.34234234234233,0.4623690593221897
162.42242242242241,0.46875064060019195
162.5025025025025,0.47505257250338423
162.58258258258257,0.4812130268581733
162.66266266266265,0.4875185062693417
162.74274274274273,0.4938328456725097
162.82282282282281,0.5007183149382306
162.9029029029029,0.507616981083726
162.98298298298297,0.5150773130130305
163.06306306306305,0.5223226981001051
163.14314314314313,0.5298490663440057
163.22322322322321,0.5373065197350959
163.3033033033033,0.5450495456193886
163.38338338338338,0.5526549701730346
163.46346346346346,0.5602723351598543
163.54354354354354,0.5676790674871074
163.62362362362362,0.5752429915126088
163.7037037037037,0.5824044189475169
163.78378378378378,0.5895226469967433
163.86386386386386,0.5965280235235785
163.94394394394394,0.6036271813721173
164.02402402402402,0.6103681182754662
164.1041041041041,0.6166777279384128
164.18418418418418,0.6227853994154037
164.26426426426426,0.6284736225694394
164.34434434434434,0.6338052945897037
164.42442442442442,0.6385507817075385
164.5045045045045,0.6429418552603965
164.58458458458458,0.6468545251671011
164.66466466466466,0.650737769380785
164.74474474474474,0.6541849811161197
164.82482482482482,0.6574844742382043
164.9049049049049,0.6603559586742132
164.98498498498498,0.6629105892877472
165.06506506506506,0.6647186318926529
165.14514514514514,0.6662326303173304
165.22522522522522,0.6670732310993905
165.3053053053053,0.6672732364655679
165.38538538538538,0.6667164314230819
165.46546546546546,0.6661234237755647
165.54554554554554,0.6655789929621507
165.62562562562562,0.6646517127640139
165.7057057057057,0.66319036017493
165.78578578578578,0.6611728142348207
165.86586586586586,0.6592963993628401
165.94594594594594,0.657446837785908
166.02602602602602,0.6553454157909774
166.1061061061061,0.6527721298687942
166.18618618618618,0.6498199784824467
166.26626626626626,0.6463087134265538
166.34634634634634,0.6428656371917315
166.42642642642642,0.6394315440354673
166.5065065065065,0.6362804042605413
166.58658658658658,0.6326723491517131
166.66666666666666,0.6290261975931164
166.74674674674674,0.6248853386974191
166.82682682682682,0.6208882900239656
166.9069069069069,0.6166979892839728
166.98698698698698,0.6129194872024329
167.06706706706706,0.6086466648997374
167.14714714714714,0.6047431261379664
167.22722722722722,0.6002748622203258
167.3073073073073,0.5961954799287565
167.38738738738738,0.5916452982087556
167.46746746746746,0.5876175675319212
167.54754754754754,0.583327553867289
167.62762762762762,0.5797704169178585
167.7077077077077,0.5757083256578391
167.78778778778778,0.571703252117696
167.86786786786786,0.5674046220545967
167.94794794794794,0.5635798824091371
168.02802802802802,0.5595478795995206
168.1081081081081,0.5553557515845279
168.18818818818818,0.5510895125321131
168.26826826826826,0.5470309601657312
168.34834834834834,0.5431135453874858
168.42842842842842,0.5389972009361931
168.5085085085085,0.5349047610323647
168.58858858858858,0.5307324946789627
168.66866866866866,0.5271785169047877
168.74874874874874,0.5232418423584678
168.82882882882882,0.5193219099632256
168.9089089089089,0.5149495740802574
168.98898898898898,0.5110210052155978
169.06906906906906,0.5067720342806808
169.14914914914914,0.5030311506908592
169.22922922922922,0.4989256598171755
169.3093093093093,0.4955823480049279
169.38938938938938,0.49154516620168626
169.46946946946946,0.48766249872774353
169.54954954954954,0.48303922410010086
169.62962962962962,0.4792884091552523
169.7097097097097,0.4753998505068377
169.78978978978978,0.471706993391038
169.86986986986986,0.46740423041972123
169.94994994994994,0.46335627289327347
170.03003003003002,0.45912059105905595
170.1101101101101,0.45530841688688384
170.19019019019018,0.4515286963878762
170.27027027027026,0.4481634408163316
170.35035035035034,0.4447496716064681
170.43043043043042,0.4415535272021568
170.5105105105105,0.43815198580425213
170.59059059059058,0.43527678165391537
170.67067067067066,0.432428799881839
170.75075075075074,0.4297622273569773
170.83083083083082,0.42669034698642716
170.9109109109109,0.4237205094795254
170.99099099099098,0.4211001992425905
171.07107107107106,0.418869401586528
171.15115115115114,0.4171638469072312
171.23123123123122,0.41551924929993483
171.3113113113113,0.41402004682891885
171.39139139139138,0.4125449559675351
171.47147147147146,0.4111832625799925
171.55155155155154,0.4099198394505198
171.63163163163162,0.40881715194626583
171.7117117117117,0.407730726929289
171.79179179179178,0.4070774215379383
171.87187187187186,0.4067639874124895
171.95195195195194,0.4067459831279292
172.03203203203202,0.4066709404244443
172.11211211211213,0.4070788142576499
172.19219219219218,0.4077938541552766
172.2722722722723,0.4090872019350173
172.35235235235234,0.41027592832171456
172.43243243243245,0.41151590816263395
172.5125125125125,0.41257175270648105
172.5925925925926,0.41439049237029013
172.67267267267266,0.4163592037292719
172.75275275275277,0.41876963563541747
172.83283283283282,0.42111443413510663
172.91291291291293,0.4240339889240126
172.99299299299298,0.4268905345194642
173.0730730730731,0.43015498324708595
173.15315315315314,0.43338267876693715
173.23323323323325,0.43710496851042646
173.3133133133133,0.4405919025511401
173.3933933933934,0.4442078359019562
173.47347347347346,0.44795195398682824
173.55355355355357,0.4526001824177232
173.63363363363362,0.4576106600180369
173.71371371371373,0.46277039875799725
173.79379379379378,0.4677143172575626
173.8738738738739,0.4730642775923627
173.95395395395394,0.47859099291141227
174.03403403403405,0.48424418076075987
174.1141141141141,0.48970391642657285
174.1941941941942,0.4954558794088677
174.27427427427426,0.5015399621354933
174.35435435435437,0.5080471621857299
174.43443443443442,0.5144384085607485
174.51451451451453,0.5209688559259645
174.59459459459458,0.5276469541895847
174.6746746746747,0.534448163549958
174.75475475475474,0.5411705568552275
174.83483483483485,0.5478554658361543
174.9149149149149,0.5549022980816942
174.994994994995,0.5618620044989091
175.07507507507506,0.5690941781006156
175.15515515515517,0.5760825252172308
175.23523523523522,0.5835432941708161
175.31531531531533,0.5914633208512755
175.39539539539538,0.5994109789045673
175.4754754754755,0.6066630281069748
175.55555555555554,0.6135461962003963
175.63563563563565,0.6204370808687896
175.7157157157157,0.6275325127975194
175.7957957957958,0.6341797405691287
175.87587587587586,0.6404068987142876
175.95595595595597,0.645989916418551
176.03603603603602,0.6519000466004272
176.11611611611613,0.6575878314223631
176.19619619619618,0.6628958477641871
176.2762762762763,0.6675541150476343
176.35635635635634,0.6718921020904921
176.43643643643645,0.6756095443095554
176.5165165165165,0.678763941015881
176.5965965965966,0.681616995180705
176.67667667667666,0.6845031715665267
176.75675675675677,0.687144859964873
176.83683683683682,0.6892470006279068
176.91691691691693,0.6903932712889942
176.99699699699698,0.6913742639990037
177.0770770770771,0.6922256246259382
177.15715715715714,0.6929009729832518
177.23723723723725,0.6928577405200136
177.3173173173173,0.6921182877031785
177.3973973973974,0.6911605297145436
177.47747747747746,0.6902204655546789
177.55755755755757,0.6891102801092366
177.63763763763762,0.6873464108618141
177.71771771771773,0.6848196325276773
177.79779779779778,0.6821662093190313
177.8778778778779,0.6796411270839576
177.95795795795794,0.6770061414037234
178.03803803803805,0.6739389810907664
178.1181181181181,0.6705221382469205
178.1981981981982,0.6671675277711555
178.27827827827826,0.6639687256049274
178.35835835835837,0.6607432796613188
178.43843843843842,0.6573510302880066
178.51851851851853,0.653924125046932
178.59859859859858,0.6502729143575954
178.6786786786787,0.6464375222432136
178.75875875875874,0.6426058130797363
178.83883883883885,0.6392095518136119
178.9189189189189,0.635912968072969
178.998998998999,0.6323976822366183
179.07907907907907,0.62877499608132
179.15915915915917,0.6250095586950032
179.23923923923923,0.6213478082550907
179.31931931931933,0.6179401091600123
179.39939939939939,0.6148484671127206
179.4794794794795,0.611759128145296
179.55955955955955,0.6082174979851822
179.63963963963965,0.604408206013691
179.7197197197197,0.6008270814782363
179.7997997997998,0.5979778319251349
179.87987987987987,0.5951866674059647
179.95995995995997,0.5921128706457637
180.04004004004003,0.5890004259380963
180.12012012012013,0.586145010154577
180.2002002002002,0.5835472595512453
180.2802802802803,0.5808679800570666
180.36036036036035,0.5781647246802478
180.44044044044045,0.5755499143577605
180.5205205205205,0.5731893903087338
180.60060060060061,0.5708416693342868
180.68068068068067,0.5681787602907896
180.76076076076077,0.5654429263539648
180.84084084084083,0.5628652561130751
180.92092092092093,0.560704514917554
181.001001001001,0.5586466453541774
181.0810810810811,0.5562602542986832
181.16116116116115,0.5536634548883697
181.24124124124126,0.5513174795353387
181.3213213213213,0.5496571504882003
181.40140140140142,0.5480419064191516
181.48148148148147,0.5459789178346651
181.56156156156158,0.5436046667610597
181.64164164164163,0.541206506113735
181.72172172172174,0.5389680864040445
181.8018018018018,0.536879327072954
181.8818818818819,0.534926914404076
181.96196196196195,0.5329791842160843
182.04204204204206,0.5308241568954792
182.1221221221221,0.5285996341100275
182.20220220220222,0.5265220671479144
182.28228228228227,0.5246594099787917
182.36236236236238,0.5225614068804971
182.44244244244243,0.5200440905883165
182.52252252252254,0.5175708515388924
182.6026026026026,0.515318415006822
182.6826826826827,0.5131943955050612
182.76276276276275,0.5108638652417252
182.84284284284286,0.5085862880781477
182.9229229229229,0.5065037929859455
183.00300300300302,0.5046869710805753
183.08308308308307,0.5029429058331202
183.16316316316318,0.5011390934079561
183.24324324324323,0.49936682964820056
183.32332332332334,0.49762245198141697
183.4034034034034,0.49598483749125705
183.4834834834835,0.49467603208045996
183.56356356356355,0.4935135617357589
183.64364364364366,0.4922278029963696
183.7237237237237,0.4907550727238286
183.80380380380382,0.4896622406947755
183.88388388388387,0.48882686368463973
183.96396396396398,0.48809098592147265
184.04404404404403,0.4872992396640961
184.12412412412414,0.48679891286718135
184.2042042042042,0.4866595916669526
184.2842842842843,0.48656424781439456
184.36436436436435,0.4865948950979804
184.44444444444446,0.48690234404829197
184.5245245245245,0.48757634016624424
184.60460460460462,0.48870400748208737
184.68468468468467,0.48975628147729666
184.76476476476478,0.49126597911540837
184.84484484484483,0.49272662225989855
184.92492492492494,0.4944416570680861
185.005005005005,0.49622071064663886
185.0850850850851,0.49824184069162386
185.16516516516515,0.5003743039655824
185.24524524524526,0.5028418193321978
185.3253253253253,0.5059190057517472
185.40540540540542,0.5096409636000828
185.48548548548547,0.513346294817178
185.56556556556558,0.5168375818211133
185.64564564564563,0.5203733562813491
185.72572572572574,0.5243066500086982
185.8058058058058,0.5285241118508005
185.8858858858859,0.532952268038807
185.96596596596595,0.5374955153801138
186.04604604604606,0.5425071020575468
186.1261261261261,0.5480321194896803
186.20620620620622,0.5539476351609476
186.28628628628627,0.560025184299301
186.36636636636638,0.5658468856460511
186.44644644644643,0.5717302725002236
186.52652652652654,0.5777459629002389
186.6066066066066,0.5839900937171676
186.6866866866867,0.590213503332636
186.76676676676675,0.5966938714535552
186.84684684684686,0.6036024947258509
186.9269269269269,0.6106611127299315
187.00700700700702,0.6171791070650162
187.08708708708707,0.6231785653323065
187.16716716716718,0.6294416723506188
187.24724724724723,0.636247748392903
187.32732732732734,0.6428053690005106
187.4074074074074,0.6487006398657911
187.4874874874875,0.6544018903533632
187.56756756756755,0.6605810771493514
187.64764764764766,0.6668021528661653
187.7277277277277,0.6724337482772266
187.80780780780782,0.6775288321330727
187.88788788788787,0.6824928719421418
187.96796796796798,0.6875888648052857
188.04804804804803,0.6922618444636058
188.12812812812814,0.6966138270994038
188.2082082082082,0.7004865083570941
188.2882882882883,0.7038402186521051
188.36836836836835,0.7064082693404331
188.44844844844846,0.7086013880042047
188.5285285285285,0.7106243222098321
188.60860860860862,0.7125300330200639
188.68868868868867,0.7140516024786465
188.76876876876878,0.7152671369711234
188.84884884884883,0.7158384584188314
188.92892892892894,0.7159584798026891
189.009009009009,0.7155616252789486
189.0890890890891,0.714841711702102
189.16916916916915,0.7137900729210856
189.24924924924926,0.7125327608267656
189.3293293293293,0.7111936023591722
189.40940940940942,0.7094127172533196
189.48948948948947,0.7070068051513336
189.56956956956958,0.7044595240410689
189.64964964964963,0.701664895795741
189.72972972972974,0.6990208722899174
189.8098098098098,0.6958630685502505
189.8898898898899,0.6927381468999114
189.96996996996995,0.689531645148687
190.05005005005006,0.6862561206761831
190.1301301301301,0.68240332608966
190.21021021021022,0.6780868420409636
190.29029029029027,0.6740538807021458
190.37037037037038,0.670330490823526
190.45045045045043,0.6666690388021671
190.53053053053054,0.6630165927171662
190.6106106106106,0.659057389639486
190.6906906906907,0.655261774656551
190.77077077077075,0.6512124907242259
190.85085085085086,0.6473744156814758
190.9309309309309,0.6435825422785274
191.01101101101102,0.6399897831164482
191.09109109109107,0.6365407600308973
191.17117117117118,0.6329877254540928
191.25125125125123,0.629499714663066
191.33133133133134,0.6259118095013033
191.41141141141142,0.6226808773011178
191.4914914914915,0.6196498368483528
191.57157157157158,0.6165432545189408
191.65165165165166,0.6130749068724941
191.73173173173174,0.6099321992860787
191.81181181181182,0.6071483370241006
191.8918918918919,0.6047199443231271
191.97197197197198,0.6019744518125486
192.05205205205206,0.59933931078511
192.13213213213214,0.5964432920299017
192.21221221221222,0.5941642173036985
192.2922922922923,0.5921358253531145
192.37237237237238,0.5902843682424145
192.45245245245246,0.5880156487274208
192.53253253253254,0.5857693709368101
192.61261261261262,0.5835947458312859
192.6926926926927,0.5819068797463495
192.77277277277278,0.5802303782772117
192.85285285285286,0.5789274354002876
192.93293293293294,0.5774982483426085
193.01301301301302,0.5762566085633857
193.0930930930931,0.5747155941222074
193.17317317317318,0.5735646998332555
193.25325325325326,0.5724561186653466
193.33333333333334,0.5717164710772226
193.41341341341342,0.5705248728885284
193.4934934934935,0.5695957240985011
193.57357357357358,0.5687583555257362
193.65365365365366,0.5680956006662825
193.73373373373374,0.5675141739920238
193.81381381381382,0.5669325287583185
193.8938938938939,0.5664548757185754
193.97397397397398,0.5661124916074853
194.05405405405406,0.5659630848782347
194.13413413413414,0.5656974837105242
194.21421421421422,0.5652019759842182
194.2942942942943,0.5646048915519847
194.37437437437438,0.5640215824374835
194.45445445445446,0.5636591983785504
194.53453453453454,0.5637559686615189
194.61461461461462,0.5637199808521547
194.6946946946947,0.5638078423297864
194.77477477477478,0.5636214893228373
194.85485485485486,0.5636930303598093
194.93493493493494,0.5635165946327222
195.01501501501502,0.5635514666814699
195.0950950950951,0.5632970797339802
195.17517517517518,0.5629508858520851
195.25525525525526,0.5626400098204827
195.33533533533534,0.5625856782915504
195.41541541541542,0.5628186548195572
195.4954954954955,0.5630539937594972
195.57557557557558,0.5630103833091266
195.65565565565566,0.5629804554869288
195.73573573573574,0.563146035734471
195.81581581581582,0.5636027530536711
195.8958958958959,0.5640447343668105
195.97597597597598,0.5644687292725771
196.05605605605606,0.564864125135503
196.13613613613614,0.5649975225136203
196.21621621621622,0.5653682266622606
196.2962962962963,0.5660548332851889
196.37637637637638,0.5672599159925431
196.45645645645646,0.5682830700899372
196.53653653653654,0.5693985318950106
196.61661661661662,0.5701469012828082
196.6966966966967,0.5709943501413536
196.77677677677679,0.5718827924063619
196.85685685685687,0.5733297697193986
196.93693693693695,0.5748043158760794
197.01701701701703,0.5765293287380665
197.0970970970971,0.5781855965282372
197.17717717717719,0.5802681431490253
197.25725725725727,0.5824359335311786
197.33733733733735,0.5850932224806711
197.41741741741743,0.587767441243899
197.4974974974975,0.5905175342123777
197.57757757757759,0.5930267113914981
197.65765765765767,0.5960388648558529
197.73773773773775,0.5996688401187564
197.81781781781783,0.6036725234186122
197.8978978978979,0.6072154125686825
197.977977977978,0.6106309358218474
198.05805805805807,0.614367968238725
198.13813813813815,0.6186775591505698
198.21821821821823,0.6233367526662761
198.2982982982983,0.6279783878491059
198.3783783783784,0.6327500884522435
198.45845845845847,0.6378678027415781
198.53853853853855,0.6431932189316268
198.61861861861863,0.6484566855157827
198.6986986986987,0.6536433166723787
198.7787787787788,0.6589926790864754
198.85885885885887,0.6645239070331544
198.93893893893895,0.6698944610168551
199.01901901901903,0.6756044330558241
199.0990990990991,0.6810082165873975
199.1791791791792,0.6863763387015996
199.25925925925927,0.6912839060660884
199.33933933933935,0.696361666531591
199.41941941941943,0.7012389748615651
199.4994994994995,0.7060190875634448
199.5795795795796,0.7106518622085259
199.65965965965967,0.7151631609506578
199.73973973973975,0.7191203766949462
199.81981981981983,0.7225600968327662
199.8998998998999,0.7258131822592916
199.97997997998,0.7288842634119176
200.06006006006007,0.7318431997016851
200.14014014014015,0.7343491381354387
200.22022022022023,0.7364731560233762
200.3003003003003,0.7378810616841955
200.3803803803804,0.7391226335226985
200.46046046046047,0.7399400494876299
200.54054054054055,0.7406883903564294
200.62062062062063,0.7410455702276817
200.7007007007007,0.7409716115348766
200.7807807807808,0.7402299172796194
200.86086086086087,0.738524778285417
200.94094094094095,0.7370915371758916
201.02102102102103,0.7355176955551638
201.1011011011011,0.733811800099045
201.1811811811812,0.7311392183167081
201.26126126126127,0.7283489053135771
201.34134134134135,0.7257612318296213
201.42142142142143,0.7229062702149732
201.5015015015015,0.7194051833390172
201.5815815815816,0.715362146485238
201.66166166166167,0.7114635139072496
201.74174174174175,0.70787148004922
201.82182182182183,0.7039162827660636
201.9019019019019,0.7000285970807776
201.981981981982,0.6958232471909311
202.06206206206207,0.6919046325406991
202.14214214214215,0.6874666251449983
202.22222222222223,0.6833043467377538
202.3023023023023,0.6788808509773298
202.3823823823824,0.6746492226988676
202.46246246246247,0.6704376786413839
202.54254254254255,0.6660500260393893
202.62262262262263,0.6618453405682213
202.7027027027027,0.6577275925336165
202.7827827827828,0.6536289155179629
202.86286286286287,0.6494571091116761
202.94294294294295,0.6450307680198272
203.02302302302303,0.6411465920079337
203.1031031031031,0.6376164479387655
203.1831831831832,0.6341910743959833
203.26326326326327,0.6306501524622755
203.34334334334335,0.6265688551413697
203.42342342342343,0.6230101262723804
203.5035035035035,0.6196426831705578
203.5835835835836,0.616386273934804
203.66366366366367,0.6131412291668772
203.74374374374375,0.6101424320595109
203.82382382382383,0.6076970454688432
203.9039039039039,0.6049242885463132
203.983983983984,0.6020575203930987
204.06406406406407,0.5992617037589787
204.14414414414415,0.5973438689325369
204.22422422422423,0.5953767312023737
204.3043043043043,0.5931446627110224
204.3843843843844,0.5906659649227949
204.46446446446447,0.5885069383260166
204.54454454454455,0.5866343262451695
204.62462462462463,0.5850542609597121
204.7047047047047,0.5835012831386891
204.7847847847848,0.5822774182595835
204.86486486486487,0.5807334741028592
204.94494494494495,0.5794824713432194
205.02502502502503,0.5783567240819998
205.1051051051051,0.5775517687269953
205.1851851851852,0.5767876735733666
205.26526526526527,0.5759589110710382
205.34534534534535,0.57523798356893
205.42542542542543,0.5745744634822982
205.5055055055055,0.5740876786035544
205.5855855855856,0.5738348837085999
205.66566566566567,0.5739753188735821
205.74574574574575,0.573973361546206
205.82582582582583,0.5741853819779552
205.9059059059059,0.5740947858975723
205.985985985986,0.5747927774359971
206.06606606606607,0.574644397300148
206.14614614614615,0.575253401048973
206.22622622622623,0.5750956822928182
206.3063063063063,0.5766570813322458
206.3863863863864,0.5771200443493388
206.46646646646647,0.5785957047081284
206.54654654654655,0.5788915746119935
206.62662662662663,0.5808346659551523
206.7067067067067,0.5812280164745776
206.7867867867868,0.5828973957373035
206.86686686686687,0.5836703546254154
206.94694694694695,0.5857664832089383
207.02702702702703,0.5868737061732904
207.1071071071071,0.5886009176702706
207.1871871871872,0.5904396048242133
207.26726726726727,0.5927330722581678
207.34734734734735,0.5944941808903533
207.42742742742743,0.5960535032989929
207.5075075075075,0.5977187403351956
207.5875875875876,0.6002475113495114
207.66766766766767,0.6021077360097913
207.74774774774775,0.6042152256192599
207.82782782782783,0.6060216208047624
207.9079079079079,0.6085970228708991
207.987987987988,0.6108992048164765
208.06806806806807,0.6133262341166049
208.14814814814815,0.615742820750853
208.22822822822823,0.617422616720325
208.3083083083083,0.6203653432271848
208.3883883883884,0.6223260578224914
208.46846846846847,0.6257373521356069
208.54854854854855,0.6276403821204999
208.62862862862863,0.6312381663108525
208.7087087087087,0.633621604946211
208.7887887887888,0.6370164495494645
208.86886886886887,0.639364570686433
208.94894894894895,0.642605302869792
209.02902902902903,0.6451225377482186
209.1091091091091,0.6491902507855751
209.1891891891892,0.6519160383781343
209.26926926926927,0.6563056737368975
209.34934934934935,0.6581805389615837
209.42942942942943,0.662565027597281
209.5095095095095,0.6649294589044838
209.5895895895896,0.6698741546796319
209.66966966966967,0.672127938203327
209.74974974974975,0.6767951345425081
209.82982982982983,0.6801475475710882
209.9099099099099,0.6851887748455945
209.98998998999,0.6883231634306964
210.07007007007007,0.6921163200399157
210.15015015015015,0.6957076859222503
210.23023023023023,0.7009615652765553
210.3103103103103,0.7050490688039122
210.3903903903904,0.7095703345077993
210.47047047047047,0.7122493713154047
210.55055055055055,0.7169628486243539
210.63063063063063,0.7202149678489286
210.7107107107107,0.7248770620100797
210.7907907907908,0.7284504566002645
210.87087087087087,0.7337186410998066
210.95095095095095,0.7376483344552138
211.03103103103103,0.7418052195163637
211.11111111111111,0.7450037302749026
211.1911911911912,0.748726181106262
211.27127127127127,0.752699568611493
211.35135135135135,0.7565370863652195
211.43143143143143,0.7595545461492733
211.51151151151151,0.7620963623084401
211.5915915915916,0.7644520037359243
211.67167167167167,0.7674472756443438
211.75175175175175,0.7698230920146998
211.83183183183183,0.7710478610977536
211.91191191191191,0.771855224163261
211.991991991992,0.7727068068666415
212.07207207207207,0.7743476352841223
212.15215215215215,0.7746276761835642
212.23223223223223,0.7749375028255738
212.31231231231232,0.7741923328910081
212.3923923923924,0.7739085057985677
212.47247247247248,0.7720618802596904
212.55255255255256,0.7707854330824113
212.63263263263264,0.7689583971465843
212.71271271271272,0.7679365680340833
212.7927927927928,0.7657600941505586
212.87287287287288,0.7624621840377095
212.95295295295296,0.7586645066806649
213.03303303303304,0.7553920364465674
213.11311311311312,0.7521094562507995
213.1931931931932,0.7490452414168074
213.27327327327328,0.7454492898648564
213.35335335335336,0.7421310453296627
213.43343343343344,0.7365338309232362
213.51351351351352,0.731499857500513
213.5935935935936,0.7256905367365147
213.67367367367368,0.7217218633565028
213.75375375375376,0.7177305977041661
213.83383383383384,0.7132278528597937
213.91391391391392,0.7082208384830055
213.993993993994,0.7028107447416885
214.07407407407408,0.6979589293830559
214.15415415415416,0.6928856667769754
214.23423423423424,0.6878350249884819
214.31431431431432,0.6829599418106379
214.3943943943944,0.6780791252914966
214.47447447447448,0.6731973239802796
214.55455455455456,0.6680731145090525
214.63463463463464,0.6623801476222319
214.71471471471472,0.6577888836148591
214.7947947947948,0.6532658369289601
214.87487487487488,0.6492054765878494
214.95495495495496,0.6444329438540145
215.03503503503504,0.6403772316895576
215.11511511511512,0.6362772655260099
215.1951951951952,0.6324679926130334
215.27527527527528,0.6280572128893568
215.35535535535536,0.6245595128773789
215.43543543543544,0.6205075423366241
215.51551551551552,0.6176411102223595
215.5955955955956,0.6134509580225669
215.67567567567568,0.610488743045517
215.75575575575576,0.6067977469691954
215.83583583583584,0.6043938330498492
215.91591591591592,0.6009848035002939
215.995995995996,0.5985673108349892
216.07607607607608,0.5956478208391616
216.15615615615616,0.5940050869483432
216.23623623623624,0.5912955392964362
216.31631631631632,0.5899230742388182
216.3963963963964,0.587037290685556
216.47647647647648,0.5863408589290948
216.55655655655656,0.5837634215566095
216.63663663663664,0.5819694588110051
216.71671671671672,0.5795284597692644
216.7967967967968,0.578460104994652
216.87687687687688,0.5772151197220448
216.95695695695696,0.5760274541638345
217.03703703703704,0.5741502781078452
217.11711711711712,0.5735329555863717
217.1971971971972,0.5722546872721611
217.27727727727728,0.5724214271237575
217.35735735735736,0.5711553017441133
217.43743743743744,0.5716496502654309
217.51751751751752,0.5712437994295984
217.5975975975976,0.5712418678589616
217.67767767767768,0.5702614376407098
217.75775775775776,0.5700373392104756
217.83783783783784,0.570528581568097
217.91791791791792,0.5706316972913602
217.997997997998,0.5710881215964736
218.07807807807808,0.5715025275854317
218.15815815815816,0.5724874321639821
218.23823823823824,0.5739744694829254
218.31831831831832,0.5749183764531441
218.3983983983984,0.5761026692589674
218.47847847847848,0.5767373145410403
218.55855855855856,0.5781526298111413
218.63863863863864,0.5795232312835165
218.71871871871872,0.580922185410246
218.7987987987988,0.5818241383706844
218.87887887887888,0.5837700372336139
218.95895895895896,0.5864454572112614
219.03903903903904,0.5894171756286611
219.11911911911912,0.5909001262922644
219.1991991991992,0.5922238990894629
219.27927927927928,0.5941162658319077
219.35935935935936,0.5979691045501836
219.43943943943944,0.6020047453369967
219.51951951951952,0.6052240863203355
219.5995995995996,0.6076145079657848
219.67967967967968,0.6092617144959789
219.75975975975976,0.612504696016804
219.83983983983984,0.614422900871199
219.91991991991992,0.6190003707716885
220.0,0.6215843812780458
