freq,trans
140.0,0.1763751998677041
140.08008008008008,0.1788292932422852
140.16016016016016,0.18119452326915156
140.24024024024024,0.18623981784813676
140.32032032032032,0.19117290964702932
140.4004004004004,0.19739351812469913
140.48048048048048,0.20412900672702686
140.56056056056056,0.21135508166998626
140.64064064064064,0.21820708618731227
140.72072072072072,0.2253785814429916
140.8008008008008,0.23271433303530292
140.88088088088088,0.24047194531871255
140.96096096096096,0.24780496380424086
141.04104104104104,0.2559694172533937
141.12112112112112,0.26368488884973335
141.2012012012012,0.27249862390906865
141.28128128128128,0.279986000622304
141.36136136136136,0.28853401903130016
141.44144144144144,0.2970071137180234
141.52152152152152,0.30701750058594346
141.6016016016016,0.31582615101084666
141.68168168168168,0.3239961082241545
141.76176176176176,0.3318448611494101
141.84184184184184,0.34089067487943175
141.92192192192192,0.3499502886672488
142.002002002002,0.35889612466420573
142.08208208208208,0.3662793505352619
142.16216216216216,0.3735574891124077
142.24224224224224,0.3801878540961138
142.32232232232232,0.3873232124761156
142.4024024024024,0.3940253652706998
142.48248248248248,0.3996268708355617
142.56256256256256,0.40561353737476963
142.64264264264264,0.40936265450450077
142.72272272272272,0.4144867577805119
142.8028028028028,0.41619848572243145
142.88288288288288,0.4204922110314835
142.96296296296296,0.4214859819243348
143.04304304304304,0.42514470991462616
143.12312312312312,0.4251585282055606
143.2032032032032,0.4286044067089452
143.28328328328328,0.42774554097856393
143.36336336336336,0.4295794383826091
143.44344344344344,0.426568286881408
143.52352352352352,0.42688869346156
143.6036036036036,0.42385436521195935
143.68368368368368,0.4233597228704649
143.76376376376376,0.41888764230720543
143.84384384384384,0.41657104190727606
143.92392392392392,0.4116500676785349
144.004004004004,0.4088508984566767
144.08408408408408,0.4037013677028632
144.16416416416416,0.39945057125826855
144.24424424424424,0.3937398782160157
144.32432432432432,0.3880786121590608
144.4044044044044,0.38276401542594396
144.48448448448448,0.3764047935316692
144.56456456456456,0.3707064659359922
144.64464464464464,0.36344872380252113
144.72472472472472,0.3580826058261722
144.8048048048048,0.35016109736370754
144.88488488488488,0.34475727176919196
144.96496496496496,0.33696873209093936
145.04504504504504,0.33210066984684006
145.12512512512512,0.32423952279706664
145.2052052052052,0.3186972130475242
145.28528528528528,0.31011051252996646
145.36536536536536,0.30436107428630715
145.44544544544544,0.2969679451335503
145.52552552552552,0.2922525624649574
145.6056056056056,0.284826657592464
145.68568568568568,0.27941884516582555
145.76576576576576,0.27225986270131947
145.84584584584584,0.2672241170182474
145.92592592592592,0.2604929294921571
146.006006006006,0.25498397987419796
146.08608608608608,0.24915180508453014
146.16616616616616,0.24495454598967484
146.24624624624624,0.23987634298138397
146.32632632632632,0.23547731744289924
146.4064064064064,0.23003604067071495
146.48648648648648,0.2255906949143042
146.56656656656656,0.2208023741130184
146.64664664664664,0.2167744164596925
146.72672672672672,0.21267869477475676
146.8068068068068,0.20812541199208415
146.88688688688688,0.20415812771254768
146.96696696696696,0.19995178051238188
147.04704704704704,0.19659902483263475
147.12712712712712,0.1927468603632095
147.2072072072072,0.18944805435395567
147.28728728728728,0.18590965882135865
147.36736736736736,0.18277207203670487
147.44744744744744,0.17951768160885748
147.52752752752752,0.1769702792238343
147.6076076076076,0.1738507875389207
147.68768768768768,0.17131584694050836
147.76776776776777,0.16782138665903834
147.84784784784785,0.1656010760018195
147.92792792792793,0.16302094333074443
148.008008008008,0.16125238338570408
148.08808808808809,0.15870460303906395
148.16816816816817,0.15672010442615847
148.24824824824825,0.15480475742181524
148.32832832832833,0.15328376279271289
148.4084084084084,0.1515359676214461
148.48848848848849,0.14994399013428653
148.56856856856857,0.14812257517583546
148.64864864864865,0.1464913154633597
148.72872872872873,0.1444420889488831
148.8088088088088,0.1429433099146694
148.88888888888889,0.1415017013247115
148.96896896896897,0.1404685354437957
149.04904904904905,0.1393839132955547
149.12912912912913,0.13837743824858806
149.2092092092092,0.13772313692753033
149.2892892892893,0.136892652692578
149.36936936936937,0.13631189153989126
149.44944944944945,0.13529805926199198
149.52952952952953,0.13455356172809652
149.6096096096096,0.13385060928402945
149.6896896896897,0.1335190532341273
149.76976976976977,0.1331022781360988
149.84984984984985,0.1327953043802968
149.92992992992993,0.1327501094775513
150.01001001001,0.1331235980503623
150.0900900900901,0.13349574156757182
150.17017017017017,0.13391092640368585
150.25025025025025,0.13405634063774305
150.33033033033033,0.13461218529337454
150.4104104104104,0.13521045574110505
150.4904904904905,0.13625813732895856
150.57057057057057,0.1372803159348355
150.65065065065065,0.13867962034139383
150.73073073073073,0.13975436006800646
150.8108108108108,0.14117661081668342
150.8908908908909,0.14254791993800506
150.97097097097097,0.14469617043904087
151.05105105105105,0.1469722195046527
151.13113113113113,0.14962187329299462
151.2112112112112,0.1519440838529384
151.2912912912913,0.15460215629408436
151.37137137137137,0.1575510559479383
151.45145145145145,0.16118009783416934
151.53153153153153,0.1651177480137503
151.6116116116116,0.1691876743131783
151.6916916916917,0.17324724548993686
151.77177177177177,0.17747647649145884
151.85185185185185,0.18214923814351472
151.93193193193193,0.1872248855313569
152.012012012012,0.19293490708939334
152.0920920920921,0.19848505915431916
152.17217217217217,0.20464746742006448
152.25225225225225,0.2106415654370495
152.33233233233233,0.21787114342490185
152.4124124124124,0.22502783020557163
152.4924924924925,0.2326712306478152
152.57257257257257,0.23968658756835182
152.65265265265265,0.24739134677323907
152.73273273273273,0.25492433419857996
152.8128128128128,0.2633684974629324
152.8928928928929,0.2713351497709045
152.97297297297297,0.28032537862394896
153.05305305305305,0.2892515159062584
153.13313313313313,0.2989576911591534
153.2132132132132,0.3076881268557026
153.2932932932933,0.316625930762469
153.37337337337337,0.3252027620368242
153.45345345345345,0.33495457331223294
153.53353353353353,0.34371342006305233
153.6136136136136,0.3524663416952813
153.6936936936937,0.3607528491321377
153.77377377377377,0.3694483548772738
153.85385385385385,0.3785169453291449
153.93393393393393,0.38661354934664516
154.014014014014,0.39463891514485366
154.0940940940941,0.40202120403832037
154.17417417417417,0.41026779776666633
154.25425425425425,0.4179458027014323
154.33433433433433,0.4259158367582894
154.4144144144144,0.4329848772001982
154.4944944944945,0.4403213349414237
154.57457457457457,0.44649448896971017
154.65465465465465,0.45287818534099783
154.73473473473473,0.45843966602315356
154.8148148148148,0.46505878863099476
154.8948948948949,0.47140891183189015
154.97497497497497,0.4783097788904412
155.05505505505505,0.4836211504808558
155.13513513513513,0.4888479309307658
155.2152152152152,0.49212373554031763
155.2952952952953,0.49635311121198544
155.37537537537537,0.5001191535915247
155.45545545545545,0.5048118585298775
155.53553553553553,0.5080758609340205
155.6156156156156,0.5107926661296425
155.6956956956957,0.5130264674728021
155.77577577577577,0.5151010954803257
155.85585585585585,0.5163908373613894
155.93593593593593,0.5175839941828774
156.016016016016,0.5187885611868649
156.0960960960961,0.5199306842034249
156.17617617617617,0.5191365179934038
156.25625625625625,0.5175264078777483
156.33633633633633,0.5152013683434049
156.4164164164164,0.5133534157194612
156.4964964964965,0.5109138966440878
156.57657657657657,0.5075821332997457
156.65665665665665,0.5035265246896785
156.73673673673673,0.4994080294846446
156.8168168168168,0.4952284602733669
156.8968968968969,0.4899123584330672
156.97697697697697,0.48389043616735916
157.05705705705705,0.47722257630805553
157.13713713713713,0.4713871209262267
157.2172172172172,0.46487965212705007
157.2972972972973,0.45864027640035404
157.37737737737737,0.4516468163459698
157.45745745745745,0.4448314548697497
157.53753753753753,0.4373852674602641
157.6176176176176,0.4295648069305376
157.6976976976977,0.4214793047605714
157.77777777777777,0.4134897484624096
157.85785785785785,0.4052313219109049
157.93793793793793,0.396945694450342
158.018018018018,0.3882503557377699
158.0980980980981,0.38038438475582337
158.17817817817817,0.3722220679141929
158.25825825825825,0.3647022542840862
158.33833833833833,0.3563684306787141
158.4184184184184,0.3485802018779763
158.4984984984985,0.3407921674406839
158.57857857857857,0.3335695513557255
158.65865865865865,0.3264885748620012
158.73873873873873,0.3196055900552415
158.8188188188188,0.31275058048463533
158.8988988988989,0.3060506154382837
158.97897897897897,0.29975927355682147
159.05905905905905,0.29386218511544493
159.13913913913913,0.28817135363571034
159.2192192192192,0.2822023608666829
159.2992992992993,0.27610522544780575
159.37937937937937,0.27014156913618403
159.45945945945945,0.26443369338109673
159.53953953953953,0.2589137774189788
159.6196196196196,0.2536611438517178
159.6996996996997,0.24830489516879264
159.77977977977977,0.2432509867292441
159.85985985985985,0.23826271309501804
159.93993993993993,0.23387538975217148
160.02002002002,0.22963098285193295
160.1001001001001,0.22573346173232708
160.18018018018017,0.22182796654292658
160.26026026026025,0.21823006847985624
160.34034034034033,0.2147465589017184
160.4204204204204,0.2112290147134139
160.5005005005005,0.20781556430564524
160.58058058058057,0.20475769497358368
160.66066066066065,0.20204606071673287
160.74074074074073,0.19957957593871348
160.8208208208208,0.1969133240186169
160.9009009009009,0.1945399461613141
160.98098098098097,0.19213892298897073
161.06106106106105,0.1898917981789643
161.14114114114113,0.18746424084938462
161.2212212212212,0.18511138381455142
161.3013013013013,0.18307169625421707
161.38138138138137,0.1812768239611277
161.46146146146145,0.17989751816972435
161.54154154154153,0.17874935298258232
161.6216216216216,0.17777407090858827
161.7017017017017,0.17689363177651182
161.78178178178177,0.17602715589899023
161.86186186186185,0.17541165851557136
161.94194194194193,0.1750276006218532
162.022022022022,0.17496726176667474
162.1021021021021,0.17495763321310515
162.18218218218217,0.17518303880280364
162.26226226226225,0.17563942722593368
162.34234234234233,0.17633980651407646
162.42242242242241,0.17693989468038288
162.5025025025025,0.17776607498829927
162.58258258258257,0.17862683607955004
162.66266266266265,0.1799067934181763
162.74274274274273,0.18103197187871642
162.82282282282281,0.18247462038980136
162.9029029029029,0.18432838883695365
162.98298298298297,0.18676588577956113
163.06306306306305,0.18968163368861019
163.14314314314313,0.19259247403528884
163.22322322322321,0.19576187735851122
163.3033033033033,0.1991335085971042
163.38338338338338,0.20284142600207936
163.46346346346346,0.20686603609143603
163.54354354354354,0.2110858030198498
163.62362362362362,0.21560353901403878
163.7037037037037,0.22048345398309432
163.78378378378378,0.22581817116980166
163.86386386386386,0.23202808565903507
163.94394394394394,0.23823660464054303
164.02402402402402,0.24464202550607533
164.1041041041041,0.250505063724144
164.18418418418418,0.25698906677526007
164.26426426426426,0.2633483297812318
164.34434434434434,0.27031442953383283
164.42442442442442,0.2768291182869133
164.5045045045045,0.2842325254539372
164.58458458458458,0.2918016681096886
164.66466466466466,0.2996082028814024
164.74474474474474,0.30651078414673044
164.82482482482482,0.3138135758700478
164.9049049049049,0.3214390390611336
164.98498498498498,0.32961553087474355
165.06506506506506,0.33693505096363646
165.14514514514514,0.34454453929195095
165.22522522522522,0.3519294720758954
165.3053053053053,0.35981252808617364
165.38538538538538,0.36647387420234906
165.46546546546546,0.37367240169054594
165.54554554554554,0.38088530845187396
165.62562562562562,0.38828491011670646
165.7057057057057,0.39466130312072534
165.78578578578578,0.4002576502338439
165.86586586586586,0.406461959651307
165.94594594594594,0.4128653988505448
166.02602602602602,0.4193025622380253
166.1061061061061,0.4254570187732833
166.18618618618618,0.43172069091366344
166.26626626626626,0.43852220507865275
166.34634634634634,0.44493485123671683
166.42642642642642,0.4508456751211898
166.5065065065065,0.45642867942147264
166.58658658658658,0.4618612585273871
166.66666666666666,0.46849183960896007
166.74674674674674,0.47448244583630805
166.82682682682682,0.48149830996518694
166.9069069069069,0.48707404828406314
166.98698698698698,0.49354658959960995
167.06706706706706,0.4986390994740081
167.14714714714714,0.5045580174426552
167.22722722722722,0.5090358751668563
167.3073073073073,0.5145736333920252
167.38738738738738,0.5191589671996004
167.46746746746746,0.5249665974709535
167.54754754754754,0.529181651832603
167.62762762762762,0.5348706885604914
167.7077077077077,0.5393211576526501
167.78778778778778,0.5449220587860842
167.86786786786786,0.5490743420425575
167.94794794794794,0.5540657794374972
168.02802802802802,0.558084109940441
168.1081081081081,0.5625403508176627
168.18818818818818,0.5659436727038989
168.26826826826826,0.5700402714883324
168.34834834834834,0.5735088690047776
168.42842842842842,0.577060136757807
168.5085085085085,0.5792811166010375
168.58858858858858,0.5817783063805909
168.66866866866866,0.5837612254357338
168.74874874874874,0.5858896320893567
168.82882882882882,0.5871802574614167
168.9089089089089,0.5880800723612795
168.98898898898898,0.5884401595177762
169.06906906906906,0.5877981709597646
169.14914914914914,0.5871352621154776
169.22922922922922,0.5854284861139467
169.3093093093093,0.5841867053782269
169.38938938938938,0.5814864583289049
169.46946946946946,0.5789940212496982
169.54954954954954,0.5756083185958167
169.62962962962962,0.5729269422922602
169.7097097097097,0.5683908198830113
169.78978978978978,0.5637130438882193
169.86986986986986,0.5575403348881681
169.94994994994994,0.5523720700053818
170.03003003003002,0.5458349685089173
170.1101101101101,0.5399510535722988
170.19019019019018,0.5325230529287053
170.27027027027026,0.5254060922319691
170.35035035035034,0.517172660410225
170.43043043043042,0.5095529544097198
170.5105105105105,0.5007709856830096
170.59059059059058,0.49275500512256964
170.67067067067066,0.4842158391274964
170.75075075075074,0.47612218181916016
170.83083083083082,0.4672762514853433
170.9109109109109,0.45879713825646457
170.99099099099098,0.4502445698692396
171.07107107107106,0.4420735847256044
171.15115115115114,0.43349353005100494
171.23123123123122,0.42513272479622577
171.3113113113113,0.4168331605960082
171.39139139139138,0.40887062861013607
171.47147147147146,0.40088088380886794
171.55155155155154,0.3928776971324285
171.63163163163162,0.3848504989846336
171.7117117117117,0.3771801949281225
171.79179179179178,0.36982456245538997
171.87187187187186,0.36247305984571543
171.95195195195194,0.3554044260856604
172.03203203203202,0.34847811643731386
172.11211211211213,0.34204437311015784
172.19219219219218,0.3352606419135816
172.2722722722723,0.32887323439389093
172.35235235235234,0.32258761047722595
172.43243243243245,0.3170596876816404
172.5125125125125,0.31145559861582417
172.5925925925926,0.3063198911709991
172.67267267267266,0.3009068359182338
172.75275275275277,0.29584339724898245
172.83283283283282,0.29087031750195186
172.91291291291293,0.28641957563539316
172.99299299299298,0.2820643083168331
173.0730730730731,0.278219050964474
173.15315315315314,0.2744707702329425
173.23323323323325,0.2713410617774337
173.3133133133133,0.2681876515708628
173.3933933933934,0.264939423345806
173.47347347347346,0.26162408777900825
173.55355355355357,0.259041297371472
173.63363363363362,0.2571894753159027
173.71371371371373,0.25575884164774065
173.79379379379378,0.2542776640162606
173.8738738738739,0.2528516340706247
173.95395395395394,0.2515701234175533
174.03403403403405,0.2506479141322317
174.1141141141141,0.24973220223339687
174.1941941941942,0.2487527819084333
174.27427427427426,0.2481489209052304
174.35435435435437,0.24810767650016713
174.43443443443442,0.24856676807646422
174.51451451451453,0.24933439428150544
174.59459459459458,0.2503688043130523
174.6746746746747,0.2516959972553609
174.75475475475474,0.2532227234222918
174.83483483483485,0.25477444346444933
174.9149149149149,0.25654379431482793
174.994994994995,0.258881624740158
175.07507507507506,0.2618026281891412
175.15515515515517,0.26488563339877863
175.23523523523522,0.2683187801524131
175.31531531531533,0.2722104776331558
175.39539539539538,0.2765393501638807
175.4754754754755,0.28062166735375843
175.55555555555554,0.284775335677098
175.63563563563565,0.2889651952304097
175.7157157157157,0.2938186263942872
175.7957957957958,0.2990573862909691
175.87587587587586,0.3044594445485692
175.95595595595597,0.30976376366339764
176.03603603603602,0.31531157252836267
176.11611611611613,0.32113205854603905
176.19619619619618,0.32721244049573806
176.2762762762763,0.33361503210202365
176.35635635635634,0.3399865429727145
176.43643643643645,0.3458257462337011
176.5165165165165,0.35129173061893376
176.5965965965966,0.356715780835013
176.67667667667666,0.3624064910966835
176.75675675675677,0.3681081608386054
176.83683683683682,0.37357972567764
176.91691691691693,0.3789190176212858
176.99699699699698,0.38464512262951006
177.0770770770771,0.39051043970616106
177.15715715715714,0.3958531467601359
177.23723723723725,0.40075491519313516
177.3173173173173,0.4053829724326339
177.3973973973974,0.40976063603305707
177.47747747747746,0.4140248896143838
177.55755755755757,0.41811256048470885
177.63763763763762,0.42221754734389066
177.71771771771773,0.42622853018863827
177.79779779779778,0.4303265771603376
177.8778778778779,0.43443278305159205
177.95795795795794,0.43855134420563685
178.03803803803805,0.44256255442061665
178.1181181181181,0.4460597077984522
178.1981981981982,0.4497837869418992
178.27827827827826,0.4538058424086201
178.35835835835837,0.4580944177387394
178.43843843843842,0.4619386800858223
178.51851851851853,0.4655310393978804
178.59859859859858,0.46922398716393876
178.6786786786787,0.47308441535897716
178.75875875875874,0.4769436763346949
178.83883883883885,0.48056563273807784
178.9189189189189,0.4842149567150774
178.998998998999,0.4882541674656961
179.07907907907907,0.4924123086520416
179.15915915915917,0.49666456058535774
179.23923923923923,0.5011701408719194
179.31931931931933,0.5059131328762138
179.39939939939939,0.510593553598091
179.4794794794795,0.5151262806767225
179.55955955955955,0.5194271812428866
179.63963963963965,0.523434573606082
179.7197197197197,0.5280692728921613
179.7997997997998,0.533670848190765
179.87987987987987,0.5393539720998579
179.95995995995997,0.5445070949670305
180.04004004004003,0.5492808545706909
180.12012012012013,0.554208933843326
180.2002002002002,0.5590607285840071
180.2802802802803,0.5636590427611969
180.36036036036035,0.5681533207816417
180.44044044044045,0.5730362367349267
180.5205205205205,0.578220688944855
180.60060060060061,0.583026298816266
180.68068068068067,0.5877802999238846
180.76076076076077,0.5927444137532443
180.84084084084083,0.5980246989743684
180.92092092092093,0.6032656497802259
181.001001001001,0.6079649293608195
181.0810810810811,0.6122842607432101
181.16116116116115,0.6163681207125947
181.24124124124126,0.6206995790639099
181.3213213213213,0.6248904453740077
181.40140140140142,0.628447702593527
181.48148148148147,0.631428838997336
181.56156156156158,0.634395024536195
181.64164164164163,0.6374009509346021
181.72172172172174,0.6399751121363577
181.8018018018018,0.6419033601194272
181.8818818818819,0.6434079123668909
181.96196196196195,0.6448437485478795
182.04204204204206,0.6456073993552148
182.1221221221221,0.6456815432744925
182.20220220220222,0.6454427565233054
182.28228228228227,0.6446259380602029
182.36236236236238,0.6429926331746368
182.44244244244243,0.6405207091115434
182.52252252252254,0.6378045931806162
182.6026026026026,0.6352247637215986
182.6826826826827,0.632291763092969
182.76276276276275,0.6288566818714966
182.84284284284286,0.6245500602339772
182.9229229229229,0.6197850961261858
183.00300300300302,0.6143341929035091
183.08308308308307,0.6081659011714639
183.16316316316318,0.6017641402036978
183.24324324324323,0.5955556216043639
183.32332332332334,0.589392119242136
183.4034034034034,0.5825981109478572
183.4834834834835,0.575167050983606
183.56356356356355,0.5673021355112782
183.64364364364366,0.5595102803797498
183.7237237237237,0.5516138004677094
183.80380380380382,0.5435494070826132
183.88388388388387,0.5351618109002867
183.96396396396398,0.526685526656832
184.04404404404403,0.5183979808896112
184.12412412412414,0.5103446194074747
184.2042042042042,0.5022206950725574
184.2842842842843,0.49394232464370064
184.36436436436435,0.48549120888871483
184.44444444444446,0.47764384229073964
184.5245245245245,0.4697631462890811
184.60460460460462,0.46237818314171236
184.68468468468467,0.4551602483403427
184.76476476476478,0.4484450056014299
184.84484484484483,0.4414527015751276
184.92492492492494,0.4345108506611089
185.005005005005,0.4277997037365278
185.0850850850851,0.42152952970825264
185.16516516516515,0.41544631970371654
185.24524524524526,0.40978922040378335
185.3253253253253,0.4045087032066081
185.40540540540542,0.39983639823021516
185.48548548548547,0.39507519275866143
185.56556556556558,0.390406712535158
185.64564564564563,0.38609571707017654
185.72572572572574,0.3822966569189909
185.8058058058058,0.3788522380236912
185.8858858858859,0.3753435665856579
185.96596596596595,0.3724117124298815
186.04604604604606,0.3700098494089683
186.1261261261261,0.36829852804203467
186.20620620620622,0.36660815983801476
186.28628628628627,0.3650791151716493
186.36636636636638,0.3640174682508851
186.44644644644643,0.36369954324781684
186.52652652652654,0.36359607310188363
186.6066066066066,0.36360169740438203
186.6866866866867,0.36373613418869133
186.76676676676675,0.3642229580461338
186.84684684684686,0.36489922723095164
186.9269269269269,0.36616709275611287
187.00700700700702,0.3675193349345456
187.08708708708707,0.36896586911752405
187.16716716716718,0.37082140927090973
187.24724724724723,0.37338954472138886
187.32732732732734,0.3765952633220464
187.4074074074074,0.37979934401295823
187.4874874874875,0.3830574250395707
187.56756756756755,0.38631337766139123
187.64764764764766,0.3896041414425739
187.7277277277277,0.39309302253083284
187.80780780780782,0.39661306907799077
187.88788788788787,0.4004655434790599
187.96796796796798,0.4044584783234484
188.04804804804803,0.40832466701165815
188.12812812812814,0.4120166361764208
188.2082082082082,0.41544251300075397
188.2882882882883,0.4193318738258133
188.36836836836835,0.42302339194366984
188.44844844844846,0.4270414617865481
188.5285285285285,0.43042192741467095
188.60860860860862,0.43326909306660677
188.68868868868867,0.4361586349737901
188.76876876876878,0.43925561799194485
188.84884884884883,0.4429352368006283
188.92892892892894,0.4460339922242639
189.009009009009,0.44829865489980597
189.0890890890891,0.449974698672901
189.16916916916915,0.4515697846953603
189.24924924924926,0.4537271155092393
189.3293293293293,0.4559115433301293
189.40940940940942,0.45816419099845823
189.48948948948947,0.4600781105068484
189.56956956956958,0.46204699874086713
189.64964964964963,0.46363217125780315
189.72972972972974,0.4647820675290321
189.8098098098098,0.46557200259142717
189.8898898898899,0.466930613068498
189.96996996996995,0.46853138677869743
190.05005005005006,0.46999010313420914
190.1301301301301,0.47056049255505344
190.21021021021022,0.4715654786910469
190.29029029029027,0.47306185695287284
190.37037037037038,0.4748805610010497
190.45045045045043,0.47617468704083094
190.53053053053054,0.47702413627179047
190.6106106106106,0.4781811093374709
190.6906906906907,0.47972377085574025
190.77077077077075,0.48152279225982925
190.85085085085086,0.4833276984617431
190.9309309309309,0.4854806296767062
191.01101101101102,0.487809132575483
191.09109109109107,0.489788075859153
191.17117117117118,0.4913662767110698
191.25125125125123,0.4930108635551323
191.33133133133134,0.49545732262204234
191.41141141141142,0.4985652009954629
191.4914914914915,0.5014150759134506
191.57157157157158,0.5038476648956753
191.65165165165166,0.5064702601511412
191.73173173173174,0.510273817083829
191.81181181181182,0.5143763661935338
191.8918918918919,0.5181827793779442
191.97197197197198,0.5212186026762492
192.05205205205206,0.5250097254063337
192.13213213213214,0.5286435534923067
192.21221221221222,0.5323921489201516
192.2922922922923,0.5357768504304119
192.37237237237238,0.5401727183791096
192.45245245245246,0.5452515381855936
192.53253253253254,0.5503477937675405
192.61261261261262,0.5546816629271112
192.6926926926927,0.5590866461735261
192.77277277277278,0.5637426802631343
192.85285285285286,0.5691864983595488
192.93293293293294,0.574265346470736
193.01301301301302,0.5795088399935775
193.0930930930931,0.5847479080723912
193.17317317317318,0.590486032129772
193.25325325325326,0.596205336939634
193.33333333333334,0.6019545662933661
193.41341341341342,0.6078804300969554
193.4934934934935,0.6136912143591429
193.57357357357358,0.6195729809644431
193.65365365365366,0.6251675418879776
193.73373373373374,0.6307082477710083
193.81381381381382,0.6359945679989318
193.8938938938939,0.6416165044866515
193.97397397397398,0.6471949720480895
194.05405405405406,0.653102772247592
194.13413413413414,0.6582416965148065
194.21421421421422,0.6639038098399207
194.2942942942943,0.6692285488026444
194.37437437437438,0.6749350541326379
194.45445445445446,0.6799887619223365
194.53453453453454,0.6843208732865924
194.61461461461462,0.6881010715361681
194.6946946946947,0.6920100017817993
194.77477477477478,0.6955087257343538
194.85485485485486,0.6984258917878285
194.93493493493494,0.7007219646330674
195.01501501501502,0.7030959093294631
195.0950950950951,0.705413498208439
195.17517517517518,0.7075154019912387
195.25525525525526,0.7092719160824548
195.33533533533534,0.7101466566344259
195.41541541541542,0.7099216678333894
195.4954954954955,0.7085433912082314
195.57557557557558,0.7068263102718376
195.65565565565566,0.7049965552361345
195.73573573573574,0.7034532675513675
195.81581581581582,0.7011643056659995
195.8958958958959,0.6986882891250115
195.97597597597598,0.6955605922952792
196.05605605605606,0.6923849938364803
196.13613613613614,0.6876722039084645
196.21621621621622,0.6826384410911102
196.2962962962963,0.6770907944623792
196.37637637637638,0.6723957741366076
196.45645645645646,0.6671217551072555
196.53653653653654,0.6617263370853989
196.61661661661662,0.6550020869632518
196.6966966966967,0.6488062723502588
196.77677677677679,0.6424095143003378
196.85685685685687,0.6363058180385667
196.93693693693695,0.6294853320540355
197.01701701701703,0.6227707537152395
197.0970970970971,0.6161352642319019
197.17717717717719,0.6095251496035952
197.25725725725727,0.6024886033974459
197.33733733733735,0.595762656135445
197.41741741741743,0.5898225331048179
197.4974974974975,0.5842727591859658
197.57757757757759,0.5786067835373573
197.65765765765767,0.5729211520959105
197.73773773773775,0.5674587589745054
197.81781781781783,0.5624521657575852
197.8978978978979,0.5575291358871483
197.977977977978,0.552706113328829
198.05805805805807,0.5480831381473699
198.13813813813815,0.543923207729814
198.21821821821823,0.5400384997045953
198.2982982982983,0.5369198413653316
198.3783783783784,0.5340576954257962
198.45845845845847,0.5317556096472704
198.53853853853855,0.5291924671091986
198.61861861861863,0.52676713782885
198.6986986986987,0.5252528021481934
198.7787787787788,0.5246693736995106
198.85885885885887,0.5245185473628817
198.93893893893895,0.5237689627699983
199.01901901901903,0.5224133144607312
199.0990990990991,0.5215528906768115
199.1791791791792,0.5212384248484275
199.25925925925927,0.5218184429700854
199.33933933933935,0.5222755339999409
199.41941941941943,0.5231474156712141
199.4994994994995,0.5240905033316238
199.5795795795796,0.5251468068747683
199.65965965965967,0.525680703912182
199.73973973973975,0.5264621644908036
199.81981981981983,0.5271869703148345
199.8998998998999,0.5282514999310819
199.97997997998,0.5281697286057871
200.06006006006007,0.5283695705692165
200.14014014014015,0.5287290689743945
200.22022022022023,0.5293495285024661
200.3003003003003,0.5293446599513159
200.3803803803804,0.5290082889242717
200.46046046046047,0.5283455329346208
200.54054054054055,0.5279466814472039
200.62062062062063,0.5277941479693661
200.7007007007007,0.5278422032127018
200.7807807807808,0.5272124326793907
200.86086086086087,0.5263951878642109
200.94094094094095,0.5253466407472218
201.02102102102103,0.5243258420847036
201.1011011011011,0.5230608367970324
201.1811811811812,0.5219715375446478
201.26126126126127,0.5209304990796355
201.34134134134135,0.5194894527639904
201.42142142142143,0.5179608773810934
201.5015015015015,0.5162306395059172
201.5815815815816,0.5147607985563561
201.66166166166167,0.5132779405523947
201.74174174174175,0.5115964862172433
201.82182182182183,0.5091585712642478
201.9019019019019,0.5073713508511085
201.981981981982,0.505919795119397
202.06206206206207,0.5051107970439894
202.14214214214215,0.5032331514878432
202.22222222222223,0.5017840956674906
202.3023023023023,0.4996584132473305
202.3823823823824,0.4990400746840348
202.46246246246247,0.4979505780307601
202.54254254254255,0.4973242179898785
202.62262262262263,0.4966377218809496
202.7027027027027,0.4956919594678753
202.7827827827828,0.49482802617574406
202.86286286286287,0.49387133837945874
202.94294294294295,0.493040928767988
203.02302302302303,0.492938236068925
203.1031031031031,0.49282857444559847
203.1831831831832,0.4933799863086184
203.26326326326327,0.4934168614656689
203.34334334334335,0.4936631650347573
203.42342342342343,0.4944727456278786
203.5035035035035,0.49548621925429986
203.5835835835836,0.4962344720168223
203.66366366366367,0.49668126966469783
203.74374374374375,0.49689835880063926
203.82382382382383,0.49865855950726024
203.9039039039039,0.5002562154872475
203.983983983984,0.502685121817697
204.06406406406407,0.5039581003258576
204.14414414414415,0.5059769497083101
204.22422422422423,0.5077528772955846
204.3043043043043,0.5100817547113861
204.3843843843844,0.5125984517337165
204.46446446446447,0.515615326296939
204.54454454454455,0.518236932310746
204.62462462462463,0.5215068857769712
204.7047047047047,0.5248603555162598
204.7847847847848,0.529225283880679
204.86486486486487,0.5329081888090492
204.94494494494495,0.5369703338248186
205.02502502502503,0.5400037334116115
205.1051051051051,0.5441888810350585
205.1851851851852,0.5479212287068314
205.26526526526527,0.5525484167002195
205.34534534534535,0.5573437852283984
205.42542542542543,0.5625609665957173
205.5055055055055,0.5677108447567362
205.5855855855856,0.5725038969052534
205.66566566566567,0.577708382653158
205.74574574574575,0.5828171091321248
205.82582582582583,0.5888422163990782
205.9059059059059,0.594614978526876
205.985985985986,0.6009484037580326
206.06606606606607,0.6062292665884417
206.14614614614615,0.6126145778317221
206.22622622622623,0.618430366614488
206.3063063063063,0.6265309179953212
206.3863863863864,0.6329325315941062
206.46646646646647,0.640895499592526
206.54654654654655,0.6463255123669662
206.62662662662663,0.6547319122582759
206.7067067067067,0.6598663741464644
206.7867867867868,0.6681293352566658
206.86686686686687,0.6738581423405615
206.94694694694695,0.6826133150360165
207.02702702702703,0.6880939742330534
207.1071071071071,0.6965687222034787
207.1871871871872,0.7029134228609244
207.26726726726727,0.7108581735125987
207.34734734734735,0.7167929937453558
207.42742742742743,0.7241517653423484
207.5075075075075,0.7306880849397196
207.5875875875876,0.737693603975032
207.66766766766767,0.7431664701096885
207.74774774774775,0.7488871714725942
207.82782782782783,0.7533869728195818
207.9079079079079,0.7594761757494222
207.987987987988,0.7641313402838725
208.06806806806807,0.7697522692895588
208.14814814814815,0.7742505518731313
208.22822822822823,0.7794082235941219
208.3083083083083,0.7840518012065534
208.3883883883884,0.7870072961114452
208.46846846846847,0.7893021406867583
208.54854854854855,0.7898984928360337
208.62862862862863,0.7922941791356618
208.7087087087087,0.7924158539184056
208.7887887887888,0.7945687379390743
208.86886886886887,0.7943332228976314
208.94894894894895,0.7952240082460819
209.02902902902903,0.7934791966809286
209.1091091091091,0.7927067729573568
209.1891891891892,0.7912148209793671
209.26926926926927,0.7907803996009575
209.34934934934935,0.7883392641730841
209.42942942942943,0.7873564905608529
209.5095095095095,0.7834281575039737
209.5895895895896,0.7825766276520373
209.66966966966967,0.7774279996517343
209.74974974974975,0.7749988228499671
209.82982982982983,0.7698104846780089
209.9099099099099,0.768382974180175
209.98998998999,0.7644306879554821
210.07007007007007,0.7625367966390694
210.15015015015015,0.758309428382982
210.23023023023023,0.7552828901780289
210.3103103103103,0.7504293300715804
210.3903903903904,0.7463571273634851
210.47047047047047,0.7416120411788704
210.55055055055055,0.7393957132961495
210.63063063063063,0.7357493920119167
210.7107107107107,0.7332874442156515
210.7907907907908,0.7283952786737544
210.87087087087087,0.725681534460854
210.95095095095095,0.7218381094343368
211.03103103103103,0.7188600519339132
211.11111111111111,0.7158336053569019
211.1911911911912,0.7129409329737052
211.27127127127127,0.711606936174237
211.35135135135135,0.7086309901535307
211.43143143143143,0.7053538410929459
211.51151151151151,0.7010956619428615
211.5915915915916,0.6985951931291772
211.67167167167167,0.6948387566254575
211.75175175175175,0.6910677924299145
211.83183183183183,0.686931159969179
211.91191191191191,0.685515218026369
211.991991991992,0.6811138408850748
212.07207207207207,0.6784840132796833
212.15215215215215,0.6713884483461693
212.23223223223223,0.6687413291775599
212.31231231231232,0.6630841914559022
212.3923923923924,0.660432966009399
212.47247247247248,0.6543521310158852
212.55255255255256,0.6505983328833795
212.63263263263264,0.6454394984119204
212.71271271271272,0.6415387135356647
212.7927927927928,0.6348242572292824
212.87287287287288,0.6294421536219452
212.95295295295296,0.6238119211072883
213.03303303303304,0.6204386093616366
213.11311311311312,0.6159439542684201
213.1931931931932,0.6102766744352185
213.27327327327328,0.604304378239052
213.35335335335336,0.597817515667893
213.43343343343344,0.5918398640222385
213.51351351351352,0.5865967543289433
213.5935935935936,0.5823248868800792
213.67367367367368,0.5790675102043024
213.75375375375376,0.5741404915014064
213.83383383383384,0.5687737432524966
213.91391391391392,0.5631901091891314
213.993993993994,0.558611371846817
214.07407407407408,0.5549835364721227
214.15415415415416,0.5505667355951933
214.23423423423424,0.546211051780493
214.31431431431432,0.5430490699988513
214.3943943943944,0.5390505600376012
214.47447447447448,0.5357774559657237
214.55455455455456,0.531337764725193
214.63463463463464,0.5278788346107435
214.71471471471472,0.5251866565466565
214.7947947947948,0.5222767124777141
214.87487487487488,0.5201153848987273
214.95495495495496,0.5163920651280632
215.03503503503504,0.5144935043918313
215.11511511511512,0.5117212417505791
215.1951951951952,0.5100469276741577
215.27527527527528,0.5075596093633197
215.35535535535536,0.5061620527296165
215.43543543543544,0.5037668128494039
215.51551551551552,0.5028734854535567
215.5955955955956,0.5008485258788219
215.67567567567568,0.5010728365991305
215.75575575575576,0.4990840067887174
215.83583583583584,0.49987001307958107
215.91591591591592,0.49845557114630806
215.995995995996,0.4997975797135868
216.07607607607608,0.4999042619954636
216.15615615615616,0.5015249409566729
216.23623623623624,0.5009691699420141
216.31631631631632,0.5017261849993079
216.3963963963964,0.5008540276325906
216.47647647647648,0.5032534673512372
216.55655655655656,0.5032948856096522
216.63663663663664,0.5056042635659518
216.71671671671672,0.5051178998966559
216.7967967967968,0.5074224543487773
216.87687687687688,0.5080411833231745
216.95695695695696,0.5106200493360069
217.03703703703704,0.5127898159093695
217.11711711711712,0.5165005055753132
217.1971971971972,0.5189325724395812
217.27727727727728,0.5220182242818122
217.35735735735736,0.5243824966829383
217.43743743743744,0.5292620198955246
217.51751751751752,0.5321913679027966
217.5975975975976,0.5365447427628697
217.67767767767768,0.5388137645164227
217.75775775775776,0.5435560641533779
217.83783783783784,0.5477887993305836
217.91791791791792,0.5531812534914594
217.997997997998,0.5577016293798635
218.07807807807808,0.562912283747863
218.15815815815816,0.5673488159776858
218.23823823823824,0.5732454848916886
218.31831831831832,0.5787237101262525
218.3983983983984,0.5860424481464669
218.47847847847848,0.5914070409240353
218.55855855855856,0.5982145532367935
218.63863863863864,0.6029272776285223
218.71871871871872,0.6101857535831613
218.7987987987988,0.6172078554607661
218.87887887887888,0.6263294201676294
218.95895895895896,0.6331682609862683
219.03903903903904,0.6399117590147444
219.11911911911912,0.6463502515733833
219.1991991991992,0.6559893823426716
219.27927927927928,0.667373693821659
219.35935935935936,0.6767662368039942
219.43943943943944,0.6825673110841043
219.51951951951952,0.6875344135603638
219.5995995995996,0.6941200284896322
219.67967967967968,0.706594710611268
219.75975975975976,0.7166400171360026
219.83983983983984,0.7290951366673368
219.91991991991992,0.7359980683368098
220.0,0.7458516181209153
