freq,trans
140.0,0.47933797718434284
140.08008008008008,0.4814803497131705
140.16016016016016,0.4828287677522644
140.24024024024024,0.4866753538899387
140.32032032032032,0.4908123361342876
140.4004004004004,0.49620833621349136
140.48048048048048,0.5012834623876514
140.56056056056056,0.5060647634140888
140.64064064064064,0.5109246664980894
140.72072072072072,0.5159469326099626
140.8008008008008,0.5216927878841995
140.88088088088088,0.526766309481956
140.96096096096096,0.532094293795992
141.04104104104104,0.5375763226315771
141.12112112112112,0.5434191822769455
141.2012012012012,0.549362096547908
141.28128128128128,0.555040970707505
141.36136136136136,0.5610607384242772
141.44144144144144,0.5672074197196104
141.52152152152152,0.5737903089949355
141.6016016016016,0.5798312020822636
141.68168168168168,0.5855704114245762
141.76176176176176,0.5910845089348739
141.84184184184184,0.5968822100736342
141.92192192192192,0.6030001383768431
142.002002002002,0.609035051082182
142.08208208208208,0.6145714015136348
142.16216216216216,0.6197443378820718
142.24224224224224,0.6246258674707439
142.32232232232232,0.6297022203692941
142.4024024024024,0.6346373343610754
142.48248248248248,0.63906974115192
142.56256256256256,0.64375550230873
142.64264264264264,0.6473037100811697
142.72272272272272,0.6514896234472587
142.8028028028028,0.6536137707836986
142.88288288288288,0.6573031256927807
142.96296296296296,0.6586696726414887
143.04304304304304,0.662517467334467
143.12312312312312,0.6634974553998791
143.2032032032032,0.6672362225991264
143.28328328328328,0.6679795617936263
143.36336336336336,0.6707999193732197
143.44344344344344,0.670172135919084
143.52352352352352,0.6717350247261334
143.6036036036036,0.6710706196949194
143.68368368368368,0.6723447033471577
143.76376376376376,0.6708161187417602
143.84384384384384,0.6704462149574333
143.92392392392392,0.6683141914361977
144.004004004004,0.6681888172840086
144.08408408408408,0.6662470263749958
144.16416416416416,0.6647054633086137
144.24424424424424,0.6615525681852944
144.32432432432432,0.6591704928256039
144.4044044044044,0.656752758575871
144.48448448448448,0.65383917076419
144.56456456456456,0.65068057937409
144.64464464464464,0.6463139888727976
144.72472472472472,0.6430565563020775
144.8048048048048,0.6384006515814549
144.88488488488488,0.6354254979604805
144.96496496496496,0.6306876470119579
145.04504504504504,0.6278047275526476
145.12512512512512,0.6225634928599186
145.2052052052052,0.619214678244931
145.28528528528528,0.613445652661577
145.36536536536536,0.6097404615236405
145.44544544544544,0.6041128225470204
145.52552552552552,0.6008262145434772
145.6056056056056,0.5950230065784985
145.68568568568568,0.5908210853043241
145.76576576576576,0.5850714762688427
145.84584584584584,0.5809258407280131
145.92592592592592,0.5754100157803027
146.006006006006,0.5707714266770499
146.08608608608608,0.5657498048093589
146.16616616616616,0.5620545723022999
146.24624624624624,0.5574572455278305
146.32632632632632,0.5535525712567687
146.4064064064064,0.5485937467841155
146.48648648648648,0.5444587399517613
146.56656656656656,0.539735300753742
146.64664664664664,0.5356680541132098
146.72672672672672,0.5316340652865319
146.8068068068068,0.527480022061774
146.88688688688688,0.5235199879748061
146.96696696696696,0.5192669479811126
147.04704704704704,0.5154139136990896
147.12712712712712,0.51146600168201
147.2072072072072,0.507879006675146
147.28728728728728,0.5044268832825467
147.36736736736736,0.5010897739335696
147.44744744744744,0.49749587344691915
147.52752752752752,0.4943669586234063
147.6076076076076,0.49075631359347865
147.68768768768768,0.48774191188751603
147.76776776776777,0.4835780784607959
147.84784784784785,0.48073088419935156
147.92792792792793,0.4774151346037583
148.008008008008,0.4750935662441094
148.08808808808809,0.4718574206017711
148.16816816816817,0.4692297300414832
148.24824824824825,0.4667306588000888
148.32832832832833,0.46475063117451115
148.4084084084084,0.4624545742559578
148.48848848848849,0.4602303899726844
148.56856856856857,0.45782493833183396
148.64864864864865,0.45564457020218946
148.72872872872873,0.4531334734196953
148.8088088088088,0.4512313496375128
148.88888888888889,0.44944034286404305
148.96896896896897,0.4477776813112225
149.04904904904905,0.44612422114125555
149.12912912912913,0.44445540465271427
149.2092092092092,0.4434131686273532
149.2892892892893,0.442289398140897
149.36936936936937,0.441380282644166
149.44944944944945,0.43965975322516726
149.52952952952953,0.43817142286195565
149.6096096096096,0.4369102827106757
149.6896896896897,0.436135269389002
149.76976976976977,0.435059417163674
149.84984984984985,0.43400123281290526
149.92992992992993,0.433157866002643
150.01001001001,0.4329248267886276
150.0900900900901,0.43286362190840144
150.17017017017017,0.433035055627621
150.25025025025025,0.4326735147616917
150.33033033033033,0.432221169740312
150.4104104104104,0.43190535705903815
150.4904904904905,0.43242933084101376
150.57057057057057,0.4330735067471652
150.65065065065065,0.43383094167220837
150.73073073073073,0.4340661383260872
150.8108108108108,0.4346252303112725
150.8908908908909,0.4349974863333778
150.97097097097097,0.4362977542275578
151.05105105105105,0.4377191725466436
151.13113113113113,0.4396378223723385
151.2112112112112,0.44093474775218816
151.2912912912913,0.44231515641911817
151.37137137137137,0.4438910137710495
151.45145145145145,0.44613178703992146
151.53153153153153,0.44868827847554266
151.6116116116116,0.45108424188564294
151.6916916916917,0.453214305621531
151.77177177177177,0.4556063193246794
151.85185185185185,0.4584592375791229
151.93193193193193,0.4618187122514653
152.012012012012,0.4655167064566267
152.0920920920921,0.4687398402132791
152.17217217217217,0.4723973232867458
152.25225225225225,0.47568134850302546
152.33233233233233,0.4800340201087571
152.4124124124124,0.4841109640961248
152.4924924924925,0.4888568284548224
152.57257257257257,0.4928613638169187
152.65265265265265,0.4977562446711644
152.73273273273273,0.5025515063859394
152.8128128128128,0.5080446940388617
152.8928928928929,0.5131169591045067
152.97297297297297,0.518823252330929
153.05305305305305,0.5241684698979813
153.13313313313313,0.529927980657712
153.2132132132132,0.5352269338218131
153.2932932932933,0.5410003823874586
153.37337337337337,0.5463534677427854
153.45345345345345,0.5524215062624683
153.53353353353353,0.5577434391732732
153.6136136136136,0.562881536067169
153.6936936936937,0.56820831900831
153.77377377377377,0.5740354398850561
153.85385385385385,0.580315692399755
153.93393393393393,0.5861901971502855
154.014014014014,0.5918647528409292
154.0940940940941,0.5969636613552898
154.17417417417417,0.6025333653912183
154.25425425425425,0.6078076365923637
154.33433433433433,0.6130127372783998
154.4144144144144,0.6179985068036092
154.4944944944945,0.6233588618219427
154.57457457457457,0.6283100524347227
154.65465465465465,0.6332001446717663
154.73473473473473,0.6377202690107122
154.8148148148148,0.6423405600998291
154.8948948948949,0.6466062018533419
154.97497497497497,0.6508158671594121
155.05505505505505,0.6546373632363117
155.13513513513513,0.6588462627453014
155.2152152152152,0.6629491574344101
155.2952952952953,0.6667552655422769
155.37537537537537,0.6700105836538961
155.45545545545545,0.6730658818724878
155.53553553553553,0.6757656172156175
155.6156156156156,0.6782196845149326
155.6956956956957,0.6812279887654905
155.77577577577577,0.6842169637915488
155.85585585585585,0.686916291021143
155.93593593593593,0.6890626370955659
156.016016016016,0.6912054809807685
156.0960960960961,0.6930777253869901
156.17617617617617,0.694543848633847
156.25625625625625,0.6958079674077331
156.33633633633633,0.6965576398454284
156.4164164164164,0.6971662457465133
156.4964964964965,0.6972803705025433
156.57657657657657,0.6971515192764787
156.65665665665665,0.6969924632114579
156.73673673673673,0.6966588000605671
156.8168168168168,0.695618410061585
156.8968968968969,0.6940637599784047
156.97697697697697,0.6923135385606944
157.05705705705705,0.6904879065285606
157.13713713713713,0.6888857402505987
157.2172172172172,0.6869692194767815
157.2972972972973,0.6847524837569395
157.37737737737737,0.6819375239103682
157.45745745745745,0.6789930593553691
157.53753753753753,0.675837173121843
157.6176176176176,0.6724820332262332
157.6976976976977,0.6691200835432517
157.77777777777777,0.6653611992522179
157.85785785785785,0.6614657270879681
157.93793793793793,0.6572752454165838
158.018018018018,0.652639679725856
158.0980980980981,0.6482436390616317
158.17817817817817,0.6434812575940354
158.25825825825825,0.6393173601317108
158.33833833833833,0.6344077171954875
158.4184184184184,0.6299038589256943
158.4984984984985,0.625056793146887
158.57857857857857,0.620451238393377
158.65865865865865,0.6158337522426434
158.73873873873873,0.61135229214979
158.8188188188188,0.6065487073945695
158.8988988988989,0.6017237872131266
158.97897897897897,0.5971973981107814
159.05905905905905,0.5929902271194841
159.13913913913913,0.5888444471649564
159.2192192192192,0.5840107804367013
159.2992992992993,0.5789616967986798
159.37937937937937,0.5739478024209612
159.45945945945945,0.5692929578498809
159.53953953953953,0.5646890286745078
159.6196196196196,0.5602553650661329
159.6996996996997,0.5556446561832609
159.77977977977977,0.5511941191282104
159.85985985985985,0.5465324213552807
159.93993993993993,0.5422193155092587
160.02002002002,0.5377801390131436
160.1001001001001,0.5339622152512831
160.18018018018017,0.5302722403585045
160.26026026026025,0.5270182078403456
160.34034034034033,0.5234718129700933
160.4204204204204,0.5198306380070522
160.5005005005005,0.5158758088669068
160.58058058058057,0.5123407140049352
160.66066066066065,0.5088754339101796
160.74074074074073,0.5056551268552457
160.8208208208208,0.5020618105667968
160.9009009009009,0.49894603176746527
160.98098098098097,0.49588087277955073
161.06106106106105,0.492939377951766
161.14114114114113,0.48975044169035986
161.2212212212212,0.48646508318411436
161.3013013013013,0.4834285373341099
161.38138138138137,0.48071185474447886
161.46146146146145,0.4784144725451746
161.54154154154153,0.4760909543382195
161.6216216216216,0.47394032343808784
161.7017017017017,0.47209497212122237
161.78178178178177,0.4701527593843755
161.86186186186185,0.46829738259519416
161.94194194194193,0.4663218488735227
162.022022022022,0.46465211783466726
162.1021021021021,0.46331368784766985
162.18218218218217,0.4622556616867632
162.26226226226225,0.4614238093467255
162.34234234234233,0.4603516196259037
162.42242242242241,0.4595112462868645
162.5025025025025,0.45856365477342176
162.58258258258257,0.45772816842705716
162.66266266266265,0.4571999477138462
162.74274274274273,0.4565250369815439
162.82282282282281,0.4559423863848694
162.9029029029029,0.4554023213075034
162.98298298298297,0.4553491779432433
163.06306306306305,0.4557065334908494
163.14314314314313,0.45634285914626727
163.22322322322321,0.4572827440313166
163.3033033033033,0.45804179104716974
163.38338338338338,0.45913391804557396
163.46346346346346,0.4601413110053794
163.54354354354354,0.4615999233359555
163.62362362362362,0.46314573467045755
163.7037037037037,0.4651353718964681
163.78378378378378,0.4671998000177311
163.86386386386386,0.46987371978881093
163.94394394394394,0.47263044279988314
164.02402402402402,0.47563924281342207
164.1041041041041,0.4783248378271502
164.18418418418418,0.48149339549917913
164.26426426426426,0.4842490407838959
164.34434434434434,0.48770621875232645
164.42442442442442,0.49077792544271254
164.5045045045045,0.4945863230275751
164.58458458458458,0.4980911822445232
164.66466466466466,0.5023098743084501
164.74474474474474,0.5060027184771655
164.82482482482482,0.5100304218497174
164.9049049049049,0.514185182553821
164.98498498498498,0.5187114404317662
165.06506506506506,0.5229643837998766
165.14514514514514,0.5274969906281499
165.22522522522522,0.5316394012188725
165.3053053053053,0.5360174104689034
165.38538538538538,0.5398590035417509
165.46546546546546,0.5445351814301989
165.54554554554554,0.5487344405658063
165.62562562562562,0.5534586568666001
165.7057057057057,0.5575255708557035
165.78578578578578,0.5616912753198959
165.86586586586586,0.5661592567215634
165.94594594594594,0.5703714884361187
166.02602602602602,0.5744935579485513
166.1061061061061,0.5782833008432839
166.18618618618618,0.582543684579679
166.26626626626626,0.5866593836468146
166.34634634634634,0.5908229406613096
166.42642642642642,0.595127296031951
166.5065065065065,0.5994343013736257
166.58658658658658,0.6034096721517986
166.66666666666666,0.6074391954300693
166.74674674674674,0.6111269331265107
166.82682682682682,0.6154940443261561
166.9069069069069,0.6189650354541074
166.98698698698698,0.6230495222899733
167.06706706706706,0.6262423246673356
167.14714714714714,0.6306893627486827
167.22722722722722,0.6341961357295651
167.3073073073073,0.6383638061942618
167.38738738738738,0.6417543414429357
167.46746746746746,0.6458355058352802
167.54754754754754,0.6490147822664343
167.62762762762762,0.6529531844504362
167.7077077077077,0.6559938441915988
167.78778778778778,0.6599791835033368
167.86786786786786,0.663284752805041
167.94794794794794,0.6672196631832743
168.02802802802802,0.6699486107310709
168.1081081081081,0.6732797306972123
168.18818818818818,0.6763699510596536
168.26826826826826,0.6801580798500123
168.34834834834834,0.6835806592364534
168.42842842842842,0.6866586186626714
168.5085085085085,0.6892866513251396
168.58858858858858,0.6920176492796264
168.66866866866866,0.6948985099050874
168.74874874874874,0.697567740266285
168.82882882882882,0.6996768539691063
168.9089089089089,0.7016353168903213
168.98898898898898,0.703483494146028
169.06906906906906,0.7051053765925678
169.14914914914914,0.7066516020433107
169.22922922922922,0.7076429321200337
169.3093093093093,0.7090561447211622
169.38938938938938,0.7098080346442426
169.46946946946946,0.7105765317936849
169.54954954954954,0.7105799908044376
169.62962962962962,0.710999598816504
169.7097097097097,0.7107351188174135
169.78978978978978,0.7105526583215752
169.86986986986986,0.7094615333397736
169.94994994994994,0.7086176871184645
170.03003003003002,0.7068943983048909
170.1101101101101,0.7055401544370978
170.19019019019018,0.7032465050562291
170.27027027027026,0.7012322719698764
170.35035035035034,0.6988041003363409
170.43043043043042,0.6967997577512688
170.5105105105105,0.6939888191770598
170.59059059059058,0.6912216313446506
170.67067067067066,0.68787405915082
170.75075075075074,0.6847042999485573
170.83083083083082,0.6809323669940089
170.9109109109109,0.6773897945392003
170.99099099099098,0.6737315450631036
171.07107107107106,0.6704906400097704
171.15115115115114,0.6666322053582537
171.23123123123122,0.6625660245927398
171.3113113113113,0.6582354368888971
171.39139139139138,0.6541520000723011
171.47147147147146,0.6497514394904809
171.55155155155154,0.6450557196876332
171.63163163163162,0.6401995567686347
171.7117117117117,0.6354071778590701
171.79179179179178,0.6306719659096508
171.87187187187186,0.6257629600828006
171.95195195195194,0.6207435929279699
172.03203203203202,0.6157941683879982
172.11211211211213,0.6110006853511833
172.19219219219218,0.6063175571034497
172.2722722722723,0.6018915995284472
172.35235235235234,0.5973197967751164
172.43243243243245,0.592818323156013
172.5125125125125,0.5879711487422528
172.5925925925926,0.5833843080066605
172.67267267267266,0.5786765099716176
172.75275275275277,0.5742298261974161
172.83283283283282,0.569858915836413
172.91291291291293,0.5657506665584163
172.99299299299298,0.5615219896951289
173.0730730730731,0.5574118536034095
173.15315315315314,0.5532380774430571
173.23323323323325,0.5494949508767449
173.3133133133133,0.5456740248996521
173.3933933933934,0.5416012109847813
173.47347347347346,0.5373351486679824
173.55355355355357,0.5336381610395267
173.63363363363362,0.5306008688712711
173.71371371371373,0.5279670996776158
173.79379379379378,0.5251666473470364
173.8738738738739,0.5223356686682395
173.95395395395394,0.5193487039242942
174.03403403403405,0.5166360675323035
174.1141141141141,0.5139958951309072
174.1941941941942,0.5115777407728517
174.27427427427426,0.5093338755719993
174.35435435435437,0.5072164769130997
174.43443443443442,0.5050783003400742
174.51451451451453,0.5031436134063056
174.59459459459458,0.5018183513591817
174.6746746746747,0.5008236348913965
174.75475475475474,0.499575690734438
174.83483483483485,0.4980894599517675
174.9149149149149,0.4966532019556553
174.994994994995,0.49575712089609886
175.07507507507506,0.4952634891953532
175.15515515515517,0.49490937067791235
175.23523523523522,0.49471276550119003
175.31531531531533,0.49473185480517473
175.39539539539538,0.4951963159597156
175.4754754754755,0.4956884823170766
175.55555555555554,0.49651123239398653
175.63563563563565,0.4975351771246951
175.7157157157157,0.4987555409381126
175.7957957957958,0.4999163335657028
175.87587587587586,0.5010429657210308
175.95595595595597,0.5022045474225388
176.03603603603602,0.5038913271237102
176.11611611611613,0.5060732396430486
176.19619619619618,0.5086087978752792
176.2762762762763,0.511070032384481
176.35635635635634,0.5135635843785452
176.43643643643645,0.5159675773606833
176.5165165165165,0.518305195580809
176.5965965965966,0.5206275165838119
176.67667667667666,0.5230349552077174
176.75675675675677,0.5253377571035432
176.83683683683682,0.5276601576122284
176.91691691691693,0.5300295249149167
176.99699699699698,0.5328959169476908
177.0770770770771,0.5361311558248215
177.15715715715714,0.5390777153210935
177.23723723723725,0.5416862545693634
177.3173173173173,0.5441419118184305
177.3973973973974,0.5469173396210575
177.47747747747746,0.5498499418401944
177.55755755755757,0.5524606814934326
177.63763763763762,0.5549281407802275
177.71771771771773,0.5572453060825352
177.79779779779778,0.5599910452516607
177.8778778778779,0.5628245278148322
177.95795795795794,0.5656494579492279
178.03803803803805,0.568349996976502
178.1181181181181,0.5708234996803884
178.1981981981982,0.5733509723761003
178.27827827827826,0.5757186307862371
178.35835835835837,0.5783371901102018
178.43843843843842,0.5806958905587947
178.51851851851853,0.5830491233904146
178.59859859859858,0.5854544677596043
178.6786786786787,0.5878394703093469
178.75875875875874,0.5903228511113691
178.83883883883885,0.5927422935680147
178.9189189189189,0.5954409385518883
178.998998998999,0.5982152744840988
179.07907907907907,0.6009836498161802
179.15915915915917,0.6037122140105435
179.23923923923923,0.6062372193075127
179.31931931931933,0.6090702837021394
179.39939939939939,0.6118741310763217
179.4794794794795,0.6146755963856385
179.55955955955955,0.617319576184851
179.63963963963965,0.6199744506737056
179.7197197197197,0.6230631004703454
179.7997997997998,0.6263568786875685
179.87987987987987,0.6295515935486996
179.95995995995997,0.6325815028108627
180.04004004004003,0.6356282439240202
180.12012012012013,0.6389625096670838
180.2002002002002,0.6423425460349017
180.2802802802803,0.6458090703573378
180.36036036036035,0.6490319636838161
180.44044044044045,0.6522192220385583
180.5205205205205,0.6553977611790333
180.60060060060061,0.6585731706780756
180.68068068068067,0.6617247473684229
180.76076076076077,0.6646523836066619
180.84084084084083,0.6675499007233964
180.92092092092093,0.6707780571141496
181.001001001001,0.6743780813384416
181.0810810810811,0.6778748002582515
181.16116116116115,0.680944799061992
181.24124124124126,0.6839822440499637
181.3213213213213,0.6871164939405857
181.40140140140142,0.6901477859079103
181.48148148148147,0.6927996718451319
181.56156156156158,0.6954290596148142
181.64164164164163,0.6982772211827195
181.72172172172174,0.701272229272203
181.8018018018018,0.7040870019565046
181.8818818818819,0.7064051249510623
181.96196196196195,0.7085764813273293
182.04204204204206,0.7105326844082045
182.1221221221221,0.712487246104914
182.20220220220222,0.714187552250241
182.28228228228227,0.7155380908365364
182.36236236236238,0.7167051356702756
182.44244244244243,0.7177967902087878
182.52252252252254,0.7190769355149066
182.6026026026026,0.7199692946071564
182.6826826826827,0.7203616295815233
182.76276276276275,0.7205531583769603
182.84284284284286,0.7204489072602099
182.9229229229229,0.7202664735944285
183.00300300300302,0.7197239708228288
183.08308308308307,0.7190000429276426
183.16316316316318,0.7180064801533248
183.24324324324323,0.7169259300475151
183.32332332332334,0.7154430714422779
183.4034034034034,0.7137860740365873
183.4834834834835,0.711946790099535
183.56356356356355,0.7098800433890547
183.64364364364366,0.7074110170225905
183.7237237237237,0.70468228402162
183.80380380380382,0.7019429956406321
183.88388388388387,0.6988526765469789
183.96396396396398,0.6953395491768903
184.04404404404403,0.6915849156713935
184.12412412412414,0.6879424741416641
184.2042042042042,0.684607334370198
184.2842842842843,0.6810090101818737
184.36436436436435,0.6769858668683477
184.44444444444446,0.6727166464981773
184.5245245245245,0.6682985747466448
184.60460460460462,0.6642326954057384
184.68468468468467,0.6601798831573007
184.76476476476478,0.656358650956163
184.84484484484483,0.6520090683041716
184.92492492492494,0.64759516843551
185.005005005005,0.6431687267882715
185.0850850850851,0.6389052324740522
185.16516516516515,0.6346683090471795
185.24524524524526,0.6304461476432434
185.3253253253253,0.6262548366632474
185.40540540540542,0.6221999585977189
185.48548548548547,0.617837909228862
185.56556556556558,0.613604433739403
185.64564564564563,0.6093260133546999
185.72572572572574,0.6054284063007663
185.8058058058058,0.6014286118377311
185.8858858858859,0.5973745727748432
185.96596596596595,0.593416431147035
186.04604604604606,0.5896454180447198
186.1261261261261,0.5863319762281677
186.20620620620622,0.5829722982067627
186.28628628628627,0.57979247767739
186.36636636636638,0.5768674144369209
186.44644644644643,0.5742831903449427
186.52652652652654,0.5718035841046065
186.6066066066066,0.569155868246211
186.6866866866867,0.5665475674427233
186.76676676676675,0.564194098104862
186.84684684684686,0.5620039167629869
186.9269269269269,0.5601783537172031
187.00700700700702,0.5583221974332498
187.08708708708707,0.5566922389519063
187.16716716716718,0.5551702341119785
187.24724724724723,0.5539757508243571
187.32732732732734,0.5530529440130194
187.4074074074074,0.5521643558296357
187.4874874874875,0.5514965191886685
187.56756756756755,0.5511155940780662
187.64764764764766,0.5509874486386028
187.7277277277277,0.5508714392811842
187.80780780780782,0.5505768867605714
187.88788788788787,0.5503285399368245
187.96796796796798,0.5502301194687544
188.04804804804803,0.5505024665369401
188.12812812812814,0.5511814513938158
188.2082082082082,0.552109683575413
188.2882882882883,0.5532190884913439
188.36836836836835,0.5540389414352335
188.44844844844846,0.5547974958490405
188.5285285285285,0.5553353733647781
188.60860860860862,0.5559613226521112
188.68868868868867,0.5567210399244767
188.76876876876878,0.5577345198893106
188.84884884884883,0.5589924761023614
188.92892892892894,0.5600617383037035
189.009009009009,0.5608469133285179
189.0890890890891,0.5615641175961359
189.16916916916915,0.5624251793755902
189.24924924924926,0.563400037614003
189.3293293293293,0.5644711907891765
189.40940940940942,0.5654768472845877
189.48948948948947,0.5665906753943467
189.56956956956958,0.5675087672998195
189.64964964964963,0.568345911574984
189.72972972972974,0.568995024524085
189.8098098098098,0.5697683993396853
189.8898898898899,0.5705564235878373
189.96996996996995,0.5714363068997859
190.05005005005006,0.5721910617903642
190.1301301301301,0.5727135554551233
190.21021021021022,0.5732126639297794
190.29029029029027,0.5738836348092813
190.37037037037038,0.5745645599895882
190.45045045045043,0.5752087704177443
190.53053053053054,0.5758458014299023
190.6106106106106,0.5767220555291956
190.6906906906907,0.5777800069040504
190.77077077077075,0.5787836291406282
190.85085085085086,0.579705905166109
190.9309309309309,0.5807068258353709
191.01101101101102,0.5820167968191017
191.09109109109107,0.58337786550733
191.17117117117118,0.5847016873617605
191.25125125125123,0.5860502163620627
191.33133133133134,0.5875353117566827
191.41141141141142,0.5890843718417385
191.4914914914915,0.590705056611363
191.57157157157158,0.5922899555117525
191.65165165165166,0.5938933239130451
191.73173173173174,0.5951572346199593
191.81181181181182,0.5964753973948674
191.8918918918919,0.597854811331918
191.97197197197198,0.5999825427608232
192.05205205205206,0.6022924507673243
192.13213213213214,0.6044544301802484
192.21221221221222,0.6063440693877533
192.2922922922923,0.6081847701500517
192.37237237237238,0.6102981640450459
192.45245245245246,0.6126315356672338
192.53253253253254,0.6150165317349909
192.61261261261262,0.6173483381279908
192.6926926926927,0.6198087782465276
192.77277277277278,0.6224467988238823
192.85285285285286,0.6252395759530889
192.93293293293294,0.6280789038085957
193.01301301301302,0.6309827999069485
193.0930930930931,0.6336435297534379
193.17317317317318,0.6362871628100989
193.25325325325326,0.6391192156940819
193.33333333333334,0.6424386096617054
193.41341341341342,0.6459967859894468
193.4934934934935,0.6495392580149173
193.57357357357358,0.652611231401777
193.65365365365366,0.6554897439386266
193.73373373373374,0.6585390023106795
193.81381381381382,0.6619280775897382
193.8938938938939,0.6655692930985143
193.97397397397398,0.6692680073406337
194.05405405405406,0.6727716713155419
194.13413413413414,0.676018869482512
194.21421421421422,0.679253522580754
194.2942942942943,0.6825863459936946
194.37437437437438,0.6860671827701087
194.45445445445446,0.689573972702523
194.53453453453454,0.6928710720023872
194.61461461461462,0.6958342858621842
194.6946946946947,0.698872945127271
194.77477477477478,0.7017158808520727
194.85485485485486,0.7046147952839116
194.93493493493494,0.7072754472070678
195.01501501501502,0.7101977942878924
195.0950950950951,0.7127719454087832
195.17517517517518,0.7154896396700672
195.25525525525526,0.7179395258646902
195.33533533533534,0.7200784460416487
195.41541541541542,0.7217454743206486
195.4954954954955,0.7228612462853239
195.57557557557558,0.723976614418939
195.65565565565566,0.7250206700877536
195.73573573573574,0.726445195843551
195.81581581581582,0.7276084116022123
195.8958958958959,0.7286420736624358
195.97597597597598,0.7289406485350887
196.05605605605606,0.7289114123858984
196.13613613613614,0.7285434344707639
196.21621621621622,0.7284547957070528
196.2962962962963,0.7280231062916263
196.37637637637638,0.7275116067222259
196.45645645645646,0.7264945599638407
196.53653653653654,0.7253869853003364
196.61661661661662,0.7239390653373362
196.6966966966967,0.7228153168750231
196.77677677677679,0.7211255041913069
196.85685685685687,0.7190763629949376
196.93693693693695,0.7164946854981853
197.01701701701703,0.7140188524960956
197.0970970970971,0.7117785941102405
197.17717717717719,0.7094436946318359
197.25725725725727,0.7068406302940825
197.33733733733735,0.7037638314554053
197.41741741741743,0.7005684023728994
197.4974974974975,0.697400514885688
197.57757757757759,0.6942443255347343
197.65765765765767,0.6912060483230402
197.73773773773775,0.6880951623207504
197.81781781781783,0.6846908789969797
197.8978978978979,0.6809405432446219
197.977977977978,0.6772109880027112
198.05805805805807,0.6735968652183376
198.13813813813815,0.6699422565539603
198.21821821821823,0.6663116249607552
198.2982982982983,0.6627267922052501
198.3783783783784,0.6595147515725789
198.45845845845847,0.6563411565089722
198.53853853853855,0.6532445684107713
198.61861861861863,0.6500491241188985
198.6986986986987,0.6470433849940502
198.7787787787788,0.6440126172995954
198.85885885885887,0.64104437358717
198.93893893893895,0.6382086825397574
199.01901901901903,0.6356747352558446
199.0990990990991,0.6335792997951883
199.1791791791792,0.6314812756039715
199.25925925925927,0.6293183270142025
199.33933933933935,0.6268296259139671
199.41941941941943,0.6247329358460026
199.4994994994995,0.6231151466049194
199.5795795795796,0.6215198567885314
199.65965965965967,0.6197798406350788
199.73973973973975,0.6182946285646832
199.81981981981983,0.6168035479234709
199.8998998998999,0.6154305296501428
199.97997997998,0.6137211136186334
200.06006006006007,0.6125982829765644
200.14014014014015,0.6112370893887549
200.22022022022023,0.6102475385613689
200.3003003003003,0.6087339251607458
200.3803803803804,0.6075385009935513
200.46046046046047,0.6061964626404726
200.54054054054055,0.6053197142473558
200.62062062062063,0.6046043789480038
200.7007007007007,0.6040781045212914
200.7807807807808,0.6028612323135781
200.86086086086087,0.6014888717761544
200.94094094094095,0.6002070545765433
201.02102102102103,0.5993715379147031
201.1011011011011,0.5985448964867546
201.1811811811812,0.5975618457625813
201.26126126126127,0.5966101510302212
201.34134134134135,0.5954281865259834
201.42142142142143,0.5941404018133702
201.5015015015015,0.5929282457489059
201.5815815815816,0.5918212691664649
201.66166166166167,0.5908098472171345
201.74174174174175,0.5898940268238082
201.82182182182183,0.5887778160352318
201.9019019019019,0.58769776406529
201.981981981982,0.5867525064375115
202.06206206206207,0.586096983599995
202.14214214214215,0.5846838821846049
202.22222222222223,0.5835726143635298
202.3023023023023,0.581827000360519
202.3823823823824,0.5808995013141379
202.46246246246247,0.5799711744092563
202.54254254254255,0.5796237750266491
202.62262262262263,0.5793851733526625
202.7027027027027,0.578939558865595
202.7827827827828,0.578013645972108
202.86286286286287,0.5769639407849079
202.94294294294295,0.5759980345009799
203.02302302302303,0.5759942904149663
203.1031031031031,0.5763118491134359
203.1831831831832,0.5763387056750091
203.26326326326327,0.5756979878513354
203.34334334334335,0.5748334175572606
203.42342342342343,0.5744589979847677
203.5035035035035,0.5746550797283314
203.5835835835836,0.5746344342048956
203.66366366366367,0.5751534859990576
203.74374374374375,0.5755120198965823
203.82382382382383,0.576063405799356
203.9039039039039,0.5760656336715555
203.983983983984,0.5764751341134972
204.06406406406407,0.5770977318326843
204.14414414414415,0.5781099782808212
204.22422422422423,0.5786910414899259
204.3043043043043,0.5793620611643041
204.3843843843844,0.5801903120608839
204.46446446446447,0.5814410420757357
204.54454454454455,0.5826846819653504
204.62462462462463,0.5839336540837559
204.7047047047047,0.5854537984021182
204.7847847847848,0.5870145729473865
204.86486486486487,0.5881986442847826
204.94494494494495,0.5895101636048168
205.02502502502503,0.5911434483922381
205.1051051051051,0.5931347388303425
205.1851851851852,0.5951101588982931
205.26526526526527,0.5970962959156186
205.34534534534535,0.5995584200403714
205.42542542542543,0.6020775920705923
205.5055055055055,0.6050450151699844
205.5855855855856,0.6073433529275515
205.66566566566567,0.610080863733342
205.74574574574575,0.6121432651246407
205.82582582582583,0.6148608896175773
205.9059059059059,0.6173876919578304
205.985985985986,0.6209172538633051
206.06606606606607,0.6236110706892106
206.14614614614615,0.626843658364842
206.22622622622623,0.6291830818554789
206.3063063063063,0.6330584034030879
206.3863863863864,0.6358040353439847
206.46646646646647,0.6399597447168093
206.54654654654655,0.6425446293700285
206.62662662662663,0.6468693756524433
206.7067067067067,0.6495248528448445
206.7867867867868,0.6537912505522052
206.86686686686687,0.656331208258416
206.94694694694695,0.6601853852291432
207.02702702702703,0.6626950283536984
207.1071071071071,0.66723309108127
207.1871871871872,0.6710167313219538
207.26726726726727,0.6755789252443226
207.34734734734735,0.6785890195334547
207.42742742742743,0.6827838284468851
207.5075075075075,0.686798707265512
207.5875875875876,0.691197090726026
207.66766766766767,0.6940955911715415
207.74774774774775,0.6969995302477966
207.82782782782783,0.700649321425406
207.9079079079079,0.7048033163128689
207.987987987988,0.708473915305254
208.06806806806807,0.7117803948983684
208.14814814814815,0.7148764855023835
208.22822822822823,0.7181635322661478
208.3083083083083,0.721096344437212
208.3883883883884,0.7240423995244959
208.46846846846847,0.7272628612570703
208.54854854854855,0.7297713593059976
208.62862862862863,0.7323335664939598
208.7087087087087,0.7332954702195418
208.7887887887888,0.7353729671802468
208.86886886886887,0.7369721098134591
208.94894894894895,0.7393609844400807
209.02902902902903,0.740689333266651
209.1091091091091,0.7422359403393942
209.1891891891892,0.743271246208456
209.26926926926927,0.7443420877901201
209.34934934934935,0.7444071496869435
209.42942942942943,0.7455324100147347
209.5095095095095,0.7455048549343635
209.5895895895896,0.746496959508286
209.66966966966967,0.7452610221647142
209.74974974974975,0.7453264297369326
209.82982982982983,0.7440289654372788
209.9099099099099,0.7444428350493058
209.98998998999,0.7429050762258693
210.07007007007007,0.7420173755941515
210.15015015015015,0.7399963849093886
210.23023023023023,0.7389926346442691
210.3103103103103,0.7373748170653448
210.3903903903904,0.7358602059756381
210.47047047047047,0.7335576583058564
210.55055055055055,0.7316669948947945
210.63063063063063,0.729056558075053
210.7107107107107,0.7269343903111103
210.7907907907908,0.7239071135397122
210.87087087087087,0.7223872975544804
210.95095095095095,0.7199770679256643
211.03103103103103,0.7182090819924387
211.11111111111111,0.715636210201042
211.1911911911912,0.7132619970250783
211.27127127127127,0.7110871565267729
211.35135135135135,0.7083382629305905
211.43143143143143,0.7058112346707602
211.51151151151151,0.7029770072691042
211.5915915915916,0.7008315493137682
211.67167167167167,0.6985828584120787
211.75175175175175,0.6956797039606534
211.83183183183183,0.6928362016385712
211.91191191191191,0.6899905795395387
211.991991991992,0.6874584843307054
212.07207207207207,0.6850215143167317
212.15215215215215,0.6826049306959542
212.23223223223223,0.6806728447321329
212.31231231231232,0.6779689630544818
212.3923923923924,0.6753368917347938
212.47247247247248,0.6714611777061934
212.55255255255256,0.6683639868992268
212.63263263263264,0.6650607578307369
212.71271271271272,0.6628368711366671
212.7927927927928,0.6597681856348302
212.87287287287288,0.6568695173038285
212.95295295295296,0.6536724836951419
213.03303303303304,0.6506406042322092
213.11311311311312,0.6476819071775523
213.1931931931932,0.6444372489056893
213.27327327327328,0.6414484068247057
213.35335335335336,0.6378445706026152
213.43343343343344,0.6345493894873111
213.51351351351352,0.631456694227273
213.5935935935936,0.6283057304378019
213.67367367367368,0.6258028546884622
213.75375375375376,0.6224868444259071
213.83383383383384,0.6195366170193414
213.91391391391392,0.6164306092374762
213.993993993994,0.6143178308472982
214.07407407407408,0.6122870170705075
214.15415415415416,0.6095366519425109
214.23423423423424,0.6063071188961202
214.31431431431432,0.6032040703153497
214.3943943943944,0.6003061226815403
214.47447447447448,0.5983450940175693
214.55455455455456,0.5954643930424292
214.63463463463464,0.5931809375849602
214.71471471471472,0.5904508658512204
214.7947947947948,0.5881724991836901
214.87487487487488,0.5855318080430999
214.95495495495496,0.5832864371144857
215.03503503503504,0.5821761918350937
215.11511511511512,0.5806276137601414
215.1951951951952,0.5789993435382101
215.27527527527528,0.5766475304292737
215.35535535535536,0.5749286288943266
215.43543543543544,0.5730278649343093
215.51551551551552,0.5721397937813009
215.5955955955956,0.5703378507646952
215.67567567567568,0.5690495057194455
215.75575575575576,0.5666982727543021
215.83583583583584,0.5663577219351109
215.91591591591592,0.5651368707046366
215.995995995996,0.5652662269403651
216.07607607607608,0.5637158730938032
216.15615615615616,0.563331727675137
216.23623623623624,0.5620712771623488
216.31631631631632,0.5618943358085443
216.3963963963964,0.560915543143117
216.47647647647648,0.5613835687633797
216.55655655655656,0.5604460055758502
216.63663663663664,0.5604229466051388
216.71671671671672,0.5593346581933462
216.7967967967968,0.5602555615182296
216.87687687687688,0.5602962874713212
216.95695695695696,0.5615127519499181
217.03703703703704,0.561469165110785
217.11711711711712,0.562161415405531
217.1971971971972,0.5622595685529385
217.27727727727728,0.5633351212956738
217.35735735735736,0.563792721997674
217.43743743743744,0.5654602511333041
217.51751751751752,0.5659246518824192
217.5975975975976,0.5674902695544911
217.67767767767768,0.568100629283225
217.75775775775776,0.5700647293338542
217.83783783783784,0.5711226824215796
217.91791791791792,0.5726223943801072
217.997997997998,0.57458618140343
218.07807807807808,0.5768240856636285
218.15815815815816,0.5794958524366205
218.23823823823824,0.5816132419072108
218.31831831831832,0.5837946474401393
218.3983983983984,0.5858929783722339
218.47847847847848,0.5878874686366634
218.55855855855856,0.5906775025186808
218.63863863863864,0.5934389305545479
218.71871871871872,0.5970163013762957
218.7987987987988,0.5996541264385625
218.87887887887888,0.6029397389867133
218.95895895895896,0.6058072222549319
219.03903903903904,0.6091306504574988
219.11911911911912,0.6123045452327786
219.1991991991992,0.6152102943780603
219.27927927927928,0.6185935181559225
219.35935935935936,0.622113134685018
219.43943943943944,0.626078546116491
219.51951951951952,0.6297194895254633
219.5995995995996,0.6333460870992681
219.67967967967968,0.6371927836348192
219.75975975975976,0.6408342151690191
219.83983983983984,0.6453230276520797
219.91991991991992,0.6492984942415009
220.0,0.6536964704269316
