freq,trans_dB
140.0,-3.045161077284656
140.08008008008008,-3.0181105001099393
140.16016016016016,-2.983860785077513
140.24024024024024,-2.921917619963731
140.32032032032032,-2.8597974924487395
140.4004004004004,-2.7791696822597327
140.48048048048048,-2.7068806651582276
140.56056056056056,-2.6336402869074105
140.64064064064064,-2.570538470433725
140.72072072072072,-2.5005851640587227
140.8008008008008,-2.420317020073323
140.88088088088088,-2.3498340055225726
140.96096096096096,-2.2749709938387834
141.04104104104104,-2.2114040298868063
141.12112112112112,-2.142557181909211
141.2012012012012,-2.0708405044809326
141.28128128128128,-1.9982261707072348
141.36136136136136,-1.9296918705432167
141.44144144144144,-1.8544489569310667
141.52152152152152,-1.7832121915293069
141.6016016016016,-1.7056767205752748
141.68168168168168,-1.646273806629871
141.76176176176176,-1.569086032112782
141.84184184184184,-1.5075058831625583
141.92192192192192,-1.4295353200749032
142.002002002002,-1.3723292879477025
142.08208208208208,-1.301640285569483
142.16216216216216,-1.2481435390417535
142.24224224224224,-1.1826416510191413
142.32232232232232,-1.133902387985907
142.4024024024024,-1.0741249117266272
142.48248248248248,-1.0323566968472657
142.56256256256256,-0.9751383097861855
142.64264264264264,-0.9409442195310254
142.72272272272272,-0.8895122074321187
142.8028028028028,-0.8643544285409177
142.88288288288288,-0.8104029546639873
142.96296296296296,-0.7861592256855565
143.04304304304304,-0.7455812565930673
143.12312312312312,-0.742504278988286
143.2032032032032,-0.7136673278016948
143.28328328328328,-0.7095759463974671
143.36336336336336,-0.6847430377089345
143.44344344344344,-0.6907075435354224
143.52352352352352,-0.6814212465903657
143.6036036036036,-0.6875786708828634
143.68368368368368,-0.6835307558129015
143.76376376376376,-0.702286393525999
143.84384384384384,-0.7202248114220285
143.92392392392392,-0.7444117039403796
144.004004004004,-0.7617523223710607
144.08408408408408,-0.7879985782294675
144.16416416416416,-0.8199640620425911
144.24424424424424,-0.853143828575728
144.32432432432432,-0.8955406083846963
144.4044044044044,-0.9327772848716186
144.48448448448448,-0.988357661933046
144.56456456456456,-1.0297715443108455
144.64464464464464,-1.0890970843357737
144.72472472472472,-1.1340019197716875
144.8048048048048,-1.20641662317427
144.88488488488488,-1.252783984967506
144.96496496496496,-1.3224287605704999
145.04504504504504,-1.368112698040444
145.12512512512512,-1.444759699339176
145.2052052052052,-1.4989388475201495
145.28528528528528,-1.577055291710164
145.36536536536536,-1.6352744442263056
145.44544544544544,-1.7147816608531141
145.52552552552552,-1.7758085757719626
145.6056056056056,-1.8578853926094794
145.68568568568568,-1.921534369958894
145.76576576576576,-2.0045818379614744
145.84584584584584,-2.0666118648504925
145.92592592592592,-2.144334697328809
146.006006006006,-2.2080910215939182
146.08608608608608,-2.2807259770088812
146.16616616616616,-2.341575798958234
146.24624624624624,-2.4099517055904616
146.32632632632632,-2.4754620676855814
146.4064064064064,-2.5488765297927225
146.48648648648648,-2.6200027978293035
146.56656656656656,-2.695809281868264
146.64664664664664,-2.7617412820851057
146.72672672672672,-2.826860759209235
146.8068068068068,-2.891016220598589
146.88688688688688,-2.953743627749792
146.96696696696696,-3.018490043361655
147.04704704704704,-3.0799599114166494
147.12712712712712,-3.142149272638702
147.2072072072072,-3.1966713927542894
147.28728728728728,-3.2526514601340923
147.36736736736736,-3.3036784967135
147.44744744744744,-3.361751364316573
147.52752752752752,-3.4157475111389397
147.6076076076076,-3.472561939355054
147.68768768768768,-3.515571484211125
147.76776776776777,-3.571304635728594
147.84784784784785,-3.616210512275456
147.92792792792793,-3.670864634572676
148.008008008008,-3.706504861609099
148.08808808808809,-3.7495197443894983
148.16816816816817,-3.7794973826764187
148.24824824824825,-3.8176129470074116
148.32832832832833,-3.8510199101230786
148.4084084084084,-3.8928651469845508
148.48848848848849,-3.9295485889094284
148.56856856856857,-3.9656156098149795
148.64864864864865,-3.9924333215012755
148.72872872872873,-4.026358435890068
148.8088088088088,-4.057986562600764
148.88888888888889,-4.089061971142558
148.96896896896897,-4.110954605555651
149.04904904904905,-4.1266482295249505
149.12912912912913,-4.142910542851479
149.2092092092092,-4.153861046538096
149.2892892892893,-4.174459825130319
149.36936936936937,-4.189980529375356
149.44944944944945,-4.21138530315842
149.52952952952953,-4.224324355468016
149.6096096096096,-4.233469927275743
149.6896896896897,-4.242922056711444
149.76976976976977,-4.25724202713184
149.84984984984985,-4.270406962072564
149.92992992992993,-4.277341063872463
150.01001001001,-4.270169691860851
150.0900900900901,-4.263754283113155
150.17017017017017,-4.251456330825993
150.25025025025025,-4.251960632339722
150.33033033033033,-4.249068940372362
150.4104104104104,-4.244108181671294
150.4904904904905,-4.233965259012924
150.57057057057057,-4.221808048071733
150.65065065065065,-4.211055504114606
150.73073073073073,-4.202608388169193
150.8108108108108,-4.19136284052656
150.8908908908909,-4.178854315511611
150.97097097097097,-4.152827047373055
151.05105105105105,-4.127894773391704
151.13113113113113,-4.097143960691213
151.2112112112112,-4.073860524275499
151.2912912912913,-4.0437031287814
151.37137137137137,-4.01504624069639
151.45145145145145,-3.9823469772470217
151.53153153153153,-3.9506041043063043
151.6116116116116,-3.918857990822827
151.6916916916917,-3.889917881426405
151.77177177177177,-3.854736463489736
151.85185185185185,-3.810821480894757
151.93193193193193,-3.75996168470323
152.012012012012,-3.7094661419248043
152.0920920920921,-3.6637620582347146
152.17217217217217,-3.6154314371911624
152.25225225225225,-3.570422432488701
152.33233233233233,-3.5159658044840425
152.4124124124124,-3.462897068387689
152.4924924924925,-3.4039140964240744
152.57257257257257,-3.350212881136827
152.65265265265265,-3.294257265631151
152.73273273273273,-3.2448961227013076
152.8128128128128,-3.1896726073973074
152.8928928928929,-3.135473969613814
152.97297297297297,-3.063192199571276
153.05305305305305,-2.992526311984487
153.13313313313313,-2.9159813837620723
153.2132132132132,-2.855211302553042
153.2932932932933,-2.7902118366470425
153.37337337337337,-2.7293972786067635
153.45345345345345,-2.655390954598917
153.53353353353353,-2.5889908557159504
153.6136136136136,-2.5141458456612127
153.6936936936937,-2.447632194896953
153.77377377377377,-2.3738699252987883
153.85385385385385,-2.305253323763934
153.93393393393393,-2.2329333217955925
154.014014014014,-2.159404040821981
154.0940940940941,-2.0839421194086536
154.17417417417417,-2.013126381620517
154.25425425425425,-1.9450048354078677
154.33433433433433,-1.8790390079882564
154.4144144144144,-1.8086439650083985
154.4944944944945,-1.7426674120163663
154.57457457457457,-1.676632416412069
154.65465465465465,-1.6122241225956897
154.73473473473473,-1.548419199194983
154.8148148148148,-1.4837232512836709
154.8948948948949,-1.4206170732356462
154.97497497497497,-1.3543952254937919
155.05505505505505,-1.2922388345027709
155.13513513513513,-1.2333920381000645
155.2152152152152,-1.1831747688729255
155.2952952952953,-1.1310441353394765
155.37537537537537,-1.0815682132143518
155.45545545545545,-1.0291184731734762
155.53553553553553,-0.9800148471426052
155.6156156156156,-0.9316132005199568
155.6956956956957,-0.889151992164705
155.77577577577577,-0.8496859033712563
155.85585585585585,-0.8170096390021833
155.93593593593593,-0.7809282282810122
156.016016016016,-0.7508387725122315
156.0960960960961,-0.7210353825341241
156.17617617617617,-0.7043827441346737
156.25625625625625,-0.6868849855115748
156.33633633633633,-0.6756261906959309
156.4164164164164,-0.6606950936103058
156.4964964964965,-0.6571347377742449
156.57657657657657,-0.6534629935913167
156.65665665665665,-0.6571171451020796
156.73673673673673,-0.6570681566011793
156.8168168168168,-0.6647435646774711
156.8968968968969,-0.6728654227504122
156.97697697697697,-0.6899469463507132
157.05705705705705,-0.7086382887501992
157.13713713713713,-0.7382914652636254
157.2172172172172,-0.7681571508913639
157.2972972972973,-0.8055256181064626
157.37737737737737,-0.8379047519770983
157.45745745745745,-0.8811705860071976
157.53753753753753,-0.91952204820702
157.6176176176176,-0.9677418428805444
157.6976976976977,-1.010624154761377
157.77777777777777,-1.0634073851925352
157.85785785785785,-1.1140741449678049
157.93793793793793,-1.1725381876641623
158.018018018018,-1.2288040096990465
158.0980980980981,-1.287283954925185
158.17817817817817,-1.345027781409269
158.25825825825825,-1.4074531219751836
158.33833833833833,-1.473425470688747
158.4184184184184,-1.539900233300512
158.4984984984985,-1.6086268756810584
158.57857857857857,-1.6739631941838662
158.65865865865865,-1.7441284910221453
158.73873873873873,-1.8096010128949003
158.8188188188188,-1.8818516238659526
158.8988988988989,-1.9530673124554259
158.97897897897897,-2.0281363873312936
159.05905905905905,-2.0972458570818633
159.13913913913913,-2.1660992660359217
159.2192192192192,-2.2349513102765735
159.2992992992993,-2.307024426876829
159.37937937937937,-2.3726660887931703
159.45945945945945,-2.437175987857996
159.53953953953953,-2.498519414065844
159.6196196196196,-2.5662112583499956
159.6996996996997,-2.630760175522859
159.77977977977977,-2.6961846274307213
159.85985985985985,-2.7601311539263484
159.93993993993993,-2.822717441724723
160.02002002002,-2.8855784604068755
160.1001001001001,-2.9431290280089675
160.18018018018017,-3.0040275674131043
160.26026026026025,-3.059647583476675
160.34034034034033,-3.116282626882821
160.4204204204204,-3.1695049010708214
160.5005005005005,-3.2232897549889903
160.58058058058057,-3.276472789917663
160.66066066066065,-3.332366314749482
160.74074074074073,-3.3865030212720115
160.8208208208208,-3.443431727004312
160.9009009009009,-3.487385687940707
160.98098098098097,-3.5301449075330233
161.06106106106105,-3.5674158775772504
161.14114114114113,-3.609631429080943
161.2212212212212,-3.6508595324486657
161.3013013013013,-3.6893059366625076
161.38138138138137,-3.7291816261283484
161.46146146146145,-3.7647762650267986
161.54154154154153,-3.7983030296606
161.6216216216216,-3.829788140969627
161.7017017017017,-3.860752267400646
161.78178178178177,-3.8947811612618217
161.86186186186185,-3.9210191279932842
161.94194194194193,-3.951089376839832
162.022022022022,-3.9747264421529285
162.1021021021021,-4.0010137306119375
162.18218218218217,-4.021778663866617
162.26226226226225,-4.0416591492045155
162.34234234234233,-4.0628055952432405
162.42242242242241,-4.080203129372595
162.5025025025025,-4.0929599825706315
162.58258258258257,-4.103217079072496
162.66266266266265,-4.112669780777076
162.74274274274273,-4.127208882292614
162.82282282282281,-4.1358530990528735
162.9029029029029,-4.138394118929189
162.98298298298297,-4.134241150877731
163.06306306306305,-4.126364113596945
163.14314314314313,-4.1196317271346965
163.22322322322321,-4.107621187232744
163.3033033033033,-4.100656830847519
163.38338338338338,-4.091216196687652
163.46346346346346,-4.087998389261622
163.54354354354354,-4.078210911672835
163.62362362362362,-4.073259198582742
163.7037037037037,-4.056458738683877
163.78378378378378,-4.042611133780261
163.86386386386386,-4.014701708041117
163.94394394394394,-3.9927753198798457
164.02402402402402,-3.963110438483471
164.1041041041041,-3.9392195181498098
164.18418418418418,-3.9070462499207785
164.26426426426426,-3.8838467073598277
164.34434434434434,-3.849443467656737
164.42442442442442,-3.822026929400684
164.5045045045045,-3.780670230258274
164.58458458458458,-3.7465156300390636
164.66466466466466,-3.700741187267432
164.74474474474474,-3.663061128062965
164.82482482482482,-3.615072011310885
164.9049049049049,-3.5683292288220634
164.98498498498498,-3.519050915053174
165.06506506506506,-3.4802014276057487
165.14514514514514,-3.436628796637304
165.22522522522522,-3.392732507234868
165.3053053053053,-3.3379962917471695
165.38538538538538,-3.29634643290556
165.46546546546546,-3.2459194244265777
165.54554554554554,-3.1983004736048666
165.62562562562562,-3.137066845319409
165.7057057057057,-3.081233171419514
165.78578578578578,-3.0276621617114854
165.86586586586586,-2.9691210842816855
165.94594594594594,-2.9142796253408823
166.02602602602602,-2.8582309523530367
166.1061061061061,-2.803360663008928
166.18618618618618,-2.7414259808322554
166.26626626626626,-2.6773122829891234
166.34634634634634,-2.6154652010361596
166.42642642642642,-2.5554324156237445
166.5065065065065,-2.491402055619878
166.58658658658658,-2.4302433003672164
166.66666666666666,-2.3624490165219614
166.74674674674674,-2.3042326518640133
166.82682682682682,-2.2317991066290226
166.9069069069069,-2.1715575642751013
166.98698698698698,-2.102311657466758
167.06706706706706,-2.0471969549675895
167.14714714714714,-1.9783835295459182
167.22722722722722,-1.9217028022133216
167.3073073073073,-1.854918767328529
167.38738738738738,-1.7965781111530208
167.46746746746746,-1.7230524056338823
167.54754754754754,-1.6626193798667188
167.62762762762762,-1.593996350400979
167.7077077077077,-1.540213705732367
167.78778778778778,-1.4735018714718022
167.86786786786786,-1.415888935246688
167.94794794794794,-1.350270718011883
168.02802802802802,-1.2970909180931565
168.1081081081081,-1.2358802688992472
168.18818818818818,-1.18341863095284
168.26826826826826,-1.1220302337912775
168.34834834834834,-1.0704766780552935
168.42842842842842,-1.0161686335782567
168.5085085085085,-0.9749908233337659
168.58858858858858,-0.9304867647980583
168.66866866866866,-0.8925187196835006
168.74874874874874,-0.8498726160409056
168.82882882882882,-0.8097239348321068
168.9089089089089,-0.7664913873002224
168.98898898898898,-0.7295606637338545
169.06906906906906,-0.7016383873583
169.14914914914914,-0.6777387944200484
169.22922922922922,-0.6578568089460619
169.3093093093093,-0.6356426362553115
169.38938938938938,-0.6235551264693494
169.46946946946946,-0.61276155379436
169.54954954954954,-0.606519702074926
169.62962962962962,-0.5944952171195665
169.7097097097097,-0.5944809883890805
169.78978978978978,-0.5934900140055309
169.86986986986986,-0.6022781799731165
169.94994994994994,-0.608566302854159
170.03003003003002,-0.6284443921237017
170.1101101101101,-0.6477669941731201
170.19019019019018,-0.6734812156993205
170.27027027027026,-0.6946234143656664
170.35035035035034,-0.7252495856618192
170.43043043043042,-0.756009781497322
170.5105105105105,-0.7975035238008898
170.59059059059058,-0.8343242752988047
170.67067067067066,-0.8794797674913287
170.75075075075074,-0.9243488441293519
170.83083083083082,-0.9754870881516671
170.9109109109109,-1.0267853620130254
170.99099099099098,-1.0821049783962615
171.07107107107106,-1.1353091933182329
171.15115115115114,-1.1897387510948165
171.23123123123122,-1.245359122668838
171.3113113113113,-1.3037946253600055
171.39139139139138,-1.3649694907162568
171.47147147147146,-1.4295166323600583
171.55155155155154,-1.495165294854283
171.63163163163162,-1.5622671417226905
171.7117117117117,-1.628826847130367
171.79179179179178,-1.6961458799932647
171.87187187187186,-1.7654265450956634
171.95195195195194,-1.8316471714709572
172.03203203203202,-1.8947040662334227
172.11211211211213,-1.9542205429448398
172.19219219219218,-2.021058191752861
172.2722722722723,-2.0880903309114185
172.35235235235234,-2.156222094220535
172.43243243243245,-2.2212337110125984
172.5125125125125,-2.290931936937514
172.5925925925926,-2.3585940272811055
172.67267267267266,-2.4226163523056483
172.75275275275277,-2.483637641163253
172.83283283283282,-2.546074213745572
172.91291291291293,-2.6082815482714685
172.99299299299298,-2.6684723523589993
173.0730730730731,-2.7263383827750487
173.15315315315314,-2.7863719440621444
173.23323323323325,-2.846925482227204
173.3133133133133,-2.906131936149254
173.3933933933934,-2.9626741388935933
173.47347347347346,-3.0188303224716444
173.55355355355357,-3.072297263951706
173.63363363363362,-3.1226423103447516
173.71371371371373,-3.16905567648684
173.79379379379378,-3.2160243295214466
173.8738738738739,-3.2628693125975357
173.95395395395394,-3.30620173990584
174.03403403403405,-3.3458910780449282
174.1141141141141,-3.3890803791946778
174.1941941941942,-3.437087270276208
174.27427427427426,-3.481353763775946
174.35435435435437,-3.517801315637283
174.43443443443442,-3.5509330509790096
174.51451451451453,-3.5835238992338887
174.59459459459458,-3.616486293445697
174.6746746746747,-3.6451993436954626
174.75475475475474,-3.6725127483436157
174.83483483483485,-3.6986477361770196
174.9149149149149,-3.725442857079574
174.994994994995,-3.749672130075112
175.07507507507506,-3.772083258784541
175.15515515515517,-3.7956295784471252
175.23523523523522,-3.8136864216806647
175.31531531531533,-3.8262381686435365
175.39539539539538,-3.833901861215483
175.4754754754755,-3.843174562966461
175.55555555555554,-3.8509748662859504
175.63563563563565,-3.858522075666679
175.7157157157157,-3.86475102917641
175.7957957957958,-3.8710605798828923
175.87587587587586,-3.8754145185581277
175.95595595595597,-3.8765425473884667
176.03603603603602,-3.8733090596443165
176.11611611611613,-3.870437576116193
176.19619619619618,-3.865910129734084
176.2762762762763,-3.8566526764064615
176.35635635635634,-3.841008853590523
176.43643643643645,-3.8253406646997377
176.5165165165165,-3.8141637900982457
176.5965965965966,-3.806895930727835
176.67667667667666,-3.795527041833413
176.75675675675677,-3.7798565675499702
176.83683683683682,-3.7634463192051166
176.91691691691693,-3.746294325340397
176.99699699699698,-3.723407486950865
177.0770770770771,-3.696163496424859
177.15715715715714,-3.6670986131044687
177.23723723723725,-3.6372832852214096
177.3173173173173,-3.608975729994469
177.3973973973974,-3.582980579390634
177.47747747747746,-3.5573366994978195
177.55755755755757,-3.53050358538751
177.63763763763762,-3.5033109589999114
177.71771771771773,-3.4746712336727326
177.79779779779778,-3.4427315443829247
177.8778778778779,-3.4096148396640937
177.95795795795794,-3.3737970963396173
178.03803803803805,-3.334236854823845
178.1181181181181,-3.29403343687365
178.1981981981982,-3.2542303194950652
178.27827827827826,-3.2150344709009295
178.35835835835837,-3.173411252742391
178.43843843843842,-3.1292685026627614
178.51851851851853,-3.0840473571329383
178.59859859859858,-3.0404231139537123
178.6786786786787,-2.9990977428155094
178.75875875875874,-2.9557853330159025
178.83883883883885,-2.909032896282676
178.9189189189189,-2.8574065547642675
178.998998998999,-2.8032644109756966
179.07907907907907,-2.748867312737367
179.15915915915917,-2.6968392603937352
179.23923923923923,-2.646495352965542
179.31931931931933,-2.5939746881289514
179.39939939939939,-2.5369968018022604
179.4794794794795,-2.4763295179488756
179.55955955955955,-2.4188299323655866
179.63963963963965,-2.366560179612351
179.7197197197197,-2.3130018822722334
179.7997997997998,-2.2530738851359513
179.87987987987987,-2.1892330547738337
179.95995995995997,-2.1257569098903697
180.04004004004003,-2.0655122721593995
180.12012012012013,-2.0059526178509013
180.2002002002002,-1.9479820851240595
180.2802802802803,-1.8881582962258876
180.36036036036035,-1.8273405146400816
180.44044044044045,-1.7648282062125396
180.5205205205205,-1.70377194724921
180.60060060060061,-1.644887971901995
180.68068068068067,-1.5837818583806957
180.76076076076077,-1.5202635579357786
180.84084084084083,-1.456922208925392
180.92092092092093,-1.3950068009862808
181.001001001001,-1.3361703653409012
181.0810810810811,-1.2793821604962896
181.16116116116115,-1.2258189733205154
181.24124124124126,-1.1706742445538134
181.3213213213213,-1.1148796548854885
181.40140140140142,-1.059311583526881
181.48148148148147,-1.0078754465671007
181.56156156156158,-0.9598973785717515
181.64164164164163,-0.9147685924270903
181.72172172172174,-0.8727152792886327
181.8018018018018,-0.8326019802784607
181.8818818818819,-0.7947036837816152
181.96196196196195,-0.7575293719886862
182.04204204204206,-0.724692191993884
182.1221221221221,-0.6950306367413598
182.20220220220222,-0.6667816828175586
182.28228228228227,-0.6405724685684785
182.36236236236238,-0.6205427355957104
182.44244244244243,-0.6062220556552378
182.52252252252254,-0.5939649780182533
182.6026026026026,-0.5826306837812096
182.6826826826827,-0.574879519611741
182.76276276276275,-0.5725563992569764
182.84284284284286,-0.5755651607372847
182.9229229229229,-0.5807685131658004
183.00300300300302,-0.5896774592501703
183.08308308308307,-0.6013705358047162
183.16316316316318,-0.617155349260847
183.24324324324323,-0.633706524004449
183.32332332332334,-0.6551758183993899
183.4034034034034,-0.6819693591270607
183.4834834834835,-0.7142716551325693
183.56356356356355,-0.7481381140801081
183.64364364364366,-0.7838614931573651
183.7237237237237,-0.8224915731610947
183.80380380380382,-0.8641173580941199
183.88388388388387,-0.9074335009121363
183.96396396396398,-0.9532444502587478
184.04404404404403,-1.0010337070172808
184.12412412412414,-1.0530892638323401
184.2042042042042,-1.1075555596786406
184.2842842842843,-1.1651095853198077
184.36436436436435,-1.2242627176573808
184.44444444444446,-1.281228190119472
184.5245245245245,-1.3391892312765925
184.60460460460462,-1.3967145826004017
184.68468468468467,-1.457691271855932
184.76476476476478,-1.5200223038264211
184.84484484484483,-1.5859219810574368
184.92492492492494,-1.6504441141262403
185.005005005005,-1.7129800600039649
185.0850850850851,-1.7751695475261533
185.16516516516515,-1.840036276414365
185.24524524524526,-1.9075045760986704
185.3253253253253,-1.9755028875821177
185.40540540540542,-2.0374991219435263
185.48548548548547,-2.0991031388702597
185.56556556556558,-2.1604367231618653
185.64564564564563,-2.223301072611586
185.72572572572574,-2.284509052285413
185.8058058058058,-2.344698250931058
185.8858858858859,-2.4050575313799953
185.96596596596595,-2.465143187848264
186.04604604604606,-2.5252689123133933
186.1261261261261,-2.5819608154329208
186.20620620620622,-2.6384452188581977
186.28628628628627,-2.692018466420702
186.36636636636638,-2.742604130966152
186.44644644644643,-2.7894050978049116
186.52652652652654,-2.8390725137338815
186.6066066066066,-2.8911644006940347
186.6866866866867,-2.9413224505418953
186.76676676676675,-2.987696797260848
186.84684684684686,-3.031435729468964
186.9269269269269,-3.0702429217782297
187.00700700700702,-3.1111848276914618
187.08708708708707,-3.1551168799458615
187.16716716716718,-3.197660945236584
187.24724724724723,-3.2329839635954585
187.32732732732734,-3.2621118085240064
187.4074074074074,-3.2915631303242066
187.4874874874875,-3.3211115272544416
187.56756756756755,-3.3522307141395973
187.64764764764766,-3.3818646213655197
187.7277277277277,-3.4108581530909854
187.80780780780782,-3.4350884696657897
187.88788788788787,-3.4563698119307746
187.96796796796798,-3.475043214904098
188.04804804804803,-3.494941386837835
188.12812812812814,-3.513555327304721
188.2082082082082,-3.5320046074692413
188.2882882882883,-3.545763968510426
188.36836836836835,-3.562232939339913
188.44844844844846,-3.572320237978813
188.5285285285285,-3.5840238432696814
188.60860860860862,-3.592883805669641
188.68868868868867,-3.6014378115185957
188.76876876876878,-3.6090404359847468
188.84884884884883,-3.6103108082245337
188.92892892892894,-3.6133467483990853
189.009009009009,-3.6173559680950222
189.0890890890891,-3.624732371292674
189.16916916916915,-3.629269435997804
189.24924924924926,-3.6284210885888974
189.3293293293293,-3.6240394275477295
189.40940940940942,-3.615989521233492
189.48948948948947,-3.609749889569725
189.56956956956958,-3.605504015205537
189.64964964964963,-3.599471168117923
189.72972972972974,-3.5930540994090263
189.8098098098098,-3.580668568947836
189.8898898898899,-3.567886848238352
189.96996996996995,-3.5540447887185
190.05005005005006,-3.5448261198994
190.1301301301301,-3.536981751877223
190.21021021021022,-3.5239803576730138
190.29029029029027,-3.5051917267267316
190.37037037037038,-3.4831724671735595
190.45045045045043,-3.4596741696639906
190.53053053053054,-3.4388856732061464
190.6106106106106,-3.415859662201339
190.6906906906907,-3.395683420207049
190.77077077077075,-3.372861409075712
190.85085085085086,-3.349114416349786
190.9309309309309,-3.32025958733951
191.01101101101102,-3.287142055271272
191.09109109109107,-3.2558257604261276
191.17117117117118,-3.224116626550273
191.25125125125123,-3.196651659580351
191.33133133133134,-3.163430296218227
191.41141141141142,-3.126839745725321
191.4914914914915,-3.0889743768750564
191.57157157157158,-3.0524111762384525
191.65165165165166,-3.0140681161890948
191.73173173173174,-2.9716631874467754
191.81181181181182,-2.923248889072837
191.8918918918919,-2.8755034534893786
191.97197197197198,-2.8269361194538285
192.05205205205206,-2.7845225663367144
192.13213213213214,-2.739889589281066
192.21221221221222,-2.6927911433044014
192.2922922922923,-2.638212236172622
192.37237237237238,-2.584191936088834
192.45245245245246,-2.528387963842831
192.53253253253254,-2.479189034237295
192.61261261261262,-2.426701231997737
192.6926926926927,-2.375607184273702
192.77277277277278,-2.319699503166184
192.85285285285286,-2.2643773674689633
192.93293293293294,-2.2045529835029156
193.01301301301302,-2.1447245112032634
193.0930930930931,-2.082784302135499
193.17317317317318,-2.021329017965992
193.25325325325326,-1.959003976707137
193.33333333333334,-1.899160883699319
193.41341341341342,-1.8397005135024054
193.4934934934935,-1.7806250379989699
193.57357357357358,-1.7191752998285563
193.65365365365366,-1.6581338720981242
193.73373373373374,-1.5979156291092032
193.81381381381382,-1.5400915633873455
193.8938938938939,-1.482853248033462
193.97397397397398,-1.4254934824850862
194.05405405405406,-1.365469767556475
194.13413413413414,-1.3068352831607033
194.21421421421422,-1.2484160327265528
194.2942942942943,-1.1957094825685965
194.37437437437438,-1.1426510179728981
194.45445445445446,-1.091820989466151
194.53453453453454,-1.041151304051347
194.61461461461462,-0.9926762370749561
194.6946946946947,-0.9448422803943854
194.77477477477478,-0.9006827155500173
194.85485485485486,-0.8602689758532686
194.93493493493494,-0.8222919779980988
195.01501501501502,-0.7864964181314475
195.0950950950951,-0.7510682072631001
195.17517517517518,-0.718957180727023
195.25525525525526,-0.6904726990192105
195.33533533533534,-0.6662094574656805
195.41541541541542,-0.6441802851703855
195.4954954954955,-0.6252449534171981
195.57557557557558,-0.6100769367305149
195.65565565565566,-0.5966895338665504
195.73573573573574,-0.5864593459870716
195.81581581581582,-0.5795014097289247
195.8958958958959,-0.5756348076891818
195.97597597597598,-0.5771395896872064
196.05605605605606,-0.5798720750226177
196.13613613613614,-0.5889196794808159
196.21621621621622,-0.5985354424772824
196.2962962962963,-0.6150102067721146
196.37637637637638,-0.6295687404147946
196.45645645645646,-0.6533666724431396
196.53653653653654,-0.6763937984807625
196.61661661661662,-0.7085116684922419
196.6966966966967,-0.7351813192494817
196.77677677677679,-0.769599306797017
196.85685685685687,-0.8035895791289033
196.93693693693695,-0.845511171964243
197.01701701701703,-0.886167195528501
197.0970970970971,-0.9308967024408888
197.17717717717719,-0.9779779161678939
197.25725725725727,-1.0305506096245656
197.33733733733735,-1.083015171833863
197.41741741741743,-1.133319047386366
197.4974974974975,-1.1830215371605435
197.57757757757759,-1.234923297056667
197.65765765765767,-1.28784584565532
197.73773773773775,-1.343157064229592
197.81781781781783,-1.398590236816221
197.8978978978979,-1.4560918619813132
197.977977977978,-1.5154241799868038
198.05805805805807,-1.5767942741133922
198.13813813813815,-1.6400957206245685
198.21821821821823,-1.7008898934398669
198.2982982982983,-1.757465525004012
198.3783783783784,-1.8147481361941442
198.45845845845847,-1.8708674898217503
198.53853853853855,-1.9293489836314603
198.61861861861863,-1.9874596307278667
198.6986986986987,-2.043673827137459
198.7787787787788,-2.098483650857465
198.85885885885887,-2.1512955195861623
198.93893893893895,-2.2104557381336645
199.01901901901903,-2.2696551951495354
199.0990990990991,-2.323009587362946
199.1791791791792,-2.373375464783351
199.25925925925927,-2.4206447332290963
199.33933933933935,-2.473794449217874
199.41941941941943,-2.520909988175594
199.4994994994995,-2.5691507758131995
199.5795795795796,-2.61222402456749
199.65965965965967,-2.659987154005749
199.73973973973975,-2.702138046892065
199.81981981981983,-2.746690496013538
199.8998998998999,-2.7891133963204298
199.97997997998,-2.8381163577369932
200.06006006006007,-2.8752771335319873
200.14014014014015,-2.9128877137750675
200.22022022022023,-2.9470510087099213
200.3003003003003,-2.989225852442717
200.3803803803804,-3.0251809085143915
200.46046046046047,-3.0594957787156387
200.54054054054055,-3.0881526356732243
200.62062062062063,-3.119093246224928
200.7007007007007,-3.1466929789503704
200.7807807807808,-3.178009921905683
200.86086086086087,-3.2050283941878472
200.94094094094095,-3.2323999125615024
201.02102102102103,-3.2585502027151962
201.1011011011011,-3.286555061259544
201.1811811811812,-3.312880319306899
201.26126126126127,-3.336946430102277
201.34134134134135,-3.3597450116575307
201.42142142142143,-3.3838454432883576
201.5015015015015,-3.403189912787207
201.5815815815816,-3.4211974435802577
201.66166166166167,-3.4360094741386575
201.74174174174175,-3.4537708945286263
201.82182182182183,-3.4709461086733544
201.9019019019019,-3.4847455996409678
201.981981981982,-3.4961319036443683
202.06206206206207,-3.5027387419248277
202.14214214214215,-3.5129544030063418
202.22222222222223,-3.5164264600362465
202.3023023023023,-3.5273372158846867
202.3823823823824,-3.5289567059836777
202.46246246246247,-3.534412986210425
202.54254254254255,-3.532735731207528
202.62262262262263,-3.5329124932300853
202.7027027027027,-3.534191345874618
202.7827827827828,-3.536641640628842
202.86286286286287,-3.5353172916338957
202.94294294294295,-3.534160822190579
203.02302302302303,-3.523268927599681
203.1031031031031,-3.515294197969845
203.1831831831832,-3.4999994046206706
203.26326326326327,-3.4901311617051607
203.34334334334335,-3.475239799856188
203.42342342342343,-3.4604486166412722
203.5035035035035,-3.44370809502843
203.5835835835836,-3.4306583275865576
203.66366366366367,-3.408338057136161
203.74374374374375,-3.3874292932260226
203.82382382382383,-3.359688698293613
203.9039039039039,-3.34013319008476
203.983983983984,-3.310765760849417
204.06406406406407,-3.284136530044311
204.14414414414415,-3.2506473103163818
204.22422422422423,-3.2228127926475176
204.3043043043043,-3.187578698745271
204.3843843843844,-3.1581021402216636
204.46446446446447,-3.1207278859780243
204.54454454454455,-3.094308011487545
204.62462462462463,-3.0527098100113887
204.7047047047047,-3.0097997214220897
204.7847847847848,-2.9594101627419844
204.86486486486487,-2.9227611292556195
204.94494494494495,-2.881598345950709
205.02502502502503,-2.8417343410597353
205.1051051051051,-2.795892716207049
205.1851851851852,-2.7527238100294245
205.26526526526527,-2.708769902269868
205.34534534534535,-2.6567977525312307
205.42542542542543,-2.6083178171724826
205.5055055055055,-2.5535440552300055
205.5855855855856,-2.5040486734174277
205.66566566566567,-2.4454819511625994
205.74574574574575,-2.3968252509260077
205.82582582582583,-2.3399802779762133
205.9059059059059,-2.287774573470325
205.985985985986,-2.2280191060952665
206.06606606606607,-2.1787614252688505
206.14614614614615,-2.119439721939141
206.22622622622623,-2.0644240302918835
206.3063063063063,-1.9978293726015481
206.3863863863864,-1.943360585519847
206.46646646646647,-1.870921273818608
206.54654654654655,-1.8152812593752277
206.62662662662663,-1.7454250818053512
206.7067067067067,-1.6996428736761093
206.7867867867868,-1.6346231150303292
206.86686686686687,-1.582976496114704
206.94694694694695,-1.5175642080273641
207.02702702702703,-1.467258292100778
207.1071071071071,-1.3978781437502021
207.1871871871872,-1.3453012811910539
207.26726726726727,-1.288520469428387
207.34734734734735,-1.245496362599512
207.42742742742743,-1.1820665702480435
207.5075075075075,-1.12783727903969
207.5875875875876,-1.07282693839941
207.66766766766767,-1.029476234566573
207.74774774774775,-0.9798376913127648
207.82782782782783,-0.9344017008898872
207.9079079079079,-0.8895530536499334
207.987987987988,-0.8529472096569582
208.06806806806807,-0.8120895946464329
208.14814814814815,-0.7733840084764133
208.22822822822823,-0.732791349597492
208.3083083083083,-0.6994738733881187
208.3883883883884,-0.6666674268306415
208.46846846846847,-0.6381328642556419
208.54854854854855,-0.6157816190081504
208.62862862862863,-0.5958139929385601
208.7087087087087,-0.5853383845618734
208.7887887887888,-0.5680938965016012
208.86886886886887,-0.5591165245052607
208.94894894894895,-0.5458634042217447
209.02902902902903,-0.5532284521147663
209.1091091091091,-0.5508236835502504
209.1891891891892,-0.5549222880361534
209.26926926926927,-0.5551369716161574
209.34934934934935,-0.5682497763582719
209.42942942942943,-0.574138307516009
209.5095095095095,-0.588257611701361
209.5895895895896,-0.6003987710132942
209.66966966966967,-0.6317289944839972
209.74974974974975,-0.6558117768007671
209.82982982982983,-0.6885430434689381
209.9099099099099,-0.7111639508399028
209.98998998999,-0.750531237551917
210.07007007007007,-0.7822258612984506
210.15015015015015,-0.8185969953773965
210.23023023023023,-0.8503457061922182
210.3103103103103,-0.8935497073560955
210.3903903903904,-0.9439919396292059
210.47047047047047,-0.99252782545199
210.55055055055055,-1.0379957676908704
210.63063063063063,-1.0830348880500211
210.7107107107107,-1.1345068142968022
210.7907907907908,-1.186439027346211
210.87087087087087,-1.2322976188108212
210.95095095095095,-1.2856658179382392
211.03103103103103,-1.3409683599817537
211.11111111111111,-1.3968680089573673
211.1911911911912,-1.444759430993864
211.27127127127127,-1.4892236473369234
211.35135135135135,-1.5482956167060875
211.43143143143143,-1.6063470534110595
211.51151151151151,-1.671265250789814
211.5915915915916,-1.7210393892368259
211.67167167167167,-1.7806168772404731
211.75175175175175,-1.836693245079676
211.83183183183183,-1.8983531641485591
211.91191191191191,-1.9409107438921915
211.991991991992,-1.9975521473407465
212.07207207207207,-2.0466488843773156
212.15215215215215,-2.1196651666844772
212.23223223223223,-2.1683863971262936
212.31231231231232,-2.229139924795161
212.3923923923924,-2.273007768902131
212.47247247247248,-2.331912581605757
212.55255255255256,-2.3742075980324384
212.63263263263264,-2.4311049648724268
212.71271271271272,-2.474068176868103
212.7927927927928,-2.539575809038141
212.87287287287288,-2.5815004296490898
212.95295295295296,-2.633744861426037
213.03303303303304,-2.6649740964140696
213.11311311311312,-2.7116357841734526
213.1931931931932,-2.7563600802628767
213.27327327327328,-2.8035083416325772
213.35335335335336,-2.8552110185781507
213.43343343343344,-2.905546803842156
213.51351351351352,-2.95244076300902
213.5935935935936,-2.9915319167461645
213.67367367367368,-3.0152777697751967
213.75375375375376,-3.051689789042975
213.83383383383384,-3.0871611491391913
213.91391391391392,-3.128326593757548
213.993993993994,-3.1649635882003277
214.07407407407408,-3.1904037094011253
214.15415415415416,-3.2295289686896624
214.23423423423424,-3.2551238420895263
214.31431431431432,-3.281547887423626
214.3943943943944,-3.3080813583754765
214.47447447447448,-3.3329570185669772
214.55455455455456,-3.3728319869941368
214.63463463463464,-3.3935654998585827
214.71471471471472,-3.4167961256261403
214.7947947947948,-3.430031605737165
214.87487487487488,-3.447342276540014
214.95495495495496,-3.470039941577665
215.03503503503504,-3.48227319462343
215.11511511511512,-3.50170834829698
215.1951951951952,-3.5083778938671855
215.27527527527528,-3.5223613372334035
215.35535535535536,-3.529199477288469
215.43543543543544,-3.544771406602023
215.51551551551552,-3.550554961226557
215.5955955955956,-3.5573180475045114
215.67567567567568,-3.549036481907027
215.75575575575576,-3.5559238763725176
215.83583583583584,-3.5444000509149247
215.91591591591592,-3.554235214078835
215.995995995996,-3.537569105324607
216.07607607607608,-3.5316376080492535
216.15615615615616,-3.5037466692597508
216.23623623623624,-3.4967998302577756
216.31631631631632,-3.485030195219595
216.3963963963964,-3.4823742124953667
216.47647647647648,-3.4644309212214375
216.55655655655656,-3.458163609092045
216.63663663663664,-3.4299273949209694
216.71671671671672,-3.4167906799005974
216.7967967967968,-3.385847794906987
216.87687687687688,-3.375230469993372
216.95695695695696,-3.346737661773943
217.03703703703704,-3.3272451093610322
217.11711711711712,-3.292412489743252
217.1971971971972,-3.264566408544139
217.27727727727728,-3.233705758899608
217.35735735735736,-3.2084983206154662
217.43743743743744,-3.1692854542088007
217.51751751751752,-3.1377598566226816
217.5975975975976,-3.095213539090374
217.67767767767768,-3.072683836165244
217.75775775775776,-3.032205138027967
217.83783783783784,-3.001226453465452
217.91791791791792,-2.9475419585560596
217.997997997998,-2.907914295220916
218.07807807807808,-2.8597417239917693
218.15815815815816,-2.8162336663635354
218.23823823823824,-2.7676477869385803
218.31831831831832,-2.7165308217615065
218.3983983983984,-2.663825203614402
218.47847847847848,-2.6167313032058206
218.55855855855856,-2.562595178333673
218.63863863863864,-2.5211806947194364
218.71871871871872,-2.4673835521275556
218.7987987987988,-2.4206336793936094
218.87887887887888,-2.346176778377213
218.95895895895896,-2.290947406029477
219.03903903903904,-2.235665671779816
219.11911911911912,-2.1975247284534376
219.1991991991992,-2.1341493518653194
219.27927927927928,-2.055461477307158
219.35935935935936,-1.9799538134294967
219.43943943943944,-1.9338307043553686
219.51951951951952,-1.8944056523455433
219.5995995995996,-1.863146979346205
219.67967967967968,-1.7923849403927938
219.75975975975976,-1.7355068402850586
219.83983983983984,-1.6500443144721215
219.91991991991992,-1.588962407425091
220.0,-1.5182259786092833
