freq,trans
140.0,0.3234653918708334
140.08008008008008,0.326471939039053
140.16016016016016,0.3294477155083902
140.24024024024024,0.33534715475356053
140.32032032032032,0.3415066959944596
140.4004004004004,0.3493318838915158
140.48048048048048,0.35639817434342186
140.56056056056056,0.3636392471392673
140.64064064064064,0.3699396905057946
140.72072072072072,0.37723681016454785
140.8008008008008,0.38572138178408155
140.88088088088088,0.3939648231645588
140.96096096096096,0.40213181854380214
141.04104104104104,0.4096524362877944
141.12112112112112,0.4178327893274342
141.2012012012012,0.42676920704074717
141.28128128128128,0.4360793277881588
141.36136136136136,0.4452802387996034
141.44144144144144,0.45472946750549853
141.52152152152152,0.4640847558498967
141.6016016016016,0.47375783100333446
141.68168168168168,0.48242779510487366
141.76176176176176,0.4922804903365459
141.84184184184184,0.5015794945671763
141.92192192192192,0.5122272726198984
142.002002002002,0.5214384829089417
142.08208208208208,0.5318323847342667
142.16216216216216,0.5407141184849188
142.24224224224224,0.5503998610654876
142.32232232232232,0.5585546822277944
142.4024024024024,0.5672004562625664
142.48248248248248,0.5738059551610624
142.56256256256256,0.5817469688120468
142.64264264264264,0.5877645746461263
142.72272272272272,0.5955908347542644
142.8028028028028,0.600271488217804
142.88288288288288,0.6079003110785518
142.96296296296296,0.6113078398620305
143.04304304304304,0.6167216565696609
143.12312312312312,0.6176773785548924
143.2032032032032,0.6224059143090949
143.28328328328328,0.6238658721945948
143.36336336336336,0.6278997611458509
143.44344344344344,0.6271384238713065
143.52352352352352,0.6288248010282975
143.6036036036036,0.628179717210373
143.68368368368368,0.6290961976423487
143.76376376376376,0.626021034513128
143.84384384384384,0.623734353276189
143.92392392392392,0.6198038330988483
144.004004004004,0.6173757689464437
144.08408408408408,0.6135155565109548
144.16416416416416,0.6093291469841432
144.24424424424424,0.6044728274818896
144.32432432432432,0.5986027559147223
144.4044044044044,0.5926086869031975
144.48448448448448,0.5851911006373918
144.56456456456456,0.5789265058697195
144.64464464464464,0.5710646159393877
144.72472472472472,0.564232529142616
144.8048048048048,0.5551208450582505
144.88488488488488,0.5488188202863902
144.96496496496496,0.5399156497525132
145.04504504504504,0.5340102988050895
145.12512512512512,0.5243418199233306
145.2052052052052,0.5176378817808142
145.28528528528528,0.5076383888310746
145.36536536536536,0.5005152796639758
145.44544544544544,0.49081906746969217
145.52552552552552,0.48348690628238733
145.6056056056056,0.473883969517579
145.68568568568568,0.4663721201584672
145.76576576576576,0.45686472089455543
145.84584584584584,0.44995693958279276
145.92592592592592,0.4409960450879493
146.006006006006,0.43418944793081354
146.08608608608608,0.4259653894734813
146.16616616616616,0.4198176874665844
146.24624624624624,0.41255453192212616
146.32632632632632,0.4064018061041346
146.4064064064064,0.3991287161353082
146.48648648648648,0.3922609723727821
146.56656656656656,0.3850954410471223
146.64664664664664,0.378846635512941
146.72672672672672,0.3728900112125838
146.8068068068068,0.3669827793910784
146.88688688688688,0.36127768030978935
146.96696696696696,0.3553017011888004
147.04704704704704,0.3498408141633514
147.12712712712712,0.34442663962635517
147.2072072072072,0.33961563447618537
147.28728728728728,0.33441407147696806
147.36736736736736,0.33008244800675396
147.44744744744744,0.3250304632999867
147.52752752752752,0.3209209819542386
147.6076076076076,0.3161448699147584
147.68768768768768,0.31247711455666927
147.76776776776777,0.3079546114479868
147.84784784784785,0.30439155301569537
147.92792792792793,0.30019859801714066
148.008008008008,0.29732773020194825
148.08808808808809,0.2937306798173923
148.16816816816817,0.2913858185973235
148.24824824824825,0.28823822007539895
148.32832832832833,0.28585867830391287
148.4084084084084,0.2825175499386519
148.48848848848849,0.2795426203196292
148.56856856856857,0.276552412281407
148.64864864864865,0.2744986635322536
148.72872872872873,0.2721302339880558
148.8088088088088,0.2697663746330812
148.88888888888889,0.26736798901564146
148.96896896896897,0.26555663738436874
149.04904904904905,0.26415772443509755
149.12912912912913,0.2629481446052344
149.2092092092092,0.26167616263641275
149.2892892892893,0.26018324721898617
149.36936936936937,0.258831855946121
149.44944944944945,0.257094401766752
149.52952952952953,0.25584988603137526
149.6096096096096,0.2548351018651521
149.6896896896897,0.254091594694041
149.76976976976977,0.25307302269625903
149.84984984984985,0.25205956686314185
149.92992992992993,0.2514732444279586
150.01001001001,0.2516280158837074
150.0900900900901,0.25172269015919263
150.17017017017017,0.25209629514878473
150.25025025025025,0.2517709283576422
150.33033033033033,0.2518588031466471
150.4104104104104,0.2518439984797319
150.4904904904905,0.2519968575478202
150.57057057057057,0.2523443645490417
150.65065065065065,0.25297630893935075
150.73073073073073,0.25378385252932123
150.8108108108108,0.2547883657862074
150.8908908908909,0.25560693647604316
150.97097097097097,0.2572316445842224
151.05105105105105,0.25885794763604136
151.13113113113113,0.26112303379348134
151.2112112112112,0.2628002680988553
151.2912912912913,0.2650125423187057
151.37137137137137,0.2670851556259552
151.45145145145145,0.26936705561771834
151.53153153153153,0.27177354775834134
151.6116116116116,0.2743584229585588
151.6916916916917,0.27721096143990853
151.77177177177177,0.2805452313252424
151.85185185185185,0.2844666413614385
151.93193193193193,0.28858353133729653
152.012012012012,0.29298690802694743
152.0920920920921,0.2973296443204118
152.17217217217217,0.30211047059039475
152.25225225225225,0.30651894565031296
152.33233233233233,0.3118914160291125
152.4124124124124,0.31702690437987446
152.4924924924925,0.32316613854629955
152.57257257257257,0.3288728408664398
152.65265265265265,0.33528999409276794
152.73273273273273,0.3412513665527535
152.8128128128128,0.347874001508522
152.8928928928929,0.35399753110179977
152.97297297297297,0.36144231498774726
153.05305305305305,0.36899214596508023
153.13313313313313,0.377569550845102
153.2132132132132,0.3846037966308148
153.2932932932933,0.39206889915125653
153.37337337337337,0.3992275185203308
153.45345345345345,0.408000214220624
153.53353353353353,0.41656685272913707
153.6136136136136,0.4257606676404203
153.6936936936937,0.4338649352162416
153.77377377377377,0.44248788321695337
153.85385385385385,0.4507520979987124
153.93393393393393,0.45961903207092536
154.014014014014,0.46911133420990375
154.0940940940941,0.478900346096696
154.17417417417417,0.4879657097008559
154.25425425425425,0.49649107514833773
154.33433433433433,0.5049549340936993
154.4144144144144,0.5137177232935481
154.4944944944945,0.5223599430569286
154.57457457457457,0.5307769797147697
154.65465465465465,0.5389712840191434
154.73473473473473,0.5472401575169006
154.8148148148148,0.556006096286109
154.8948948948949,0.5645168362709038
154.97497497497497,0.5734166562944273
155.05505505505505,0.5820818143057737
155.13513513513513,0.5900169053290119
155.2152152152152,0.5964857774512548
155.2952952952953,0.6032254637447781
155.37537537537537,0.6098260735849327
155.45545545545545,0.6174045867226733
155.53553553553553,0.6241622479827744
155.6156156156156,0.6306670081031782
155.6956956956957,0.6359872165626055
155.77577577577577,0.6416178375793062
155.85585585585585,0.6462901672467974
155.93593593593593,0.6512417390749828
156.016016016016,0.6546835918153084
156.0960960960961,0.6579234862521701
156.17617617617617,0.6596082829150334
156.25625625625625,0.6620217384234639
156.33633633633633,0.6634087457208104
156.4164164164164,0.6649263827460467
156.4964964964965,0.6644726331047663
156.57657657657657,0.6642810559110429
156.65665665665665,0.6623551960787164
156.73673673673673,0.6615761103500757
156.8168168168168,0.6596793537014538
156.8968968968969,0.657943992622379
156.97697697697697,0.654537784303087
157.05705705705705,0.650647976239757
157.13713713713713,0.6453860601029778
157.2172172172172,0.6402901078876359
157.2972972972973,0.6348270574740325
157.37737737737737,0.6294221307470691
157.45745745745745,0.6222022942371889
157.53753753753753,0.6154439747988523
157.6176176176176,0.6078783533414989
157.6976976976977,0.6011466896445536
157.77777777777777,0.5935931553269272
157.85785785785785,0.5856020760778758
157.93793793793793,0.5772944806359382
158.018018018018,0.5690406270482703
158.0980980980981,0.5610838840209681
158.17817817817817,0.5525997072940284
158.25825825825825,0.5442058065289072
158.33833833833833,0.5353115787194959
158.4184184184184,0.5264700273983627
158.4984984984985,0.5174287968663828
158.57857857857857,0.5086429980707643
158.65865865865865,0.49954686915090263
158.73873873873873,0.4912216512424481
158.8188188188188,0.48221645440752353
158.8988988988989,0.47358722491140887
158.97897897897897,0.4647010485003309
159.05905905905905,0.4567476761547902
159.13913913913913,0.4489656887187944
159.2192192192192,0.44109218891549423
159.2992992992993,0.43354735528174
159.37937937937937,0.42613099182506137
159.45945945945945,0.41946212112663206
159.53953953953953,0.41247432273903106
159.6196196196196,0.40547046799889574
159.6996996996997,0.398492507651217
159.77977977977977,0.39194803598614686
159.85985985985985,0.3857455648487981
159.93993993993993,0.37984645814994666
160.02002002002,0.37393795689353754
160.1001001001001,0.36852656829475333
160.18018018018017,0.36265821121296155
160.26026026026025,0.3575643076953432
160.34034034034033,0.35213194045692925
160.4204204204204,0.34721576808420324
160.5005005005005,0.34203732107559776
160.58058058058057,0.33673160440976313
160.66066066066065,0.3317529415309349
160.74074074074073,0.32709001472991284
160.8208208208208,0.322810455974974
160.9009009009009,0.3190306274177296
160.98098098098097,0.31550790945514673
161.06106106106105,0.31217361766211915
161.14114114114113,0.30859701286056873
161.2212212212212,0.3051869203100515
161.3013013013013,0.3020787393143981
161.38138138138137,0.2990403160881691
161.46146146146145,0.29616125782556013
161.54154154154153,0.29354519092737563
161.6216216216216,0.2912419488294242
161.7017017017017,0.28893447486508145
161.78178178178177,0.2866653607789292
161.86186186186185,0.28453691943766213
161.94194194194193,0.2824007259305563
162.022022022022,0.28079636389644314
162.1021021021021,0.27906553873878553
162.18218218218217,0.27756042029573286
162.26226226226225,0.2759586500310717
162.34234234234233,0.2746318575619351
162.42242242242241,0.27370946084252573
162.5025025025025,0.2729097611946929
162.58258258258257,0.2722502076975154
162.66266266266265,0.2715048669820055
162.74274274274273,0.27092827301969036
162.82282282282281,0.27060410313337774
162.9029029029029,0.27083573121240684
162.98298298298297,0.27150911002051925
163.06306306306305,0.272729137817973
163.14314314314313,0.27398120689191424
163.22322322322321,0.2754165187399388
163.3033033033033,0.2766628677781046
163.38338338338338,0.27811176697168466
163.46346346346346,0.2793063226038
163.54354354354354,0.2808593131367804
163.62362362362362,0.2820455502005427
163.7037037037037,0.2844278757818005
163.78378378378378,0.28674606458801627
163.86386386386386,0.2901126018937786
163.94394394394394,0.2929287914789116
164.02402402402402,0.2964865198853437
164.1041041041041,0.2997666691069072
164.18418418418418,0.30358251236263245
164.26426426426426,0.30718481217749166
164.34434434434434,0.3114443562099491
164.42442442442442,0.31526490032196486
164.5045045045045,0.3199496865132363
164.58458458458458,0.3244739971309629
164.66466466466466,0.329855185790883
164.74474474474474,0.3346587387068729
164.82482482482482,0.3403919427529158
164.9049049049049,0.3459770800374901
164.98498498498498,0.3519438549457042
165.06506506506506,0.35696498307574165
165.14514514514514,0.36222173956918974
165.22522522522522,0.36783112420356723
165.3053053053053,0.3740431268647676
165.38538538538538,0.3792416206844698
165.46546546546546,0.38466808513805584
165.54554554554554,0.39046402552014575
165.62562562562562,0.397538137283951
165.7057057057057,0.40415343125800723
165.78578578578578,0.41035914874129514
165.86586586586586,0.41649064868674857
165.94594594594594,0.4224360460977904
166.02602602602602,0.42899489787237827
166.1061061061061,0.43561664412436074
166.18618618618618,0.4427496989079817
166.26626626626626,0.4495917881962651
166.34634634634634,0.45637072213263075
166.42642642642642,0.46303033766515506
166.5065065065065,0.4704812230472244
166.58658658658658,0.4775014462755566
166.66666666666666,0.4851330180292945
166.74674674674674,0.49179502853862883
166.82682682682682,0.49972697123258575
166.9069069069069,0.506010208081038
166.98698698698698,0.5135083359913003
167.06706706706706,0.5198765948325107
167.14714714714714,0.5280085946725697
167.22722722722722,0.5344576493084439
167.3073073073073,0.5421261816968668
167.38738738738738,0.5487260229002388
167.46746746746746,0.5574198430447178
167.54754754754754,0.5645448759053235
167.62762762762762,0.5726199058604974
167.7077077077077,0.5789496977713378
167.78778778778778,0.5870410087357252
167.86786786786786,0.594159262925569
167.94794794794794,0.6023531458963662
168.02802802802802,0.6089751015900482
168.1081081081081,0.6163061174910341
168.18818818818818,0.6230373025053505
168.26826826826826,0.6308070493660806
168.34834834834834,0.6374172762590042
168.42842842842842,0.6441321229690422
168.5085085085085,0.6496926466064462
168.58858858858858,0.6553678617547749
168.66866866866866,0.660054565432458
168.74874874874874,0.6653779226048405
168.82882882882882,0.6708644056276319
168.9089089089089,0.6765479106810611
168.98898898898898,0.6813338810488067
169.06906906906906,0.6844820467526168
169.14914914914914,0.6872204287336056
169.22922922922922,0.6892718740391354
169.3093093093093,0.6918941760766646
169.38938938938938,0.6927406626317503
169.46946946946946,0.6935955712115748
169.54954954954954,0.6935374113802821
169.62962962962962,0.6944392995614623
169.7097097097097,0.6935927927505573
169.78978978978978,0.6927639824101725
169.86986986986986,0.6900470664488128
169.94994994994994,0.68792386235302
170.03003003003002,0.683898608239743
170.1101101101101,0.6801907887089363
170.19019019019018,0.6752257958281533
170.27027027027026,0.6708709828435426
170.35035035035034,0.6650920122816721
170.43043043043042,0.65938087061403
170.5105105105105,0.6521096078276809
170.59059059059058,0.6455130136615864
170.67067067067066,0.6379896510997322
170.75075075075074,0.6310100843821661
170.83083083083082,0.6231009418072222
170.9109109109109,0.6150944822574616
170.99099099099098,0.6064402087464037
171.07107107107106,0.5981659982460512
171.15115115115114,0.5897677329152666
171.23123123123122,0.5812870669687374
171.3113113113113,0.5724214636175757
171.39139139139138,0.5634026317819525
171.47147147147146,0.5543796614520083
171.55155155155154,0.5453104576079075
171.63163163163162,0.536202202641791
171.7117117117117,0.5273714561943724
171.79179179179178,0.5185858242568674
171.87187187187186,0.5097043808007844
171.95195195195194,0.5011972262904056
172.03203203203202,0.49314105088807836
172.11211211211213,0.48556514432445474
172.19219219219218,0.47749182922253885
172.2722722722723,0.46947539822211565
172.35235235235234,0.4613813373073704
172.43243243243245,0.4537924833709059
172.5125125125125,0.44588845529814447
172.5925925925926,0.438566469505205
172.67267267267266,0.43162155129328555
172.75275275275277,0.42512602613324263
172.83283283283282,0.41820345159130023
172.91291291291293,0.41168095021291484
172.99299299299298,0.4054581063951763
173.0730730730731,0.39941816206650976
173.15315315315314,0.39296965551840835
173.23323323323325,0.3869685997468708
173.3133133133133,0.3814327519545359
173.3933933933934,0.37645261744838204
173.47347347347346,0.3713188073264941
173.55355355355357,0.3665149109949123
173.63363363363362,0.361924556114689
173.71371371371373,0.358118483747352
173.79379379379378,0.35435412558473406
173.8738738738739,0.3507364890008168
173.95395395395394,0.3472721144605886
174.03403403403405,0.3441675782755619
174.1141141141141,0.3407495491900094
174.1941941941942,0.33709754770756534
174.27427427427426,0.33377346718193085
174.35435435435437,0.33117635063408574
174.43443443443442,0.3288741012241982
174.51451451451453,0.326829697420017
174.59459459459458,0.32484506535180846
174.6746746746747,0.32333235026670754
174.75475475475474,0.32192241693118956
174.83483483483485,0.3206064833339483
174.9149149149149,0.31926556321831634
174.994994994995,0.31822107780013426
175.07507507507506,0.31737744369168
175.15515515515517,0.31661299323181347
175.23523523523522,0.3165163043458013
175.31531531531533,0.3168034661316473
175.39539539539538,0.3177379569531272
175.4754754754755,0.31869460917157905
175.55555555555554,0.3197627633612904
175.63563563563565,0.32052671784717984
175.7157157157157,0.32137307066950227
175.7957957957958,0.32250852397233104
175.87587587587586,0.3239040014298486
175.95595595595597,0.32566232423291774
176.03603603603602,0.327724556530925
176.11611611611613,0.3297507810178452
176.19619619619618,0.3321101952898252
176.2762762762763,0.3347332609673388
176.35635635635634,0.3378026660021795
176.43643643643645,0.3408789507816864
176.5165165165165,0.3437479788969845
176.5965965965966,0.34620901899826473
176.67667667667666,0.3489947891803166
176.75675675675677,0.3523804575066134
176.83683683683682,0.3559331565993149
176.91691691691693,0.35940226257803376
176.99699699699698,0.36296513936032543
177.0770770770771,0.3666427152890206
177.15715715715714,0.3704858733258535
177.23723723723725,0.37432594125942836
177.3173173173173,0.37805325498574127
177.3973973973974,0.3813375796030853
177.47747747747746,0.38458408803628963
177.55755755755757,0.38778987636467643
177.63763763763762,0.39119327310976226
177.71771771771773,0.3948962893820589
177.79779779779778,0.39864576858736245
177.8778778778779,0.40227322867483195
177.95795795795794,0.4060009479750918
178.03803803803805,0.4101592764508832
178.1181181181181,0.41422673782932573
178.1981981981982,0.4180209168998417
178.27827827827826,0.4217873724196245
178.35835835835837,0.4259383023288112
178.43843843843842,0.4305814969576007
178.51851851851853,0.43499939217369704
178.59859859859858,0.43885379372354705
178.6786786786787,0.44270584381216843
178.75875875875874,0.44703779346186096
178.83883883883885,0.45185443364435934
178.9189189189189,0.45706473658394625
178.998998998999,0.46238002244896836
179.07907907907907,0.46762894755490786
179.15915915915917,0.4726498813622126
179.23923923923923,0.4772973257366159
179.31931931931933,0.48212586620264997
179.39939939939939,0.48760740089223564
179.4794794794795,0.4938756291614956
179.55955955955955,0.49988833666368965
179.63963963963965,0.5052402806355799
179.7197197197197,0.5105986865055735
179.7997997997998,0.5168514536323939
179.87987987987987,0.5238214447465415
179.95995995995997,0.5308679801564357
180.04004004004003,0.5373796252597495
180.12012012012013,0.5438249187531016
180.2002002002002,0.5503360167661755
180.2802802802803,0.5570901713734477
180.36036036036035,0.5638813456998409
180.44044044044045,0.5709048684693073
180.5205205205205,0.5778870437391903
180.60060060060061,0.5847786326419157
180.68068068068067,0.5918487828479255
180.76076076076077,0.5990878851236423
180.84084084084083,0.6067220137428131
180.92092092092093,0.6147570451444011
181.001001001001,0.6223521746825631
181.0810810810811,0.6292353780439669
181.16116116116115,0.6356625720352387
181.24124124124126,0.642577718201996
181.3213213213213,0.6499020435497539
181.40140140140142,0.6574327693016133
181.48148148148147,0.6641541130974631
181.56156156156158,0.6701569661978228
181.64164164164163,0.6757828549943483
181.72172172172174,0.6810354697295617
181.8018018018018,0.6861160744028307
181.8818818818819,0.6910154062393387
181.96196196196195,0.6959064448683631
182.04204204204206,0.6999663390621722
182.1221221221221,0.7035324041339861
182.20220220220222,0.706869123789508
182.28228228228227,0.7098941293644756
182.36236236236238,0.7121407161290738
182.44244244244243,0.7135321679333998
182.52252252252254,0.7144602026758975
182.6026026026026,0.7151503078834567
182.6826826826827,0.7152274031241758
182.76276276276275,0.7144562999208582
182.84284284284286,0.7128705190872535
182.9229229229229,0.7109404188811708
183.00300300300302,0.708508554423628
183.08308308308307,0.7059306757944916
183.16316316316318,0.7027778266674823
183.24324324324323,0.6992441906272971
183.32332332332334,0.6947310203617861
183.4034034034034,0.6897435332864307
183.4834834834835,0.6841609367500872
183.56356356356355,0.6784316219208086
183.64364364364366,0.6721444895914309
183.7237237237237,0.6651297208135862
183.80380380380382,0.6578821166524258
183.88388388388387,0.6507535475979075
183.96396396396398,0.6433149782657912
184.04404404404403,0.6352511639932975
184.12412412412414,0.62693947984984
184.2042042042042,0.6184840694232314
184.2842842842843,0.6097603840371153
184.36436436436435,0.6009303879285202
184.44444444444446,0.592686718128824
184.5245245245245,0.5846034861404524
184.60460460460462,0.5766347837489807
184.68468468468467,0.5680367854589791
184.76476476476478,0.5592820700334805
184.84484484484483,0.5503573165617068
184.92492492492494,0.5419834292538477
185.005005005005,0.5338074805809033
185.0850850850851,0.5259037895507958
185.16516516516515,0.5177970104496744
185.24524524524526,0.5095995294397548
185.3253253253253,0.5015505527751648
185.40540540540542,0.49434355345282033
185.48548548548547,0.4873215368725813
185.56556556556558,0.480385415308408
185.64564564564563,0.4734269789999833
185.72572572572574,0.46668016281921837
185.8058058058058,0.46029943407366747
185.8858858858859,0.4540927830196688
185.96596596596595,0.4481189370302225
186.04604604604606,0.44227051728815125
186.1261261261261,0.436975357165651
186.20620620620622,0.43196455190293764
186.28628628628627,0.42738362895525034
186.36636636636638,0.4230803974203795
186.44644644644643,0.41919066543878375
186.52652652652654,0.41514409170244193
186.6066066066066,0.41101357128013155
186.6866866866867,0.40725665684060064
186.76676676676675,0.4039539514389614
186.84684684684686,0.4013394069764772
186.9269269269269,0.39906305483022597
187.00700700700702,0.396648427297853
187.08708708708707,0.39406602354521497
187.16716716716718,0.391855126701956
187.24724724724723,0.39030464968087786
187.32732732732734,0.38918506552673315
187.4074074074074,0.388114533522732
187.4874874874875,0.3872706910873669
187.56756756756755,0.3864530724597449
187.64764764764766,0.3858088629737927
187.7277277277277,0.3851337807206795
187.80780780780782,0.3850168770749372
187.88788788788787,0.3852989139789034
187.96796796796798,0.3856287020507058
188.04804804804803,0.38577441065204127
188.12812812812814,0.38600284358153164
188.2082082082082,0.38647812179376784
188.2882882882883,0.3871217783369552
188.36836836836835,0.38741614145262293
188.44844844844846,0.38810519528967097
188.5285285285285,0.3887817138678345
188.60860860860862,0.38988318411161266
188.68868868868867,0.3910174134672404
188.76876876876878,0.39198985895072425
188.84884884884883,0.3933988562440283
188.92892892892894,0.39432872929010454
189.009009009009,0.3952078005808574
189.0890890890891,0.39542629843581206
189.16916916916915,0.3961299480586493
189.24924924924926,0.397202635137267
189.3293293293293,0.39873185987790716
189.40940940940942,0.40035453832737133
189.48948948948947,0.40153848530099934
189.56956956956958,0.4025158415302065
189.64964964964963,0.4037584294498603
189.72972972972974,0.40492398081803793
189.8098098098098,0.4062232001293822
189.8898898898899,0.4071884938236274
189.96996996996995,0.4085225661463684
190.05005005005006,0.40982216016365547
190.1301301301301,0.41077451351213123
190.21021021021022,0.41179298548777504
190.29029029029027,0.4131085015782138
190.37037037037038,0.41540677397690484
190.45045045045043,0.41767619499022823
190.53053053053054,0.4196067778503694
190.6106106106106,0.42114629518382396
190.6906906906907,0.4225674540394839
190.77077077077075,0.4243941335093118
190.85085085085086,0.42635111720400926
190.9309309309309,0.428627067380463
191.01101101101102,0.43124002816813334
191.09109109109107,0.43384741501001856
191.17117117117118,0.436698024524933
191.25125125125123,0.43870297616079384
191.33133133133134,0.44145513897627553
191.41141141141142,0.4443604045878411
191.4914914914915,0.44792272185950066
191.57157157157158,0.45120879218186705
191.65165165165166,0.45444481270919235
191.73173173173174,0.4578118303057869
191.81181181181182,0.46208212857987774
191.8918918918919,0.46656767135081556
191.97197197197198,0.4711182654981928
192.05205205205206,0.4746647721962335
192.13213213213214,0.4785704795691432
192.21221221221222,0.48272784744214053
192.2922922922923,0.48823237403755176
192.37237237237238,0.4935631477314196
192.45245245245246,0.49884322951666366
192.53253253253254,0.5033044332391188
192.61261261261262,0.5083481618355267
192.6926926926927,0.5136615282333229
192.77277277277278,0.5194627007918233
192.85285285285286,0.5256970404272981
192.93293293293294,0.5323331951582532
193.01301301301302,0.5390252101517223
193.0930930930931,0.5452870933412668
193.17317317317318,0.5515997349556305
193.25325325325326,0.5582667250524319
193.33333333333334,0.5653825005303748
193.41341341341342,0.5722090750088806
193.4934934934935,0.5790466082317762
193.57357357357358,0.5861669938086203
193.65365365365366,0.5936342399281195
193.73373373373374,0.6008906147700847
193.81381381381382,0.607650060884508
193.8938938938939,0.6144741696051091
193.97397397397398,0.6215759988112269
194.05405405405406,0.6294437345218751
194.13413413413414,0.6370055494720518
194.21421421421422,0.6442730336021484
194.2942942942943,0.6511359838813036
194.37437437437438,0.6582657726473916
194.45445445445446,0.6654464485484844
194.53453453453454,0.672563252266736
194.61461461461462,0.6792274660184275
194.6946946946947,0.6857979294688457
194.77477477477478,0.6915675850533916
194.85485485485486,0.6970730184759278
194.93493493493494,0.702140332080429
195.01501501501502,0.7075007158834045
195.0950950950951,0.7128080740219241
195.17517517517518,0.7171257308262808
195.25525525525526,0.7203522779785672
195.33533533533534,0.7233714164392
195.41541541541542,0.7264827878797876
195.4954954954955,0.7290813946948058
195.57557557557558,0.7309579458248011
195.65565565565566,0.7322544942324267
195.73573573573574,0.7333754575101757
195.81581581581582,0.7338303335026701
195.8958958958959,0.7336602161933717
195.97597597597598,0.7326417517479714
196.05605605605606,0.7316358537764062
196.13613613613614,0.7299940685829739
196.21621621621622,0.7282644872323898
196.2962962962963,0.7253541623634113
196.37637637637638,0.7224538955175454
196.45645645645646,0.7181341728452535
196.53653653653654,0.7139841757287628
196.61661661661662,0.7084726810820509
196.6966966966967,0.7034288235713068
196.77677677677679,0.6976149717080783
196.85685685685687,0.6925580707070323
196.93693693693695,0.6863269867644647
197.01701701701703,0.6799306801595228
197.0970970970971,0.6726844134075024
197.17717717717719,0.6653608630718386
197.25725725725727,0.6579577305997989
197.33733733733735,0.6506044984122575
197.41741741741743,0.6436568461167946
197.4974974974975,0.6364945778325815
197.57757757757759,0.6290126414606421
197.65765765765767,0.6215487508513956
197.73773773773775,0.6140877459570027
197.81781781781783,0.6070062239247481
197.8978978978979,0.5999500073655326
197.977977977978,0.5926996152513808
198.05805805805807,0.5850401229981604
198.13813813813815,0.5774465658019099
198.21821821821823,0.5704581358113854
198.2982982982983,0.5643868209313525
198.3783783783784,0.5579723875574795
198.45845845845847,0.552036129556289
198.53853853853855,0.5457511250704782
198.61861861861863,0.5400364311619784
198.6986986986987,0.534312434365532
198.7787787787788,0.5290619582131891
198.85885885885887,0.5241742447464539
198.93893893893895,0.5191836120918345
199.01901901901903,0.5143748025093584
199.0990990990991,0.5100855340468735
199.1791791791792,0.5058827233322886
199.25925925925927,0.5022350125870085
199.33933933933935,0.49814476309531835
199.41941941941943,0.4948500889937374
199.4994994994995,0.49116083552584144
199.5795795795796,0.48820965601714256
199.65965965965967,0.4848715311097574
199.73973973973975,0.48237793161731674
199.81981981981983,0.4794747094765767
199.8998998998999,0.4768553969073548
199.97997997998,0.47363070942953767
200.06006006006007,0.4714689519879362
200.14014014014015,0.4694435470162297
200.22022022022023,0.46760149585662764
200.3003003003003,0.4649485382944755
200.3803803803804,0.46256318568933047
200.46046046046047,0.46045877943799374
200.54054054054055,0.4590604764107519
200.62062062062063,0.4575366432525344
200.7007007007007,0.45588431158450027
200.7807807807808,0.4537074838237308
200.86086086086087,0.4514900472156501
200.94094094094095,0.44958315331452703
201.02102102102103,0.4478859677930122
201.1011011011011,0.44629172003723616
201.1811811811812,0.44421674150233675
201.26126126126127,0.4423098728291488
201.34134134134135,0.44059498833710564
201.42142142142143,0.4388723963330722
201.5015015015015,0.4369531506309079
201.5815815815816,0.4353503086209204
201.66166166166167,0.4341153258049199
201.74174174174175,0.4325936372006238
201.82182182182183,0.43066264663636705
201.9019019019019,0.4293166296974013
201.981981981982,0.4284507578506317
202.06206206206207,0.42805824052091357
202.14214214214215,0.4266717541635685
202.22222222222223,0.4259292263819404
202.3023023023023,0.42438663885564337
202.3823823823824,0.4244766133874059
202.46246246246247,0.4234719123334929
202.54254254254255,0.42354964466209477
202.62262262262263,0.4229574259253882
202.7027027027027,0.4226019604896871
202.7827827827828,0.4221811800433388
202.86286286286287,0.42218238940017605
202.94294294294295,0.42156021503245916
203.02302302302303,0.42181292960668565
203.1031031031031,0.42183812312043373
203.1831831831832,0.42301301850369355
203.26326326326327,0.42338992121201724
203.34334334334335,0.4243421914469661
203.42342342342343,0.42501389737229633
203.5035035035035,0.4260017108770741
203.5835835835836,0.4272204038254996
203.66366366366367,0.428797914844429
203.74374374374375,0.42981364531217503
203.82382382382383,0.43155541849583773
203.9039039039039,0.4329105451671533
203.983983983984,0.43554994488114657
204.06406406406407,0.4375591708064937
204.14414414414415,0.4403974687062825
204.22422422422423,0.44230150996451106
204.3043043043043,0.44500675800684764
204.3843843843844,0.4475266252408058
204.46446446446447,0.45043999766894804
204.54454454454455,0.45298011606890604
204.62462462462463,0.45639675408951763
204.7047047047047,0.46002481601099865
204.7847847847848,0.4642514757720248
204.86486486486487,0.4677163464253936
204.94494494494495,0.4713469720887949
205.02502502502503,0.47460485378498446
205.1051051051051,0.47915320634149533
205.1851851851852,0.4834121050054452
205.26526526526527,0.48794864569825297
205.34534534534535,0.49268915983244527
205.42542542542543,0.4973363743797162
205.5055055055055,0.5026497653654883
205.5855855855856,0.50782265306262
205.66566566566567,0.51382168171648
205.74574574574575,0.5191616850800524
205.82582582582583,0.5252795837248747
205.9059059059059,0.5305422772124075
205.985985985986,0.5370197188309838
206.06606606606607,0.5429901186801789
206.14614614614615,0.5498425525108906
206.22622622622623,0.5554297437395882
206.3063063063063,0.5633970994424021
206.3863863863864,0.5699145505785195
206.46646646646647,0.5786311443573516
206.54654654654655,0.5848284894503796
206.62662662662663,0.5937325133329524
206.7067067067067,0.5993118298755016
206.7867867867868,0.6076009947724785
206.86686686686687,0.6134053989754634
206.94694694694695,0.6219809629451861
207.02702702702703,0.62886697694124
207.1071071071071,0.6383576848942543
207.1871871871872,0.645140098256728
207.26726726726727,0.653057409112167
207.34734734734735,0.6601072391070337
207.42742742742743,0.6688969770698946
207.5075075075075,0.6764639045943289
207.5875875875876,0.6837473974170436
207.66766766766767,0.6896076311959775
207.74774774774775,0.6970526933698586
207.82782782782783,0.7037955187848957
207.9079079079079,0.7112622769249533
207.987987987988,0.7163128366588807
208.06806806806807,0.7226730729280587
208.14814814814815,0.7278759889733356
208.22822822822823,0.7344085504551413
208.3083083083083,0.7401683796044689
208.3883883883884,0.7455146418790095
208.46846846846847,0.7502719889031235
208.54854854854855,0.7533447078265951
208.62862862862863,0.7568484786710483
208.7087087087087,0.7584307368301594
208.7887887887888,0.7620240150886896
208.86886886886887,0.7637664928731974
208.94894894894895,0.7657054295433634
209.02902902902903,0.7650571579040545
209.1091091091091,0.7658375424075212
209.1891891891892,0.7659723857906595
209.26926926926927,0.7670485108885141
209.34934934934935,0.7649112088196893
209.42942942942943,0.7640896078241853
209.5095095095095,0.7613349528614131
209.5895895895896,0.7606071709733022
209.66966966966967,0.7556410648611364
209.74974974974975,0.7525837904785906
209.82982982982983,0.7477370038472638
209.9099099099099,0.7451355441142862
209.98998998999,0.7407413506737112
210.07007007007007,0.7367634225695585
210.15015015015015,0.7315626000487245
210.23023023023023,0.7273185839214109
210.3103103103103,0.721688678288699
210.3903903903904,0.7159846472216973
210.47047047047047,0.7092518387882888
210.55055055055055,0.704537168184225
210.63063063063063,0.6985772914329796
210.7107107107107,0.6930046439504859
210.7907907907908,0.6865319903244473
210.87087087087087,0.6803917781830062
210.95095095095095,0.6740188716182157
211.03103103103103,0.6678651596607018
211.11111111111111,0.6622885016100539
211.1911911911912,0.6562945681867418
211.27127127127127,0.6513188903109133
211.35135135135135,0.644692442845175
211.43143143143143,0.6381550650701203
211.51151151151151,0.6312766920543221
211.5915915915916,0.6257890913913334
211.67167167167167,0.6194957083974336
211.75175175175175,0.61371948294553
211.83183183183183,0.607085117923586
211.91191191191191,0.6030367624792569
211.991991991992,0.5960272266217793
212.07207207207207,0.5912455272647342
212.15215215215215,0.5825884829551301
212.23223223223223,0.578688580709963
212.31231231231232,0.5720819958106905
212.3923923923924,0.5680730340006724
212.47247247247248,0.561300887759367
212.55255255255256,0.556561705836541
212.63263263263264,0.550382539292346
212.71271271271272,0.5464018614979309
212.7927927927928,0.5397935711868478
212.87287287287288,0.5351505308026555
212.95295295295296,0.5289937262754885
213.03303303303304,0.5259821510538036
213.11311311311312,0.5207010325503578
213.1931931931932,0.5160226647338892
213.27327327327328,0.5102304392266221
213.35335335335336,0.5047534734405829
213.43343343343344,0.4989998013962404
213.51351351351352,0.49367687106191915
213.5935935935936,0.48967260174740934
213.67367367367368,0.48696005874696524
213.75375375375376,0.4829149540305582
213.83383383383384,0.478742091721392
213.91391391391392,0.47369010486470126
213.993993993994,0.4701917118392497
214.07407407407408,0.4666958069942113
214.15415415415416,0.4626995509508451
214.23423423423424,0.4594246899838742
214.31431431431432,0.45612294498720996
214.3943943943944,0.45304672158219234
214.47447447447448,0.4498817245203628
214.55455455455456,0.4461753020117025
214.63463463463464,0.44320967813249335
214.71471471471472,0.4409549630518029
214.7947947947948,0.43892092828905954
214.87487487487488,0.4367898289197648
214.95495495495496,0.4336205882211861
215.03503503503504,0.4323013763665441
215.11511511511512,0.42979289601186094
215.1951951951952,0.428913815473803
215.27527527527528,0.42632793695490845
215.35535535535536,0.42540953583966146
215.43543543543544,0.4230601679881942
215.51551551551552,0.42213095229173
215.5955955955956,0.4208986176712586
215.67567567567568,0.4213949107367459
215.75575575575576,0.4207481493459087
215.83583583583584,0.4208382462763699
215.91591591591592,0.4193149733094637
215.995995995996,0.4204193883891199
216.07607607607608,0.4207904438157403
216.15615615615616,0.4226682345570123
216.23623623623624,0.422684129465278
216.31631631631632,0.42326344820759526
216.3963963963964,0.4230408261549703
216.47647647647648,0.42419519348757445
216.55655655655656,0.4251775713308134
216.63663663663664,0.4271350760279549
216.71671671671672,0.4275536834576699
216.7967967967968,0.4296719836095793
216.87687687687688,0.43064882497063606
216.95695695695696,0.43387319374803524
217.03703703703704,0.4357533358139188
217.11711711711712,0.43906187488349063
217.1971971971972,0.44052761581008176
217.27727727727728,0.4428192021712368
217.35735735735736,0.44491925940417754
217.43743743743744,0.44853190586194097
217.51751751751752,0.4515856470663398
217.5975975975976,0.4546439739269984
217.67767767767768,0.45643362039431257
217.75775775775776,0.460210260696461
217.83783783783784,0.46290592448583606
217.91791791791792,0.46822712985126236
217.997997997998,0.47177755286545353
218.07807807807808,0.4776140656938852
218.15815815815816,0.48122560160835914
218.23823823823824,0.4862532489800143
218.31831831831832,0.49043697688797006
218.3983983983984,0.4959493357604444
218.47847847847848,0.5011174934547135
218.55855855855856,0.5072173032804943
218.63863863863864,0.5117186631152609
218.71871871871872,0.518084989359718
218.7987987987988,0.5240407957980883
218.87887887887888,0.5317691525514503
218.95895895895896,0.5375280275840084
219.03903903903904,0.5435885549717372
219.11911911911912,0.5487945947045232
219.1991991991992,0.5563406380409912
219.27927927927928,0.5656936472246581
219.35935935935936,0.5743815628190667
219.43943943943944,0.5805681952027916
219.51951951951952,0.5858462613242421
219.5995995995996,0.5900658190295208
219.67967967967968,0.5989472037150639
219.75975975975976,0.6067395035132712
219.83983983983984,0.6179286173501057
219.91991991991992,0.6257820029431618
220.0,0.6351998288891825
