freq,trans
140.0,0.6690566789155933
140.08008008008008,0.672079281654402
140.16016016016016,0.6745268024243914
140.24024024024024,0.6801647831318371
140.32032032032032,0.6854222653128266
140.4004004004004,0.6925495111769717
140.48048048048048,0.6990133163951926
140.56056056056056,0.7053258478638725
140.64064064064064,0.7115819848854685
140.72072072072072,0.71786691613758
140.8008008008008,0.7252590344197258
140.88088088088088,0.7318564450549451
140.96096096096096,0.7391046635515947
141.04104104104104,0.7458398920320773
141.12112112112112,0.7528243659802799
141.2012012012012,0.7593653771285905
141.28128128128128,0.7659704393768889
141.36136136136136,0.772275121346538
141.44144144144144,0.7800650357666501
141.52152152152152,0.7879042784205597
141.6016016016016,0.796105373252726
141.68168168168168,0.8022792342986103
141.76176176176176,0.8091392416167569
141.84184184184184,0.8151592986901858
141.92192192192192,0.8228279199654683
142.002002002002,0.8292878549969578
142.08208208208208,0.8362024623000318
142.16216216216216,0.8416618630170096
142.24224224224224,0.8478043006371234
142.32232232232232,0.8534439933165842
142.4024024024024,0.860014932904652
142.48248248248248,0.8650352806588519
142.56256256256256,0.8705825005338146
142.64264264264264,0.8739230491922046
142.72272272272272,0.8786585458358598
142.8028028028028,0.8811620491134
142.88288288288288,0.8859094562007874
142.96296296296296,0.8877294550503114
143.04304304304304,0.891285215731686
143.12312312312312,0.891776157009666
143.2032032032032,0.8950580445856412
143.28328328328328,0.8956274150403598
143.36336336336336,0.8976837247718535
143.44344344344344,0.896714915253294
143.52352352352352,0.897387206064977
143.6036036036036,0.89634007337812
143.68368368368368,0.8962053101772111
143.76376376376376,0.8935537647337279
143.84384384384384,0.891424099448102
143.92392392392392,0.8880464567711817
144.004004004004,0.8856175866228485
144.08408408408408,0.8819853515901709
144.16416416416416,0.8784484402013816
144.24424424424424,0.8743539246780399
144.32432432432432,0.86967221602777
144.4044044044044,0.865566906251983
144.48448448448448,0.8597893318391293
144.56456456456456,0.855070981613683
144.64464464464464,0.8483942999046291
144.72472472472472,0.8433829229371379
144.8048048048048,0.8358420615898792
144.88488488488488,0.8306540272498452
144.96496496496496,0.8233958503579631
145.04504504504504,0.8187277811783542
145.12512512512512,0.8113130723942483
145.2052052052052,0.8060528522307405
145.28528528528528,0.7980660775009514
145.36536536536536,0.7919869969075463
145.44544544544544,0.784158206569762
145.52552552552552,0.7788661499525783
145.6056056056056,0.7716474093604226
145.68568568568568,0.7657377926332539
145.76576576576576,0.7580642977159302
145.84584584584584,0.7519060906674023
145.92592592592592,0.7447433289632184
146.006006006006,0.7385167326691524
146.08608608608608,0.7319386985271586
146.16616616616616,0.7266282135232894
146.24624624624624,0.7207401060644937
146.32632632632632,0.7152518157452521
146.4064064064064,0.7088414249036078
146.48648648648648,0.7031165470489409
146.56656656656656,0.6970276428058331
146.64664664664664,0.6914908702848025
146.72672672672672,0.686217837766649
146.8068068068068,0.6806597664966895
146.88688688688688,0.6756220175200671
146.96696696696696,0.6703108695491313
147.04704704704704,0.6656734735970185
147.12712712712712,0.6609460708748631
147.2072072072072,0.6565640930152999
147.28728728728728,0.6523802533965241
147.36736736736736,0.6481134569397834
147.44744744744744,0.6438704596236924
147.52752752752752,0.6399779687431975
147.6076076076076,0.6359235713187543
147.68768768768768,0.6325788452979093
147.76776776776777,0.6279988831191929
147.84784784784785,0.6244951793152079
147.92792792792793,0.6206880538639384
148.008008008008,0.6180933642141623
148.08808808808809,0.6151105884836097
148.16816816816817,0.6126356049051003
148.24824824824825,0.6099111722376053
148.32832832832833,0.6075737433352354
148.4084084084084,0.6047584170779874
148.48848848848849,0.6026578822283561
148.56856856856857,0.6003063206750665
148.64864864864865,0.5983246542881767
148.72872872872873,0.5955699853434718
148.8088088088088,0.5931524228628355
148.88888888888889,0.5910523065314626
148.96896896896897,0.5893845063739803
149.04904904904905,0.5883338380074734
149.12912912912913,0.586977472195553
149.2092092092092,0.5862035374287258
149.2892892892893,0.5848149322455372
149.36936936936937,0.5839809946367129
149.44944944944945,0.582827617965868
149.52952952952953,0.5819682097711633
149.6096096096096,0.5813673828877776
149.6896896896897,0.5808486251411094
149.76976976976977,0.5799792915241432
149.84984984984985,0.5791535062032251
149.92992992992993,0.5786262843193026
150.01001001001,0.5791569070335222
150.0900900900901,0.579808385583221
150.17017017017017,0.5805263285648309
150.25025025025025,0.5807510149392536
150.33033033033033,0.581075155066973
150.4104104104104,0.5816750433979041
150.4904904904905,0.5827538680254499
150.57057057057057,0.5837326071181054
150.65065065065065,0.5849842695546729
150.73073073073073,0.5855839710101434
150.8108108108108,0.586702242428512
150.8908908908909,0.5877203515183005
150.97097097097097,0.5896402092897992
151.05105105105105,0.5918042250810496
151.13113113113113,0.5941672977018594
151.2112112112112,0.5961218537573011
151.2912912912913,0.5982361841999898
151.37137137137137,0.6004722397469359
151.45145145145145,0.6034302919638918
151.53153153153153,0.6063194661320397
151.6116116116116,0.6095786394451213
151.6916916916917,0.6123964096459537
151.77177177177177,0.6154436988497776
151.85185185185185,0.6189020885595643
151.93193193193193,0.6228494740284634
152.012012012012,0.6274542032218572
152.0920920920921,0.6315566466512622
152.17217217217217,0.6357971640702346
152.25225225225225,0.6398031031809547
152.33233233233233,0.6446241011382627
152.4124124124124,0.6496448001859316
152.4924924924925,0.6547903884553934
152.57257257257257,0.659625979534196
152.65265265265265,0.6645896226363166
152.73273273273273,0.6695905461673906
152.8128128128128,0.675301502233566
152.8928928928929,0.6808979982592126
152.97297297297297,0.6873988699135746
153.05305305305305,0.693872670719969
153.13313313313313,0.7007391269630869
153.2132132132132,0.7066818911960613
153.2932932932933,0.7129252042700746
153.37337337337337,0.7187368759597785
153.45345345345345,0.7257361201432635
153.53353353353353,0.7322394430647358
153.6136136136136,0.7391231870984074
153.6936936936937,0.7454011279398338
153.77377377377377,0.7521600956663513
153.85385385385385,0.7590542769115619
153.93393393393393,0.7658812775540441
154.014014014014,0.7725085722615236
154.0940940940941,0.7791244532984616
154.17417417417417,0.7857008364415764
154.25425425425425,0.7925746477802693
154.33433433433433,0.7993204201962094
154.4144144144144,0.8061105184824647
154.4944944944945,0.8125982176292597
154.57457457457457,0.8189492175883444
154.65465465465465,0.8250776280615287
154.73473473473473,0.831149454218752
154.8148148148148,0.8374898657349261
154.8948948948949,0.84384409734793
154.97497497497497,0.8503165693936703
155.05505505505505,0.856210201863356
155.13513513513513,0.8615220880327225
155.2152152152152,0.8663592093936737
155.2952952952953,0.8715694161512563
155.37537537537537,0.8767243472641285
155.45545545545545,0.8818363381385018
155.53553553553553,0.8863025164180136
155.6156156156156,0.8903941163461339
155.6956956956957,0.8941571062611804
155.77577577577577,0.8978669964734491
155.85585585585585,0.9008775313476923
155.93593593593593,0.9039834966703798
156.016016016016,0.9068861222575559
156.0960960960961,0.9099717605534202
156.17617617617617,0.911476539651992
156.25625625625625,0.9126897566372819
156.33633633633633,0.9129574283353051
156.4164164164164,0.9138251615236278
156.4964964964965,0.9136707955296837
156.57657657657657,0.9133476896488186
156.65665665665665,0.9121557266403303
156.73673673673673,0.911517668312889
156.8168168168168,0.9099742118909185
156.8968968968969,0.9081269314337665
156.97697697697697,0.9051478120008185
157.05705705705705,0.9021227913069266
157.13713713713713,0.8984360456760918
157.2172172172172,0.8946935128932776
157.2972972972973,0.8904395474783569
157.37737737737737,0.8861404917654364
157.45745745745745,0.8814373720880103
157.53753753753753,0.8767200240645097
157.6176176176176,0.870986938066511
157.6976976976977,0.8653880391937662
157.77777777777777,0.8592120160191583
157.85785785785785,0.8534545258716421
157.93793793793793,0.8469693455655235
158.018018018018,0.840566324716692
158.0980980980981,0.8339221787721257
158.17817817817817,0.8272851802524629
158.25825825825825,0.8210618165503623
158.33833833833833,0.8143691050107676
158.4184184184184,0.8077728790393094
158.4984984984985,0.8006926359493619
158.57857857857857,0.7941118772814045
158.65865865865865,0.7874291284006244
158.73873873873873,0.7813298951202178
158.8188188188188,0.7747282146852855
158.8988988988989,0.7681282111528992
158.97897897897897,0.7614874463887917
159.05905905905905,0.7555537974215842
159.13913913913913,0.7493919247816871
159.2192192192192,0.7432432366618607
159.2992992992993,0.736535992768537
159.37937937937937,0.7305645774184143
159.45945945945945,0.7246969854690384
159.53953953953953,0.7192226338862767
159.6196196196196,0.7134096985495785
159.6996996996997,0.7076265377752023
159.77977977977977,0.7020797269812626
159.85985985985985,0.6964808518011925
159.93993993993993,0.691196599161464
160.02002002002,0.6858941327850581
160.1001001001001,0.681067224957529
160.18018018018017,0.6765284330870182
160.26026026026025,0.672355733050004
160.34034034034033,0.6682163951881035
160.4204204204204,0.6640999438891264
160.5005005005005,0.6597097248440509
160.58058058058057,0.6557231845805042
160.66066066066065,0.651510086262369
160.74074074074073,0.648048981712497
160.8208208208208,0.6440690084846297
160.9009009009009,0.6408062412222917
160.98098098098097,0.6373031360700578
161.06106106106105,0.6343152007047986
161.14114114114113,0.6312599886167825
161.2212212212212,0.6283541862903202
161.3013013013013,0.6254511097182995
161.38138138138137,0.6224486149137959
161.46146146146145,0.6197506549326718
161.54154154154153,0.6174932002197885
161.6216216216216,0.6153628020676037
161.7017017017017,0.613721398132145
161.78178178178177,0.611565208615823
161.86186186186185,0.6099001627633791
161.94194194194193,0.6078955653947732
162.022022022022,0.6063979571669408
162.1021021021021,0.605053482210929
162.18218218218217,0.6041109005928172
162.26226226226225,0.603316628072103
162.34234234234233,0.6024327300052371
162.42242242242241,0.6016180993826002
162.5025025025025,0.6010669683337974
162.58258258258257,0.600307938976964
162.66266266266265,0.5997757419776806
162.74274274274273,0.5991373351278328
162.82282282282281,0.5990849719709204
162.9029029029029,0.599207221390764
162.98298298298297,0.5996549816661219
163.06306306306305,0.6004582774333447
163.14314314314313,0.6013275771225456
163.22322322322321,0.6026047309254932
163.3033033033033,0.603613779099839
163.38338338338338,0.6048587449309595
163.46346346346346,0.6060561771372763
163.54354354354354,0.6076149488242957
163.62362362362362,0.6091554363691667
163.7037037037037,0.6109210210895585
163.78378378378378,0.612691928609602
163.86386386386386,0.6153766308564007
163.94394394394394,0.6180106111839095
164.02402402402402,0.6211433090721393
164.1041041041041,0.623752243110004
164.18418418418418,0.6271168644853
164.26426426426426,0.6296811999040256
164.34434434434434,0.6329814664505058
164.42442442442442,0.6356780882173819
164.5045045045045,0.6395259347157015
164.58458458458458,0.6430068622127557
164.66466466466466,0.6474059480013681
164.74474474474474,0.6510838069438989
164.82482482482482,0.6552865356348307
164.9049049049049,0.6593809150819879
164.98498498498498,0.6640551033773864
165.06506506506506,0.6681835140835094
165.14514514514514,0.673028800203934
165.22522522522522,0.6773645704221634
165.3053053053053,0.6822987102319359
165.38538538538538,0.6863649024078907
165.46546546546546,0.6914934711579458
165.54554554554554,0.6964678440393396
165.62562562562562,0.7017962884352776
165.7057057057057,0.706590210836666
165.78578578578578,0.7110128984548629
165.86586586586586,0.7159776180298204
165.94594594594594,0.7207870265185039
166.02602602602602,0.7258504857868642
166.1061061061061,0.7308183861054148
166.18618618618618,0.7362038882126579
166.26626626626626,0.7418219983727846
166.34634634634634,0.7474254557684493
166.42642642642642,0.7529359193480116
166.5065065065065,0.7587260403902036
166.58658658658658,0.7641846845240208
166.66666666666666,0.7704465640396212
166.74674674674674,0.7757924881349066
166.82682682682682,0.7822124072851495
166.9069069069069,0.7877397044545227
166.98698698698698,0.7942920017923284
167.06706706706706,0.799696046403056
167.14714714714714,0.8060933726017704
167.22722722722722,0.8113576820220175
167.3073073073073,0.817623855770153
167.38738738738738,0.8229049650217997
167.46746746746746,0.8295462147554211
167.54754754754754,0.8348354660730298
167.62762762762762,0.8413731965450377
167.7077077077077,0.8464436410002062
167.78778778778778,0.8526085790835723
167.86786786786786,0.8576912681989665
167.94794794794794,0.8638611597704884
168.02802802802802,0.8687515705266428
168.1081081081081,0.8743547643256506
168.18818818818818,0.8793236971672703
168.26826826826826,0.8852868267951338
168.34834834834834,0.8904685350138769
168.42842842842842,0.8956440252817667
168.5085085085085,0.8996087978400797
168.58858858858858,0.9036914450473934
168.66866866866866,0.9073499529793927
168.74874874874874,0.911169881116916
168.82882882882882,0.9146062016131344
168.9089089089089,0.9181076396716824
168.98898898898898,0.9211656629164261
169.06906906906906,0.9233216218984486
169.14914914914914,0.9252022353936701
169.22922922922922,0.9264864491112099
169.3093093093093,0.9281157804056597
169.38938938938938,0.9288064903722478
169.46946946946946,0.9296149499268495
169.54954954954954,0.9297483600756915
169.62962962962962,0.9300981189768861
169.7097097097097,0.9291640401304901
169.78978978978978,0.9281033123172785
169.86986986986986,0.9259149461737705
169.94994994994994,0.9240729738545247
170.03003003003002,0.9209881944395029
170.1101101101101,0.9182245724240937
170.19019019019018,0.9145505176924913
170.27027027027026,0.9111182558966775
170.35035035035034,0.9068783496383164
170.43043043043042,0.9027780844029029
170.5105105105105,0.8977163289389467
170.59059059059058,0.8930503595980583
170.67067067067066,0.8878510069591624
170.75075075075074,0.8826789325054482
170.83083083083082,0.8765526063229139
170.9109109109109,0.8705680828084947
170.99099099099098,0.8642907752498648
171.07107107107106,0.8584866228420353
171.15115115115114,0.8522650462826319
171.23123123123122,0.8460238030000825
171.3113113113113,0.839740070633075
171.39139139139138,0.8336810059131611
171.47147147147146,0.8273866220234003
171.55155155155154,0.8205905865702621
171.63163163163162,0.8136119774719566
171.7117117117117,0.80678573177747
171.79179179179178,0.8002295297323498
171.87187187187186,0.7935598341955203
171.95195195195194,0.787083492203601
172.03203203203202,0.7807302170741485
172.11211211211213,0.774645562465714
172.19219219219218,0.7683378474466279
172.2722722722723,0.7622352188751024
172.35235235235234,0.7561435751218987
172.43243243243245,0.7504837681255656
172.5125125125125,0.7446454017429058
172.5925925925926,0.7391803931891555
172.67267267267266,0.7336013608040046
172.75275275275277,0.728132171173286
172.83283283283282,0.7225909271716116
172.91291291291293,0.7173256035290353
172.99299299299298,0.7121421290414653
173.0730730730731,0.70731733444539
173.15315315315314,0.7025667542865116
173.23323323323325,0.6981920004966947
173.3133133133133,0.6938279352096827
173.3933933933934,0.6893015254851611
173.47347347347346,0.6846534745668419
173.55355355355357,0.6804128752198031
173.63363363363362,0.6768039450409947
173.71371371371373,0.6734500495364523
173.79379379379378,0.6701639554391494
173.8738738738739,0.6668312000840654
173.95395395395394,0.6637200883832126
174.03403403403405,0.6607970569414402
174.1141141141141,0.6577245897599043
174.1941941941942,0.6543787963704574
174.27427427427426,0.65136883866468
174.35435435435437,0.6488780199456886
174.43443443443442,0.6469212317095581
174.51451451451453,0.644902569295626
174.59459459459458,0.6430371360462783
174.6746746746747,0.6413057481051908
174.75475475475474,0.6397719035858417
174.83483483483485,0.6384038765015168
174.9149149149149,0.6370544162195123
174.994994994995,0.6358467194675252
175.07507507507506,0.6348870339957552
175.15515515515517,0.6338935677425478
175.23523523523522,0.633269198857483
175.31531531531533,0.6331580334339997
175.39539539539538,0.6337292330452393
175.4754754754755,0.6341193066372827
175.55555555555554,0.6343569499890961
175.63563563563565,0.6343698664045153
175.7157157157157,0.6347281990635897
175.7957957957958,0.6354818193156918
175.87587587587586,0.6364410601300351
175.95595595595597,0.637416179290905
176.03603603603602,0.6384431043638529
176.11611611611613,0.6396052303481456
176.19619619619618,0.6410115103527398
176.2762762762763,0.6427661518190686
176.35635635635634,0.6449462401454313
176.43643643643645,0.6470703682239842
176.5165165165165,0.6489688045872196
176.5965965965966,0.6504595659883217
176.67667667667666,0.652100979488175
176.75675675675677,0.6540195893477947
176.83683683683682,0.656233790193371
176.91691691691693,0.6583054838577185
176.99699699699698,0.6606217035216926
177.0770770770771,0.6634491149361434
177.15715715715714,0.6664878865177042
177.23723723723725,0.6695342715773641
177.3173173173173,0.6722161860510879
177.3973973973974,0.6747446733226053
177.47747747747746,0.6773047230845938
177.55755755755757,0.6799268740946988
177.63763763763762,0.6825787170923798
177.71771771771773,0.6853089529937558
177.79779779779778,0.6884030784801339
177.8778778778779,0.6916345771002428
177.95795795795794,0.6947624993492397
178.03803803803805,0.6978360532333984
178.1181181181181,0.7009498655148128
178.1981981981982,0.7045324724855342
178.27827827827826,0.7082722353096376
178.35835835835837,0.7122915659363585
178.43843843843842,0.7159619510777199
178.51851851851853,0.7195243595825053
178.59859859859858,0.7230853144625261
178.6786786786787,0.7268002148862363
178.75875875875874,0.7306984240636103
178.83883883883885,0.7346201819321596
178.9189189189189,0.7389082706885313
178.998998998999,0.7435149002786322
179.07907907907907,0.7481712886627659
179.15915915915917,0.7526580165688395
179.23923923923923,0.7572187569735165
179.31931931931933,0.7622116129909623
179.39939939939939,0.767253397282787
179.4794794794795,0.7720737315398717
179.55955955955955,0.7766427905140671
179.63963963963965,0.7813178687334346
179.7197197197197,0.7865536007670724
179.7997997997998,0.7922298603734257
179.87987987987987,0.7978117653714429
179.95995995995997,0.80315712172453
180.04004004004003,0.8084747635553068
180.12012012012013,0.8139467721862991
180.2002002002002,0.8194142304616848
180.2802802802803,0.8247871266742227
180.36036036036035,0.8300955643040563
180.44044044044045,0.8355968121776376
180.5205205205205,0.8412366053482065
180.60060060060061,0.846741376486412
180.68068068068067,0.8522436408431956
180.76076076076077,0.8579305583817994
180.84084084084083,0.8637334965353097
180.92092092092093,0.8694697275933067
181.001001001001,0.8748694768139653
181.0810810810811,0.8800185640800958
181.16116116116115,0.8849895819586033
181.24124124124126,0.890093339366611
181.3213213213213,0.89530431158456
181.40140140140142,0.9002811735620483
181.48148148148147,0.9047791647995335
181.56156156156158,0.9090980341717813
181.64164164164163,0.9133750001913441
181.72172172172174,0.9175539787657597
181.8018018018018,0.9214326526751928
181.8818818818819,0.9249332996988477
181.96196196196195,0.928145473563832
182.04204204204206,0.9309221272316363
182.1221221221221,0.93339758337337
182.20220220220222,0.9355474513264155
182.28228228228227,0.9372263856574727
182.36236236236238,0.9382248815440987
182.44244244244243,0.938834734354022
182.52252252252254,0.9393993020805894
182.6026026026026,0.9398902179039591
182.6826826826827,0.9398731246071234
182.76276276276275,0.9392206652324666
182.84284284284286,0.9380872248455197
182.9229229229229,0.9366090320562273
183.00300300300302,0.9346447733346696
183.08308308308307,0.9322296625413692
183.16316316316318,0.9295076663186046
183.24324324324323,0.9267294471703375
183.32332332332334,0.9236821386401403
183.4034034034034,0.920391920050731
183.4834834834835,0.9166276884255194
183.56356356356355,0.9124324819586789
183.64364364364366,0.9077577469520883
183.7237237237237,0.9028589439961594
183.80380380380382,0.8979544164136627
183.88388388388387,0.892800561948734
183.96396396396398,0.8872931947002747
184.04404404404403,0.8814568632186293
184.12412412412414,0.875486344279524
184.2042042042042,0.8695443541190517
184.2842842842843,0.8636461855753249
184.36436436436435,0.8576168876272551
184.44444444444446,0.8515851515608096
184.5245245245245,0.845282931013969
184.60460460460462,0.8390395935781961
184.68468468468467,0.83270979033474
184.76476476476478,0.8264183510766965
184.84484484484483,0.8200930046014988
184.92492492492494,0.8139717772146848
185.005005005005,0.8079700646174934
185.0850850850851,0.8019911453752349
185.16516516516515,0.7958392469537555
185.24524524524526,0.7897401625311209
185.3253253253253,0.783752919261539
185.40540540540542,0.7783605225719438
185.48548548548547,0.7728462194758406
185.56556556556558,0.7673810121241983
185.64564564564563,0.761814132466114
185.72572572572574,0.7566110242756797
185.8058058058058,0.7515872669737207
185.8858858858859,0.746579226313535
185.96596596596595,0.7418018438791574
186.04604604604606,0.7372268430877993
186.1261261261261,0.7329282955609698
186.20620620620622,0.7285911515595339
186.28628628628627,0.7244022405045707
186.36636636636638,0.7205982681026752
186.44644644644643,0.7171763601768149
186.52652652652654,0.7138001654223675
186.6066066066066,0.7104451378261434
186.6866866866867,0.7070969584706015
186.76676676676675,0.7039248689595304
186.84684684684686,0.7009177005234145
186.9269269269269,0.6982919316444847
187.00700700700702,0.695536431661024
187.08708708708707,0.6927071159385504
187.16716716716718,0.6902211102363245
187.24724724724723,0.6882034322294482
187.32732732732734,0.6867015338729091
187.4074074074074,0.6852546787768858
187.4874874874875,0.6838115611853663
187.56756756756755,0.6822906174553656
187.64764764764766,0.6808791709560621
187.7277277277277,0.6797635994188124
187.80780780780782,0.6787178174742505
187.88788788788787,0.6777688271211797
187.96796796796798,0.6769541998951939
188.04804804804803,0.6763039767243522
188.12812812812814,0.6760500628646391
188.2082082082082,0.6758317634481908
188.2882882882883,0.6757465981520976
188.36836836836835,0.6755341970352023
188.44844844844846,0.6754858546704454
188.5285285285285,0.6753219126624425
188.60860860860862,0.675058197388708
188.68868868868867,0.6750539233718467
188.76876876876878,0.6754139489970874
188.84884884884883,0.6761401827741088
188.92892892892894,0.6768564313264691
189.009009009009,0.6772569701306327
189.0890890890891,0.6777261715178621
189.16916916916915,0.6780445686485483
189.24924924924926,0.6786888530988455
189.3293293293293,0.6792266542744944
189.40940940940942,0.680025485716026
189.48948948948947,0.6808900326546584
189.56956956956958,0.6819672884760691
189.64964964964963,0.6829864258375045
189.72972972972974,0.6838890771341672
189.8098098098098,0.6848173431091535
189.8898898898899,0.6862942762637404
189.96996996996995,0.6877480005356658
190.05005005005006,0.6892047759963841
190.1301301301301,0.6901188893788731
190.21021021021022,0.691429239655199
190.29029029029027,0.6930383486054801
190.37037037037038,0.6948287876031576
190.45045045045043,0.6964707264557006
190.53053053053054,0.6979815388033063
190.6106106106106,0.6996831721124288
190.6906906906907,0.7016314675940625
190.77077077077075,0.7035156870502279
190.85085085085086,0.7056660718107256
190.9309309309309,0.7080897976077176
191.01101101101102,0.7108555826590187
191.09109109109107,0.7133734294200295
191.17117117117118,0.7156003270232693
191.25125125125123,0.7180731821134387
191.33133133133134,0.7209858533147904
191.41141141141142,0.7243996072016681
191.4914914914915,0.7275190324833976
191.57157157157158,0.7305686868275109
191.65165165165166,0.7337622775373231
191.73173173173174,0.7376491969396322
191.81181181181182,0.7419001882066553
191.8918918918919,0.7460917122870894
191.97197197197198,0.7498289064308576
192.05205205205206,0.7536675233434559
192.13213213213214,0.7573609290401948
192.21221221221222,0.761530007972911
192.2922922922923,0.7658235493919796
192.37237237237238,0.7705585662153707
192.45245245245246,0.7753487008973151
192.53253253253254,0.7802218961184105
192.61261261261262,0.7848480293828903
192.6926926926927,0.7894769635683518
192.77277277277278,0.794170557595914
192.85285285285286,0.7992865159969873
192.93293293293294,0.8044002917159944
193.01301301301302,0.8096655000285493
193.0930930930931,0.814997918507377
193.17317317317318,0.8205733177237009
193.25325325325326,0.8261334907241049
193.33333333333334,0.8316716005750198
193.41341341341342,0.8372234950765192
193.4934934934935,0.8427974075999496
193.57357357357358,0.8483383813969166
193.65365365365366,0.8535765960642582
193.73373373373374,0.8590516874109518
193.81381381381382,0.8645992018773944
193.8938938938939,0.8702441238074251
193.97397397397398,0.8755649447192617
194.05405405405406,0.8808862325146963
194.13413413413414,0.8860912829570337
194.21421421421422,0.8917940842574716
194.2942942942943,0.8971252118801308
194.37437437437438,0.9023920418185187
194.45445445445446,0.9070722036253732
194.53453453453454,0.9119305409278263
194.61461461461462,0.9163546210268283
194.6946946946947,0.9206859085669062
194.77477477477478,0.924859443439356
194.85485485485486,0.92891014469583
194.93493493493494,0.9325075787842998
195.01501501501502,0.9358133342811895
195.0950950950951,0.9388853779399969
195.17517517517518,0.9416531769306827
195.25525525525526,0.9440478069369936
195.33533533533534,0.9459936121159281
195.41541541541542,0.9477039937446731
195.4954954954955,0.948921685855029
195.57557557557558,0.9497915087878038
195.65565565565566,0.9502696842624292
195.73573573573574,0.9507420443728497
195.81581581581582,0.9508997159631554
195.8958958958959,0.9507168193927539
195.97597597597598,0.9496370064312682
196.05605605605606,0.9483590164325737
196.13613613613614,0.9463370854997433
196.21621621621622,0.9443769341795916
196.2962962962963,0.9418412760121914
196.37637637637638,0.9394328406113088
196.45645645645646,0.936156343721055
196.53653653653654,0.9327741266472348
196.61661661661662,0.9287207850821014
196.6966966966967,0.9247993656771601
196.77677677677679,0.9203979885087608
196.85685685685687,0.9161580929388757
196.93693693693695,0.9116417646317867
197.01701701701703,0.9070673198574829
197.0970970970971,0.9018389756651702
197.17717717717719,0.896331242041991
197.25725725725727,0.8907045255179695
197.33733733733735,0.8853339591007706
197.41741741741743,0.8799475217361167
197.4974974974975,0.874422542428695
197.57757757757759,0.8690206056196731
197.65765765765767,0.8634905817148256
197.73773773773775,0.8581025526164268
197.81781781781783,0.8524056307773851
197.8978978978979,0.8467841353732648
197.977977977978,0.8412253668166816
198.05805805805807,0.8358399699917034
198.13813813813815,0.8301550549964101
198.21821821821823,0.8244274151012655
198.2982982982983,0.8187103974498353
198.3783783783784,0.8138209918519237
198.45845845845847,0.8088679440318799
198.53853853853855,0.8043917414348196
198.61861861861863,0.7993089368470628
198.6986986986987,0.794726175803907
198.7787787787788,0.7902222167225039
198.85885885885887,0.7861385678451134
198.93893893893895,0.7817985909029345
199.01901901901903,0.7773486315609159
199.0990990990991,0.7732918156864996
199.1791791791792,0.7692119239333798
199.25925925925927,0.7656236892973066
199.33933933933935,0.7620856045114477
199.41941941941943,0.7589318777720779
199.4994994994995,0.7557278477184074
199.5795795795796,0.752614317342987
199.65965965965967,0.74958929013778
199.73973973973975,0.7469527701229401
199.81981981981983,0.7442157373459235
199.8998998998999,0.7414725443339877
199.97997997998,0.7382946356085083
200.06006006006007,0.7357241504632325
200.14014014014015,0.733106059580391
200.22022022022023,0.7309040549087169
200.3003003003003,0.7284079620511658
200.3803803803804,0.7262194027192446
200.46046046046047,0.7236997387571292
200.54054054054055,0.7215240566515164
200.62062062062063,0.7194465732480245
200.7007007007007,0.7180357234259753
200.7807807807808,0.7160732745838515
200.86086086086087,0.7142225640838492
200.94094094094095,0.712171089523438
201.02102102102103,0.7110134175745417
201.1011011011011,0.7095558012978854
201.1811811811812,0.7080712359963336
201.26126126126127,0.7063714377631668
201.34134134134135,0.7048186064506557
201.42142142142143,0.7034576071068761
201.5015015015015,0.702461586109875
201.5815815815816,0.7014235720772044
201.66166166166167,0.7005852379912914
201.74174174174175,0.6992483318192659
201.82182182182183,0.6980406831336751
201.9019019019019,0.6968319216836955
201.981981981982,0.6960873483891046
202.06206206206207,0.6959401168585909
202.14214214214215,0.6953020022588488
202.22222222222223,0.6948636277611961
202.3023023023023,0.6939197967912493
202.3823823823824,0.6934888892274141
202.46246246246247,0.6932459437208253
202.54254254254255,0.6931563149999459
202.62262262262263,0.6936143850717471
202.7027027027027,0.6939238688929348
202.7827827827828,0.6941950006738682
202.86286286286287,0.6942643005847451
202.94294294294295,0.6943695681884099
203.02302302302303,0.695014530319983
203.1031031031031,0.6958082324819445
203.1831831831832,0.6965648233459287
203.26326326326327,0.6975380384594722
203.34334334334335,0.6985057847835602
203.42342342342343,0.6999599758844829
203.5035035035035,0.7017501511866544
203.5835835835836,0.7030695328126293
203.66366366366367,0.7047649541926152
203.74374374374375,0.7060737168473509
203.82382382382383,0.7080597624417778
203.9039039039039,0.7100029746982461
203.983983983984,0.7122886288351453
204.06406406406407,0.7145284341285649
204.14414414414415,0.7168761960684241
204.22422422422423,0.719145950046866
204.3043043043043,0.7216281700552936
204.3843843843844,0.7241733617006044
204.46446446446447,0.7273160696092228
204.54454454454455,0.7300173250530988
204.62462462462463,0.733342748653765
204.7047047047047,0.7366825394483119
204.7847847847848,0.7407370783168737
204.86486486486487,0.7439517594435753
204.94494494494495,0.7477752868934442
205.02502502502503,0.7512600723568431
205.1051051051051,0.755178438647707
205.1851851851852,0.758627917385215
205.26526526526527,0.7626810022400062
205.34534534534535,0.7671810416374206
205.42542542542543,0.7717686162413961
205.5055055055055,0.7765184722882498
205.5855855855856,0.7808092800460169
205.66566566566567,0.7858771920997165
205.74574574574575,0.7904636821144453
205.82582582582583,0.7956446860100244
205.9059059059059,0.8004867838371473
205.985985985986,0.8058663273158561
206.06606606606607,0.8102290693764601
206.14614614614615,0.8155262479088969
206.22622622622623,0.8207601096024897
206.3063063063063,0.8276408613220602
206.3863863863864,0.8329964022698141
206.46646646646647,0.8393975344525435
206.54654654654655,0.844157414907113
206.62662662662663,0.8503756289789081
206.7067067067067,0.8548934323599061
206.7867867867868,0.8614917335551827
206.86686686686687,0.8667728288915717
206.94694694694695,0.8736095805368447
207.02702702702703,0.8781459699553087
207.1071071071071,0.8843478145805255
207.1871871871872,0.8897397869272562
207.26726726726727,0.8959358297232838
207.34734734734735,0.9003120814766586
207.42742742742743,0.9057543122738649
207.5075075075075,0.9111136919169663
207.5875875875876,0.9169566983117833
207.66766766766767,0.9212971893452964
207.74774774774775,0.9256697523429458
207.82782782782783,0.9303104831596618
207.9079079079079,0.9351525320658493
207.987987987988,0.939251518323284
208.06806806806807,0.9430010274643335
208.14814814814815,0.9465940878015977
208.22822822822823,0.9500782514283599
208.3083083083083,0.9530435822123184
208.3883883883884,0.955447625899178
208.46846846846847,0.9578515625469923
208.54854854854855,0.9596273563291169
208.62862862862863,0.961906941892602
208.7087087087087,0.9630441458039138
208.7887887887888,0.964448132160413
208.86886886886887,0.9645786672428794
208.94894894894895,0.9647863022366355
209.02902902902903,0.963405501938678
209.1091091091091,0.9625317078350667
209.1891891891892,0.9615388180724229
209.26926926926927,0.9610168768975558
209.34934934934935,0.9593770444687092
209.42942942942943,0.9581697476187085
209.5095095095095,0.9558921122201884
209.5895895895896,0.9537788277090021
209.66966966966967,0.9498537417859809
209.74974974974975,0.947032493856955
209.82982982982983,0.9431575305679419
209.9099099099099,0.9403325580609231
209.98998998999,0.9359222665188024
210.07007007007007,0.9324964313297976
210.15015015015015,0.9283873262590755
210.23023023023023,0.9244061035995342
210.3103103103103,0.919438369327278
210.3903903903904,0.9140051919210953
210.47047047047047,0.9091249350607462
210.55055055055055,0.9044900921953244
210.63063063063063,0.900175063489633
210.7107107107107,0.8952800110418103
210.7907907907908,0.8900379465965333
210.87087087087087,0.8851866595622154
210.95095095095095,0.8797802081188905
211.03103103103103,0.8746028814878131
211.11111111111111,0.8697184015043748
211.1911911911912,0.8651351387726148
211.27127127127127,0.8613894041573311
211.35135135135135,0.8562051701213158
211.43143143143143,0.851503919304167
211.51151151151151,0.8456779102801286
211.5915915915916,0.8414748299869154
211.67167167167167,0.8364134293276217
211.75175175175175,0.8318632200410696
211.83183183183183,0.8266672866173169
211.91191191191191,0.8230508691577767
211.991991991992,0.8183713371271423
212.07207207207207,0.814217282530584
212.15215215215215,0.8085539819503291
212.23223223223223,0.8042408840189711
212.31231231231232,0.7992128655577668
212.3923923923924,0.7956765262659322
212.47247247247248,0.7907341807763772
212.55255255255256,0.7875834310126556
212.63263263263264,0.7830563626267335
212.71271271271272,0.779688285251037
212.7927927927928,0.7743690092021331
212.87287287287288,0.770496943576172
212.95295295295296,0.7662182689902556
213.03303303303304,0.7631891300009322
213.11311311311312,0.7596730680927531
213.1931931931932,0.7565020693623944
213.27327327327328,0.7529505953430733
213.35335335335336,0.7495192158960274
213.43343343343344,0.745361746695814
213.51351351351352,0.7417177189007192
213.5935935935936,0.7379984458725053
213.67367367367368,0.7357917210110612
213.75375375375376,0.7334752799363503
213.83383383383384,0.7305718698485493
213.91391391391392,0.7277454906522876
213.993993993994,0.7243421267680775
214.07407407407408,0.7219499063865348
214.15415415415416,0.7190200242698074
214.23423423423424,0.7168053951491133
214.31431431431432,0.7155073904014567
214.3943943943944,0.7137888290910301
214.47447447447448,0.7117885622197779
214.55455455455456,0.7089685568233791
214.63463463463464,0.7066271313492893
214.71471471471472,0.705443305937791
214.7947947947948,0.703939574066912
214.87487487487488,0.7029037499705026
214.95495495495496,0.7011170940661562
215.03503503503504,0.7001670780548096
215.11511511511512,0.6990183677076962
215.1951951951952,0.6981070226740299
215.27527527527528,0.6971856079639233
215.35535535535536,0.6968741767706039
215.43543543543544,0.6962894863736349
215.51551551551552,0.69643903527152
215.5955955955956,0.6955016907598941
215.67567567567568,0.6959090323380082
215.75575575575576,0.694900142489032
215.83583583583584,0.6958727438636069
215.91591591591592,0.6954462105714602
215.995995995996,0.6966597512717806
216.07607607607608,0.6967599333431391
216.15615615615616,0.6986543774197527
216.23623623623624,0.6991927714118225
216.31631631631632,0.7009554643079532
216.3963963963964,0.70100748209977
216.47647647647648,0.7032985473952185
216.55655655655656,0.7035342597942041
216.63663663663664,0.7059765354364443
216.71671671671672,0.7064948631836433
216.7967967967968,0.7090161563374974
216.87687687687688,0.7096740882422865
216.95695695695696,0.7119694311686312
217.03703703703704,0.7135324960763567
217.11711711711712,0.7167367591180805
217.1971971971972,0.7189552797874469
217.27727727727728,0.7220737554167409
217.35735735735736,0.7242671772437155
217.43743743743744,0.7281023176749047
217.51751751751752,0.7305830301610036
217.5975975975976,0.7343795362639608
217.67767767767768,0.7359458543195
217.75775775775776,0.7398617432508007
217.83783783783784,0.7429733859819772
217.91791791791792,0.7476022940369436
217.997997997998,0.7512407299209692
218.07807807807808,0.7554357147780622
218.15815815815816,0.7593783430555324
218.23823823823824,0.7634916915454937
218.31831831831832,0.7675975019850009
218.3983983983984,0.7723232146387338
218.47847847847848,0.7766012388346721
218.55855855855856,0.78151563494562
218.63863863863864,0.7858238384299844
218.71871871871872,0.7910702764332005
218.7987987987988,0.7955770840792186
218.87887887887888,0.8013492972168357
218.95895895895896,0.8067049386050231
219.03903903903904,0.8125471031185749
219.11911911911912,0.8173955593746015
219.1991991991992,0.8228015869126865
219.27927927927928,0.8285478156711956
219.35935935935936,0.8351252008453556
219.43943943943944,0.8407762776084624
219.51951951951952,0.8460415721270619
219.5995995995996,0.8514737626609437
219.67967967967968,0.8578174186084118
219.75975975975976,0.864636575842927
219.83983983983984,0.8705058255479775
219.91991991991992,0.877005364642542
220.0,0.8823686150632419
