freq,trans
140.0,0.6112419166766742
140.08008008008008,0.6173683474358844
140.16016016016016,0.6211759947433394
140.24024024024024,0.631208237571077
140.32032032032032,0.6395347665413843
140.4004004004004,0.6505353624275462
140.48048048048048,0.6579695518164522
140.56056056056056,0.6654334328679343
140.64064064064064,0.6681789918963612
140.72072072072072,0.6721007493217773
140.8008008008008,0.6752329437358616
140.88088088088088,0.6791839790791048
140.96096096096096,0.6802548615641646
141.04104104104104,0.6803928540050297
141.12112112112112,0.6780651422503057
141.2012012012012,0.6769362982259324
141.28128128128128,0.6721864466389538
141.36136136136136,0.6671194924447498
141.44144144144144,0.6603258171975104
141.52152152152152,0.6551177379942358
141.6016016016016,0.6475348708587573
141.68168168168168,0.6389457723716636
141.76176176176176,0.6292351511896302
141.84184184184184,0.6197364163439358
141.92192192192192,0.6102658514718772
142.002002002002,0.5985870271075449
142.08208208208208,0.5875850136017973
142.16216216216216,0.5753911920507188
142.24224224224224,0.5644750428469874
142.32232232232232,0.5520348949437688
142.4024024024024,0.5396070507027003
142.48248248248248,0.5264830651098436
142.56256256256256,0.5146319431481081
142.64264264264264,0.5009457542637074
142.72272272272272,0.48865872802822397
142.8028028028028,0.4748194306926193
142.88288288288288,0.46509475194878136
142.96296296296296,0.4532271155279946
143.04304304304304,0.44326316961891915
143.12312312312312,0.4300691097467639
143.2032032032032,0.42011410720744957
143.28328328328328,0.4087833186306533
143.36336336336336,0.3997494640667573
143.44344344344344,0.3885618525027452
143.52352352352352,0.37980730355423253
143.6036036036036,0.3699608134973449
143.68368368368368,0.3618439562009783
143.76376376376376,0.3519860741501706
143.84384384384384,0.3435998720032627
143.92392392392392,0.33432434498643604
144.004004004004,0.32674971277221637
144.08408408408408,0.3195748757894262
144.16416416416416,0.31321181611348087
144.24424424424424,0.30745953393310615
144.32432432432432,0.30080649861312825
144.4044044044044,0.29506582661224523
144.48448448448448,0.28847571074562445
144.56456456456456,0.2838799968414685
144.64464464464464,0.2788439611508039
144.72472472472472,0.2744335710761878
144.8048048048048,0.26888182355812107
144.88488488488488,0.26517803893770386
144.96496496496496,0.2612784374581553
145.04504504504504,0.25927642648129257
145.12512512512512,0.2551335213122504
145.2052052052052,0.2525218924154389
145.28528528528528,0.24863583415389753
145.36536536536536,0.24709217757046104
145.44544544544544,0.24429125349272662
145.52552552552552,0.24241987109083504
145.6056056056056,0.2394573644648843
145.68568568568568,0.23798909146205655
145.76576576576576,0.23573633214398912
145.84584584584584,0.2345525714802171
145.92592592592592,0.23324736630308218
146.006006006006,0.23293030277579435
146.08608608608608,0.23209220412438786
146.16616616616616,0.2312503499952369
146.24624624624624,0.23074588071939942
146.32632632632632,0.23051428535456772
146.4064064064064,0.23012724965214618
146.48648648648648,0.22924927092137223
146.56656656656656,0.22892571934661382
146.64664664664664,0.22936157842640392
146.72672672672672,0.23035561813881014
146.8068068068068,0.23058332331206557
146.88688688688688,0.23099486475539413
146.96696696696696,0.2309935559131467
147.04704704704704,0.2322746197121221
147.12712712712712,0.2330733175610214
147.2072072072072,0.23445402584081537
147.28728728728728,0.23569960403064696
147.36736736736736,0.23751854539842465
147.44744744744744,0.2390551834175448
147.52752752752752,0.24064288553131225
147.6076076076076,0.24234036176099635
147.68768768768768,0.2449879943186117
147.76776776776777,0.24685769679584493
147.84784784784785,0.24942616466046486
147.92792792792793,0.2510169932222196
148.008008008008,0.2544384312413037
148.08808808808809,0.2577100725622561
148.16816816816817,0.2618125068809192
148.24824824824825,0.2649186368127682
148.32832832832833,0.2682144690698595
148.4084084084084,0.2716652153629952
148.48848848848849,0.27552325193219435
148.56856856856857,0.2797643451089039
148.64864864864865,0.28394383415661667
148.72872872872873,0.2879289927002919
148.8088088088088,0.2921840997426966
148.88888888888889,0.2967358485573252
148.96896896896897,0.30239155397706363
149.04904904904905,0.30848117652139206
149.12912912912913,0.31452962741814045
149.2092092092092,0.32059975850039185
149.2892892892893,0.3259671050530527
149.36936936936937,0.3322143078927703
149.44944944944945,0.33805488427571073
149.52952952952953,0.3454461791229202
149.6096096096096,0.35297742008730126
149.6896896896897,0.36070111259463966
149.76976976976977,0.3680418452519503
149.84984984984985,0.3755452517877219
149.92992992992993,0.38383509195948196
150.01001001001,0.39304668177168034
150.0900900900901,0.4025333775438334
150.17017017017017,0.4125227130951688
150.25025025025025,0.42171401220036847
150.33033033033033,0.43190421909852
150.4104104104104,0.44173427842651936
150.4904904904905,0.45252636313268046
150.57057057057057,0.4628309255383212
150.65065065065065,0.473178800310177
150.73073073073073,0.48388947045378505
150.8108108108108,0.49537581693352534
150.8908908908909,0.507416997836246
150.97097097097097,0.5195263345878339
151.05105105105105,0.5317798738565058
151.13113113113113,0.5440641810926963
151.2112112112112,0.5560665616026946
151.2912912912913,0.568386814301032
151.37137137137137,0.581032807488769
151.45145145145145,0.5943495908094361
151.53153153153153,0.6072273141218835
151.6116116116116,0.619266834557766
151.6916916916917,0.631611166651276
151.77177177177177,0.6429499001960625
151.85185185185185,0.6549503870148129
151.93193193193193,0.6654227472246215
152.012012012012,0.6767514681134238
152.0920920920921,0.686212187259559
152.17217217217217,0.6957616530765094
152.25225225225225,0.7038633352239836
152.33233233233233,0.7125333125055904
152.4124124124124,0.719401349073324
152.4924924924925,0.7250238401787535
152.57257257257257,0.7286705633070248
152.65265265265265,0.7317801182183247
152.73273273273273,0.7334309241490268
152.8128128128128,0.7350279089626137
152.8928928928929,0.7350482469092601
152.97297297297297,0.7349927532189721
153.05305305305305,0.7326167477464725
153.13313313313313,0.7294857135377096
153.2132132132132,0.7252086073928613
153.2932932932933,0.7201828364361047
153.37337337337337,0.7146181400880751
153.45345345345345,0.7076374912461877
153.53353353353353,0.7004451704401204
153.6136136136136,0.6913629269795529
153.6936936936937,0.6821525818932598
153.77377377377377,0.671529143335429
153.85385385385385,0.6608611191123945
153.93393393393393,0.6492131875999925
154.014014014014,0.6382147745143021
154.0940940940941,0.6262647811589303
154.17417417417417,0.6152521340705414
154.25425425425425,0.6032180715814824
154.33433433433433,0.5920937077295678
154.4144144144144,0.5798365067160368
154.4944944944945,0.568519002867552
154.57457457457457,0.5558322338979522
154.65465465465465,0.5434910384340337
154.73473473473473,0.5313901681919841
154.8148148148148,0.5203440260554865
154.8948948948949,0.5099517562753646
154.97497497497497,0.49895466215011264
155.05505505505505,0.4877196700187531
155.13513513513513,0.4769331185286047
155.2152152152152,0.46650786704102837
155.2952952952953,0.4565513337489112
155.37537537537537,0.4462091885862994
155.45545545545545,0.43633782172592583
155.53553553553553,0.42691627555493067
155.6156156156156,0.41745667028553884
155.6956956956957,0.4088318371223079
155.77577577577577,0.3999488233721406
155.85585585585585,0.39167244553994546
155.93593593593593,0.38351286690511144
156.016016016016,0.3758662354259064
156.0960960960961,0.36837298345676994
156.17617617617617,0.3608362761101525
156.25625625625625,0.35373422497104684
156.33633633633633,0.3468649762368382
156.4164164164164,0.3401560115830153
156.4964964964965,0.33399241063247487
156.57657657657657,0.32769814193789804
156.65665665665665,0.3221190803291536
156.73673673673673,0.3163083750418047
156.8168168168168,0.3112394675919594
156.8968968968969,0.3061261716864177
156.97697697697697,0.3017649277855859
157.05705705705705,0.29746662562168075
157.13713713713713,0.29336795175796726
157.2172172172172,0.28896509714780794
157.2972972972973,0.2849251810051352
157.37737737737737,0.2811467321475047
157.45745745745745,0.2778543561983153
157.53753753753753,0.2748079387806102
157.6176176176176,0.27224186396289757
157.6976976976977,0.2701798135842923
157.77777777777777,0.2681683852862372
157.85785785785785,0.2660484706665374
157.93793793793793,0.2640640486337247
158.018018018018,0.2627994173905853
158.0980980980981,0.26178425615564416
158.17817817817817,0.2609277070753962
158.25825825825825,0.25973883632968114
158.33833833833833,0.25883631285750874
158.4184184184184,0.2581262551415722
158.4984984984985,0.2580457165144877
158.57857857857857,0.2576971442016463
158.65865865865865,0.25758502700035585
158.73873873873873,0.2577958243648827
158.8188188188188,0.25850777418397686
158.8988988988989,0.259210660841417
158.97897897897897,0.25981243528904907
159.05905905905905,0.26051636218437
159.13913913913913,0.2616085845981901
159.2192192192192,0.26291889395099477
159.2992992992993,0.2648344857000561
159.37937937937937,0.2668160405251828
159.45945945945945,0.26953408227411785
159.53953953953953,0.2719991210437217
159.6196196196196,0.274351165238478
159.6996996996997,0.2764522917638441
159.77977977977977,0.2788836792114978
159.85985985985985,0.28179138736605724
159.93993993993993,0.2851593794948512
160.02002002002,0.2888284045782023
160.1001001001001,0.2926170074159681
160.18018018018017,0.2962505551115252
160.26026026026025,0.29997180286067915
160.34034034034033,0.30361808745658936
160.4204204204204,0.3077410909257987
160.5005005005005,0.3125677580704456
160.58058058058057,0.31741037294142865
160.66066066066065,0.3226343614634211
160.74074074074073,0.3279517291576711
160.8208208208208,0.33392654501724717
160.9009009009009,0.33998499506079355
160.98098098098097,0.3461698585554002
161.06106106106105,0.35236975169339024
161.14114114114113,0.3592665715390988
161.2212212212212,0.36693430888184786
161.3013013013013,0.37488435773683154
161.38138138138137,0.38228298674665884
161.46146146146145,0.38946125716290275
161.54154154154153,0.3971627377492347
161.6216216216216,0.4052919964610254
161.7017017017017,0.413828891265147
161.78178178178177,0.42249604847547445
161.86186186186185,0.4320885930762084
161.94194194194193,0.4419523570462
162.022022022022,0.45239153680251887
162.1021021021021,0.46253447381832613
162.18218218218217,0.4732891849329647
162.26226226226225,0.4834931071586102
162.34234234234233,0.4944935892648861
162.42242242242241,0.505799946424843
162.5025025025025,0.5181757287098917
162.58258258258257,0.5304115679563093
162.66266266266265,0.5431484975286718
162.74274274274273,0.555445391271344
162.82282282282281,0.568873602081515
162.9029029029029,0.5818419698628702
162.98298298298297,0.5956645444511095
163.06306306306305,0.6086575160668025
163.14314314314313,0.6225746592846138
163.22322322322321,0.6357475947745617
163.3033033033033,0.6489368101677319
163.38338338338338,0.6610363172408106
163.46346346346346,0.6733949596366015
163.54354354354354,0.6850529265764279
163.62362362362362,0.6969005294465888
163.7037037037037,0.7080142944226288
163.78378378378378,0.7189290037269251
163.86386386386386,0.7291396782777201
163.94394394394394,0.7386741282409891
164.02402402402402,0.747484550646431
164.1041041041041,0.7553688857456585
164.18418418418418,0.7628701921804296
164.26426426426426,0.7692999526092933
164.34434434434434,0.7752683373860354
164.42442442442442,0.7796783742796026
164.5045045045045,0.7831071050992297
164.58458458458458,0.7847029166901127
164.66466466466466,0.785284662529728
164.74474474474474,0.7838355423104536
164.82482482482482,0.7823452951643912
164.9049049049049,0.7799182043556601
164.98498498498498,0.7768168047912397
165.06506506506506,0.7713579985267106
165.14514514514514,0.7657927308665458
165.22522522522522,0.7596321741122387
165.3053053053053,0.7534334750537504
165.38538538538538,0.7452869683328814
165.46546546546546,0.7365353702314994
165.54554554554554,0.7271011086237407
165.62562562562562,0.7175442971733148
165.7057057057057,0.7073469630097705
165.78578578578578,0.6958548996790903
165.86586586586586,0.6850863587892708
165.94594594594594,0.6744747839076892
166.02602602602602,0.6636715119003977
166.1061061061061,0.6529063966743979
166.18618618618618,0.6422535482382482
166.26626626626626,0.6316616332887393
166.34634634634634,0.6207683338601386
166.42642642642642,0.6092626300143011
166.5065065065065,0.5983295568045316
166.58658658658658,0.5871066436818715
166.66666666666666,0.577183326082229
166.74674674674674,0.5668296844008438
166.82682682682682,0.5578232589906468
166.9069069069069,0.547999879862947
166.98698698698698,0.5387484618395909
167.06706706706706,0.5287466786762194
167.14714714714714,0.519643460983826
167.22722722722722,0.5100445911816125
167.3073073073073,0.5013024999225699
167.38738738738738,0.492395064610033
167.46746746746746,0.4846820350941908
167.54754754754754,0.4764979308501418
167.62762762762762,0.4691907792408259
167.7077077077077,0.46135906200245125
167.78778778778778,0.45407309619306324
167.86786786786786,0.44682747644089843
167.94794794794794,0.4401818368178171
168.02802802802802,0.4336772614977019
168.1081081081081,0.427005452147642
168.18818818818818,0.4204686241036721
168.26826826826826,0.4142163512538657
168.34834834834834,0.40861904226595713
168.42842842842842,0.4031185632536048
168.5085085085085,0.39775716772963876
168.58858858858858,0.39224210518438196
168.66866866866866,0.38707920048254596
168.74874874874874,0.3813135670539861
168.82882882882882,0.3761817807382767
168.9089089089089,0.37067854674546763
168.98898898898898,0.36643217888219165
169.06906906906906,0.3616629464779914
169.14914914914914,0.35786562434944724
169.22922922922922,0.3533272134098227
169.3093093093093,0.3495075400315135
169.38938938938938,0.3450899358338025
169.46946946946946,0.34156555746031025
169.54954954954954,0.3377543670990262
169.62962962962962,0.3349137818596801
169.7097097097097,0.3312535038312277
169.78978978978978,0.3282611649563273
169.86986986986986,0.3247303555301469
169.94994994994994,0.32243647458691055
170.03003003003002,0.3201064226138658
170.1101101101101,0.3185140782504537
170.19019019019018,0.31660534687121544
170.27027027027026,0.3152409482205349
170.35035035035034,0.31398870207982205
170.43043043043042,0.31310672670145684
170.5105105105105,0.3119083575564071
170.59059059059058,0.3109247130137978
170.67067067067066,0.31010615327670565
170.75075075075074,0.30999749738475046
170.83083083083082,0.3101409850969842
170.9109109109109,0.31031121070585677
170.99099099099098,0.3104516342928291
171.07107107107106,0.3108611565166489
171.15115115115114,0.3116461431976338
171.23123123123122,0.31248184049701705
171.3113113113113,0.31387421406429394
171.39139139139138,0.3154413069614476
171.47147147147146,0.3173442276203978
171.55155155155154,0.3189130986064922
171.63163163163162,0.3207280605904734
171.7117117117117,0.32278830137565095
171.79179179179178,0.32581944428266263
171.87187187187186,0.32916516622812075
171.95195195195194,0.3331038704913019
172.03203203203202,0.33672916577258327
172.11211211211213,0.340853323695202
172.19219219219218,0.344298458407677
172.2722722722723,0.3485194601371167
172.35235235235234,0.3524723698484229
172.43243243243245,0.3573884793774653
172.5125125125125,0.36222169226452255
172.5925925925926,0.3681897499298632
172.67267267267266,0.3740659737054115
172.75275275275277,0.3802625180203536
172.83283283283282,0.38636340690177456
172.91291291291293,0.3931285348871656
172.99299299299298,0.3999285359670592
173.0730730730731,0.4072970734154634
173.15315315315314,0.41433516412526583
173.23323323323325,0.42199205091799075
173.3133133133133,0.42978067087788974
173.3933933933934,0.43890869979987046
173.47347347347346,0.4478809987185124
173.55355355355357,0.45716276037707837
173.63363363363362,0.46618683063522454
173.71371371371373,0.4762145095617472
173.79379379379378,0.48666165563443947
173.8738738738739,0.4973890218637832
173.95395395395394,0.5080152840560174
174.03403403403405,0.519340983196294
174.1141141141141,0.5306433182325044
174.1941941941942,0.542067432693754
174.27427427427426,0.5535657195146508
174.35435435435437,0.566097930854908
174.43443443443442,0.5787014766247436
174.51451451451453,0.5913680401251626
174.59459459459458,0.6038157097911413
174.6746746746747,0.6169001359490712
174.75475475475474,0.6302896978397082
174.83483483483485,0.6434239460000808
174.9149149149149,0.6562872002757101
174.994994994995,0.6690336085148288
175.07507507507506,0.6823635170114728
175.15515515515517,0.6952966851495982
175.23523523523522,0.7086185828830327
175.31531531531533,0.7217945547309778
175.39539539539538,0.7346537539697646
175.4754754754755,0.7457368066082652
175.55555555555554,0.7556914899115863
175.63563563563565,0.7646889817528911
175.7157157157157,0.7737942602907146
175.7957957957958,0.7826195529038638
175.87587587587586,0.7914632865547407
175.95595595595597,0.7993298645608059
176.03603603603602,0.8064878921229501
176.11611611611613,0.8115567114699132
176.19619619619618,0.8150518322456296
176.2762762762763,0.8173600966655226
176.35635635635634,0.8194531599136573
176.43643643643645,0.8200739478842628
176.5165165165165,0.8196440706610333
176.5965965965966,0.8181610347265784
176.67667667667666,0.816476190164517
176.75675675675677,0.8139181608056342
176.83683683683682,0.8101547049705032
176.91691691691693,0.8052094870972963
176.99699699699698,0.7996357835344274
177.0770770770771,0.7929453187652183
177.15715715715714,0.7852008462959505
177.23723723723725,0.7766708390345705
177.3173173173173,0.7682984760801205
177.3973973973974,0.7592174211904836
177.47747747747746,0.7497489433869565
177.55755755755757,0.7395506953040856
177.63763763763762,0.7293558606149912
177.71771771771773,0.7189028363888013
177.79779779779778,0.7085009848367556
177.8778778778779,0.6979431315341899
177.95795795795794,0.6871426399081224
178.03803803803805,0.6766446699322717
178.1181181181181,0.666123398880171
178.1981981981982,0.6560803960868531
178.27827827827826,0.6463979149676439
178.35835835835837,0.6367226846925377
178.43843843843842,0.6271565251726231
178.51851851851853,0.6177907296920244
178.59859859859858,0.6089230860509077
178.6786786786787,0.5999285499983286
178.75875875875874,0.590696854371608
178.83883883883885,0.5816398239292949
178.9189189189189,0.5726719024665342
178.998998998999,0.5642256441756741
179.07907907907907,0.5563186814772472
179.15915915915917,0.5489469014396415
179.23923923923923,0.541544167706123
179.31931931931933,0.5339711205487979
179.39939939939939,0.5268898064999477
179.4794794794795,0.5203692098003895
179.55955955955955,0.5137550960043076
179.63963963963965,0.5066015912916302
179.7197197197197,0.49994840823966874
179.7997997997998,0.4944079061059846
179.87987987987987,0.48937215632684455
179.95995995995997,0.4842945835271306
180.04004004004003,0.4792193749025583
180.12012012012013,0.47412110282883185
180.2002002002002,0.4689202999999582
180.2802802802803,0.4635917731470296
180.36036036036035,0.4583392050108119
180.44044044044045,0.4537135847733616
180.5205205205205,0.4494030509356708
180.60060060060061,0.4451116206434245
180.68068068068067,0.4408105127308426
180.76076076076077,0.4368509494875487
180.84084084084083,0.43349550759619937
180.92092092092093,0.43043962453638124
181.001001001001,0.42749987410889734
181.0810810810811,0.424234875972002
181.16116116116115,0.42080869476108473
181.24124124124126,0.41754195603323785
181.3213213213213,0.4147189870738387
181.40140140140142,0.41211662278004085
181.48148148148147,0.40947539466065125
181.56156156156158,0.40691284305822745
181.64164164164163,0.40430702115542344
181.72172172172174,0.4018344476367027
181.8018018018018,0.3996419817661605
181.8818818818819,0.397710244541346
181.96196196196195,0.395839106776632
182.04204204204206,0.3935869410388471
182.1221221221221,0.39139997237583163
182.20220220220222,0.3897171133259322
182.28228228228227,0.3885622586193848
182.36236236236238,0.3873464126698214
182.44244244244243,0.38592204634558547
182.52252252252254,0.3847098981443441
182.6026026026026,0.38392179718664915
182.6826826826827,0.3832958605967277
182.76276276276275,0.3825704220272951
182.84284284284286,0.38197331356232245
182.9229229229229,0.3815200353571545
183.00300300300302,0.3812725696283561
183.08308308308307,0.38134913888190586
183.16316316316318,0.38199649789371576
183.24324324324323,0.3831416567216225
183.32332332332334,0.38404876074046546
183.4034034034034,0.384772699728793
183.4834834834835,0.3860126009402845
183.56356356356355,0.3879016486998067
183.64364364364366,0.3902098056754372
183.7237237237237,0.3922195593594866
183.80380380380382,0.39439074568225396
183.88388388388387,0.3968555810987836
183.96396396396398,0.39973685350237753
184.04404404404403,0.40295629674084177
184.12412412412414,0.4065337018110247
184.2042042042042,0.4108088480568157
184.2842842842843,0.4153503148660364
184.36436436436435,0.4199287183422822
184.44444444444446,0.42465517859457197
184.5245245245245,0.4296912849437767
184.60460460460462,0.4352132109409397
184.68468468468467,0.4409816830560736
184.76476476476478,0.44701143951114813
184.84484484484483,0.45332198078348745
184.92492492492494,0.4599867710553307
185.005005005005,0.4669287917817273
185.0850850850851,0.4742216157679969
185.16516516516515,0.48209934877175764
185.24524524524526,0.4908044893918999
185.3253253253253,0.49980922744900275
185.40540540540542,0.5092783298849155
185.48548548548547,0.518714317148548
185.56556556556558,0.5283303797908276
185.64564564564563,0.5380198640251127
185.72572572572574,0.5480721124509926
185.8058058058058,0.5589143586568531
185.8858858858859,0.5702059619886519
185.96596596596595,0.5820146215080163
186.04604604604606,0.5938033534727326
186.1261261261261,0.6054732267663049
186.20620620620622,0.6168792627063291
186.28628628628627,0.6285098397216805
186.36636636636638,0.6405473516953264
186.44644644644643,0.6532986001126784
186.52652652652654,0.6664051289274092
186.6066066066066,0.6794422489643817
186.6866866866867,0.6924095628868392
186.76676676676675,0.7050464494574198
186.84684684684686,0.7174499754897569
186.9269269269269,0.7297771871031677
187.00700700700702,0.74208575892368
187.08708708708707,0.7539238318670786
187.16716716716718,0.7654937241682579
187.24724724724723,0.7769351690120732
187.32732732732734,0.7876305990279797
187.4074074074074,0.7974688609610601
187.4874874874875,0.8063478216735177
187.56756756756755,0.8144469096259025
187.64764764764766,0.8221756517758348
187.7277277277277,0.8297705590021239
187.80780780780782,0.837129851395001
187.88788788788787,0.8431224263879635
187.96796796796798,0.8475279518299939
188.04804804804803,0.8498599917225663
188.12812812812814,0.8508832643184663
188.2082082082082,0.8516136347446405
188.2882882882883,0.8527804862049742
188.36836836836835,0.8531218427405632
188.44844844844846,0.8522376223118506
188.5285285285285,0.849196485922648
188.60860860860862,0.8446823770471569
188.68868868868867,0.8395967115373372
188.76876876876878,0.8342016876562293
188.84884884884883,0.8285113872747815
188.92892892892894,0.8217464600774859
189.009009009009,0.8137988193560106
189.0890890890891,0.8052106641499909
189.16916916916915,0.7967277530069613
189.24924924924926,0.7880362111389563
189.3293293293293,0.779046923981275
189.40940940940942,0.7694379083790425
189.48948948948947,0.7595914672191774
189.56956956956958,0.7499082189167376
189.64964964964963,0.740065050968307
189.72972972972974,0.7301932026726392
189.8098098098098,0.7198490136705062
189.8898898898899,0.7095455331386546
189.96996996996995,0.6992527344505396
190.05005005005006,0.6890975450845516
190.1301301301301,0.6788958363555624
190.21021021021022,0.6691450284400688
190.29029029029027,0.6601356321615424
190.37037037037038,0.6512548619662778
190.45045045045043,0.641948877094137
190.53053053053054,0.6323934184138572
190.6106106106106,0.6234145597914228
190.6906906906907,0.6152285437690574
190.77077077077075,0.6072758181472886
190.85085085085086,0.599305155038011
190.9309309309309,0.5917392554416901
191.01101101101102,0.5845346882087893
191.09109109109107,0.5773079222062157
191.17117117117118,0.5699819026669242
191.25125125125123,0.5628475221411928
191.33133133133134,0.556482968760881
191.41141141141142,0.5506005974825119
191.4914914914915,0.544752756080125
191.57157157157158,0.5388345186059404
191.65165165165166,0.5330805150716835
191.73173173173174,0.5278035233591593
191.81181181181182,0.5228012249661287
191.8918918918919,0.5180346456731267
191.97197197197198,0.5134635301870342
192.05205205205206,0.5093594681988024
192.13213213213214,0.5049391701689803
192.21221221221222,0.500530894233157
192.2922922922923,0.4961034497689301
192.37237237237238,0.4925666790384565
192.45245245245246,0.48924894081096304
192.53253253253254,0.48613542056257986
192.61261261261262,0.4824691115690908
192.6926926926927,0.4794339556342246
192.77277277277278,0.4762802665582372
192.85285285285286,0.4740053062028615
192.93293293293294,0.4714033545064214
193.01301301301302,0.469257388989216
193.0930930930931,0.46702635878638665
193.17317317317318,0.46520095438061426
193.25325325325326,0.463400704025573
193.33333333333334,0.46191891414617314
193.41341341341342,0.46050043086047276
193.4934934934935,0.4593754228630902
193.57357357357358,0.458033281192551
193.65365365365366,0.4568503703436904
193.73373373373374,0.4554893715740291
193.81381381381382,0.45472193428812147
193.8938938938939,0.4539919180434505
193.97397397397398,0.45345137445653433
194.05405405405406,0.45315473584787686
194.13413413413414,0.45314864360969137
194.21421421421422,0.45312807799256705
194.2942942942943,0.4529358981762156
194.37437437437438,0.4532982787680698
194.45445445445446,0.45386742471908514
194.53453453453454,0.45428173123124016
194.61461461461462,0.45444319687904366
194.6946946946947,0.4554133937111099
194.77477477477478,0.45658703741184775
194.85485485485486,0.45778292429813083
194.93493493493494,0.45837540081397016
195.01501501501502,0.45932801871253887
195.0950950950951,0.46081111604268643
195.17517517517518,0.4629638712417264
195.25525525525526,0.46495835606878577
195.33533533533534,0.4667542782636938
195.41541541541542,0.4683755149510518
195.4954954954955,0.4704082549945206
195.57557557557558,0.4721411502061049
195.65565565565566,0.4745582138887893
195.73573573573574,0.47724172954124744
195.81581581581582,0.4804492447200947
195.8958958958959,0.4837858006362168
195.97597597597598,0.48721544730717475
196.05605605605606,0.49117047014770654
196.13613613613614,0.4949779542071041
196.21621621621622,0.4991125295160969
196.2962962962963,0.5030899302908898
196.37637637637638,0.5079222572290069
196.45645645645646,0.5130091565897309
196.53653653653654,0.518591625543337
196.61661661661662,0.5243895839533279
196.6966966966967,0.5305466798757127
196.77677677677679,0.5369906312161858
196.85685685685687,0.5434438490165154
196.93693693693695,0.5502668366456744
197.01701701701703,0.557603754117595
197.0970970970971,0.5653213718636123
197.17717717717719,0.5733652890157931
197.25725725725727,0.5811930079170572
197.33733733733735,0.5894923207215659
197.41741741741743,0.5988449651825755
197.4974974974975,0.6088410284245214
197.57757757757759,0.6190094300719269
197.65765765765767,0.6290222048567417
197.73773773773775,0.6388796380133136
197.81781781781783,0.6492214625145067
197.8978978978979,0.6602412481529949
197.977977977978,0.6719658718446839
198.05805805805807,0.6829911447953411
198.13813813813815,0.6940201403219769
198.21821821821823,0.7050802625031007
198.2982982982983,0.7170907182494746
198.3783783783784,0.7287329392184948
198.45845845845847,0.7403538178503225
198.53853853853855,0.7515800131370072
198.61861861861863,0.7629615426672877
198.6986986986987,0.7748045043870022
198.7787787787788,0.7868631595546592
198.85885885885887,0.7984863240610475
198.93893893893895,0.8087846390481589
199.01901901901903,0.8182116658368382
199.0990990990991,0.8278763640031009
199.1791791791792,0.8374315785101849
199.25925925925927,0.8464259268125688
199.33933933933935,0.8545073868185509
199.41941941941943,0.8626828343078813
199.4994994994995,0.8699368374411232
199.5795795795796,0.8756724936582873
199.65965965965967,0.8798150536551025
199.73973973973975,0.8835944324886952
199.81981981981983,0.8869364709585953
199.8998998998999,0.889201028450991
199.97997997998,0.889884634419998
200.06006006006007,0.8897965622974985
200.14014014014015,0.8897733319020439
200.22022022022023,0.8875883165985042
200.3003003003003,0.8848273749173534
200.3803803803804,0.8804308463163685
200.46046046046047,0.8762297883286156
200.54054054054055,0.8707476921956466
200.62062062062063,0.8653944098820368
200.7007007007007,0.8590911207006661
200.7807807807808,0.852304327956999
200.86086086086087,0.8441587193473853
200.94094094094095,0.8360930628234011
201.02102102102103,0.8269799186620969
201.1011011011011,0.8180451316666715
201.1811811811812,0.8084124066495316
201.26126126126127,0.7987811206555081
201.34134134134135,0.7887452937986852
201.42142142142143,0.7786724779242639
201.5015015015015,0.768641115714641
201.5815815815816,0.7586933904627916
201.66166166166167,0.7488918356821669
201.74174174174175,0.7390745638433092
201.82182182182183,0.7281593396918002
201.9019019019019,0.7178423363408913
201.981981981982,0.7074080340667119
202.06206206206207,0.6984552389813652
202.14214214214215,0.688430548470386
202.22222222222223,0.6796367423425336
202.3023023023023,0.6692878733929504
202.3823823823824,0.6606796849547177
202.46246246246247,0.6515673291006518
202.54254254254255,0.6439427521594172
202.62262262262263,0.6361730592197988
202.7027027027027,0.6275433130771497
202.7827827827828,0.6187653452085914
202.86286286286287,0.6101322243789441
202.94294294294295,0.6021636576976163
203.02302302302303,0.5953053601314444
203.1031031031031,0.5883053184364648
203.1831831831832,0.5814221708098792
203.26326326326327,0.574808498268347
203.34334334334335,0.5684206817230748
203.42342342342343,0.5627772152768393
203.5035035035035,0.5566585433481521
203.5835835835836,0.550852526609924
203.66366366366367,0.5451661929422187
203.74374374374375,0.5391230022868433
203.82382382382383,0.5339968953830334
203.9039039039039,0.5289902741021855
203.983983983984,0.5254038317671154
204.06406406406407,0.521458471607755
204.14414414414415,0.5170772719503798
204.22422422422423,0.5129445359107847
204.3043043043043,0.5092540157824775
204.3843843843844,0.5060706440307347
204.46446446446447,0.5027281150046877
204.54454454454455,0.4991530244866046
204.62462462462463,0.49699806519667067
204.7047047047047,0.49453878085417413
204.7847847847848,0.49299426242929695
204.86486486486487,0.4902805421799062
204.94494494494495,0.488912133429383
205.02502502502503,0.4868422473394898
205.1051051051051,0.485783080638649
205.1851851851852,0.4840865825430463
205.26526526526527,0.48298579859666413
205.34534534534535,0.4821018570466599
205.42542542542543,0.4810189866280429
205.5055055055055,0.4804311673831886
205.5855855855856,0.4794474503199549
205.66566566566567,0.47937541061412825
205.74574574574575,0.47858986029062855
205.82582582582583,0.4795287560678525
205.9059059059059,0.4793392486100913
205.985985985986,0.48070092086193233
206.06606606606607,0.48023528072961885
206.14614614614615,0.48150415507978206
206.22622622622623,0.4815623599739036
206.3063063063063,0.48418389458415007
206.3863863863864,0.48536046727220916
206.46646646646647,0.48815765719601284
206.54654654654655,0.4890351570661297
206.62662662662663,0.49191213481144225
206.7067067067067,0.4931383593249126
206.7867867867868,0.4964121343561676
206.86686686686687,0.49829479903088014
206.94694694694695,0.5015493731392064
207.02702702702703,0.5037013304218059
207.1071071071071,0.5080184164493589
207.1871871871872,0.5108574958114033
207.26726726726727,0.5142568736984828
207.34734734734735,0.5171061585125996
207.42742742742743,0.5214789892266325
207.5075075075075,0.5256248328597063
207.5875875875876,0.5296917717143387
207.66766766766767,0.5337774427991322
207.74774774774775,0.5386389561880617
207.82782782782783,0.5433609658556228
207.9079079079079,0.5482817605595275
207.987987987988,0.5530224298201754
208.06806806806807,0.5588243898083337
208.14814814814815,0.5655281672307915
208.22822822822823,0.5717950962954587
208.3083083083083,0.5790604982767885
208.3883883883884,0.5845440861370979
208.46846846846847,0.592178465486999
208.54854854854855,0.5968043351783855
208.62862862862863,0.6045406420248431
208.7087087087087,0.6092932134668814
208.7887887887888,0.6185697820362813
208.86886886886887,0.6252210640913274
208.94894894894895,0.6351194925475951
209.02902902902903,0.6417576887481956
209.1091091091091,0.6515298125090241
209.1891891891892,0.6589844863566836
209.26926926926927,0.6700895131566426
209.34934934934935,0.6776011704023174
209.42942942942943,0.6895144666125412
209.5095095095095,0.697096776652857
209.5895895895896,0.7101303544261689
209.66966966966967,0.7176507899118485
209.74974974974975,0.7299972074954756
209.82982982982983,0.7378176737600745
209.9099099099099,0.7518156148922442
209.98998998999,0.7616174501086601
210.07007007007007,0.7755797301552491
210.15015015015015,0.7846258810455906
210.23023023023023,0.7978265733265024
210.3103103103103,0.8062389182968364
210.3903903903904,0.8188449135888763
210.47047047047047,0.8277087912122164
210.55055055055055,0.8416832167349826
210.63063063063063,0.8512541785179272
210.7107107107107,0.8632723744161171
210.7907907907908,0.8712596726015513
210.87087087087087,0.881543692347174
210.95095095095095,0.8890988005281857
211.03103103103103,0.8975131375137797
211.11111111111111,0.904282623452435
211.1911911911912,0.9120825722258452
211.27127127127127,0.9197294017842248
211.35135135135135,0.9262589537708174
211.43143143143143,0.930717293970215
211.51151151151151,0.9339469192950688
211.5915915915916,0.9361122862606067
211.67167167167167,0.9376996143781862
211.75175175175175,0.9377955842005543
211.83183183183183,0.9380633625467352
211.91191191191191,0.938743538768311
211.991991991992,0.9364275386218317
212.07207207207207,0.9341002293827214
212.15215215215215,0.9274612735981486
212.23223223223223,0.9244136458800253
212.31231231231232,0.9179322039090412
212.3923923923924,0.9132079133016816
212.47247247247248,0.9050370911932343
212.55255255255256,0.8983154424293535
212.63263263263264,0.8900923301961957
212.71271271271272,0.8822230684838969
212.7927927927928,0.8717467042854352
212.87287287287288,0.8618406538345109
212.95295295295296,0.8519629217248103
213.03303303303304,0.8432281833839239
213.11311311311312,0.8331052300367771
213.1931931931932,0.8218615514697911
213.27327327327328,0.8102250635931373
213.35335335335336,0.798671854390818
213.43343343343344,0.7876376572077921
213.51351351351352,0.7770293428380867
213.5935935935936,0.7667249736554316
213.67367367367368,0.7571029711790759
213.75375375375376,0.7464055960618541
213.83383383383384,0.7349745510464586
213.91391391391392,0.7239947564378194
213.993993993994,0.7139815432696586
214.07407407407408,0.7043623307313375
214.15415415415416,0.6939783840425118
214.23423423423424,0.6836226117513085
214.31431431431432,0.6750458499211913
214.3943943943944,0.6657441259919953
214.47447447447448,0.6570049755484255
214.55455455455456,0.6476316587331997
214.63463463463464,0.6385091512934193
214.71471471471472,0.6310878993569737
214.7947947947948,0.6229015051106727
214.87487487487488,0.6161099379006036
214.95495495495496,0.6079070157901441
215.03503503503504,0.6008424133073398
215.11511511511512,0.5931257317557166
215.1951951951952,0.5860013085414775
215.27527527527528,0.5797004143965268
215.35535535535536,0.5735397571556272
215.43543543543544,0.5672041248553523
215.51551551551552,0.5610585476869319
215.5955955955956,0.5545872452960108
215.67567567567568,0.550341481263434
215.75575575575576,0.5448500110205129
215.83583583583584,0.5413032596400154
215.91591591591592,0.5357643284052587
215.995995995996,0.5326301329201425
216.07607607607608,0.5286351611020257
216.15615615615616,0.525193314324496
216.23623623623624,0.5207617046803927
216.31631631631632,0.5172239242289125
216.3963963963964,0.5136428637564934
216.47647647647648,0.5117406159625869
216.55655655655656,0.5081332810549017
216.63663663663664,0.5057281635680202
216.71671671671672,0.5016510860106392
216.7967967967968,0.49995514412787645
216.87687687687688,0.49794737579067955
216.95695695695696,0.49689824948959194
217.03703703703704,0.4960175629976479
217.11711711711712,0.49556591036417963
217.1971971971972,0.49495643137489925
217.27727727727728,0.49393837117961703
217.35735735735736,0.49286761781293076
217.43743743743744,0.49330301890709155
217.51751751751752,0.49333935687808583
217.5975975975976,0.49410363893091525
217.67767767767768,0.4934896213923625
217.75775775775776,0.49439434774977387
217.83783783783784,0.4949601104102695
217.91791791791792,0.496444591602155
217.997997997998,0.4973640857272963
218.07807807807808,0.4991489216756932
218.15815815815816,0.5007412859824434
218.23823823823824,0.5033588570489128
218.31831831831832,0.5050592692667529
218.3983983983984,0.5077801099758906
218.47847847847848,0.5098978692744617
218.55855855855856,0.5128072150623296
218.63863863863864,0.5153301291090358
218.71871871871872,0.5189274541552983
218.7987987987988,0.5230153021115869
218.87887887887888,0.5276061962906309
218.95895895895896,0.5311519507042811
219.03903903903904,0.5347177714813737
219.11911911911912,0.5379837114839566
219.1991991991992,0.5437138398294418
219.27927927927928,0.5491421096477738
219.35935935935936,0.5551707712791438
219.43943943943944,0.5589103183750985
219.51951951951952,0.5631664216115554
219.5995995995996,0.5677448463582419
219.67967967967968,0.5755016479171047
219.75975975975976,0.5827165974143327
219.83983983983984,0.5907549728561781
219.91991991991992,0.5970676705188334
220.0,0.6043963421312997
