freq,trans
140.0,0.3570707729972793
140.08008008008008,0.3596327139048176
140.16016016016016,0.36275067462389876
140.24024024024024,0.36893948704168916
140.32032032032032,0.3755026806827554
140.4004004004004,0.38342868526456236
140.48048048048048,0.3903064515757569
140.56056056056056,0.39725459889726744
140.64064064064064,0.40179003497712795
140.72072072072072,0.40788102672327836
140.8008008008008,0.4127881607565281
140.88088088088088,0.41943142639546577
140.96096096096096,0.42352534495280586
141.04104104104104,0.4287022336838706
141.12112112112112,0.43169985027276947
141.2012012012012,0.43643543690645165
141.28128128128128,0.43814258582836424
141.36136136136136,0.4414997240739765
141.44144144144144,0.4426956515849281
141.52152152152152,0.44627742090287825
141.6016016016016,0.447128247329128
141.68168168168168,0.44856187245375784
141.76176176176176,0.4485551231373385
141.84184184184184,0.4493760487550029
141.92192192192192,0.44942054758821676
142.002002002002,0.4484440954712545
142.08208208208208,0.4469646150779407
142.16216216216216,0.44484918979005683
142.24224224224224,0.443424738227652
142.32232232232232,0.44106936274011266
142.4024024024024,0.4389150872020155
142.48248248248248,0.4352815629628779
142.56256256256256,0.43268430455551066
142.64264264264264,0.42764203350533053
142.72272272272272,0.42428300573047095
142.8028028028028,0.41770434958463887
142.88288288288288,0.41444644360349664
142.96296296296296,0.4084559057810613
143.04304304304304,0.4051220140843693
143.12312312312312,0.3987101061618692
143.2032032032032,0.394974386550588
143.28328328328328,0.38843905718696836
143.36336336336336,0.38394450628493265
143.44344344344344,0.37639611594503747
143.52352352352352,0.3715159904755455
143.6036036036036,0.3644518654758265
143.68368368368368,0.35981742889751883
143.76376376376376,0.3528306343953155
143.84384384384384,0.3474261967416007
143.92392392392392,0.34029034850729056
144.004004004004,0.3339713242783419
144.08408408408408,0.32723408699954876
144.16416416416416,0.32068313073499355
144.24424424424424,0.31496490479485784
144.32432432432432,0.308507331299162
144.4044044044044,0.30313291843828194
144.48448448448448,0.2962518628631975
144.56456456456456,0.2909068818236296
144.64464464464464,0.2845056542705995
144.72472472472472,0.27980765230112703
144.8048048048048,0.2729171655341798
144.88488488488488,0.2680301714583953
144.96496496496496,0.2614945728743152
145.04504504504504,0.25775401201238984
145.12512512512512,0.2519877967708149
145.2052052052052,0.247678689981318
145.28528528528528,0.24159050610794755
145.36536536536536,0.23804041630528106
145.44544544544544,0.23361812469118295
145.52552552552552,0.23038372709880675
145.6056056056056,0.22539931187853854
145.68568568568568,0.2221208969777704
145.76576576576576,0.21804251131805688
145.84584584584584,0.21521537584713557
145.92592592592592,0.2113590564609324
146.006006006006,0.20871454571831655
146.08608608608608,0.20612293461441955
146.16616616616616,0.20409863691377617
146.24624624624624,0.20186113385125243
146.32632632632632,0.1996503854224663
146.4064064064064,0.1971038768256812
146.48648648648648,0.19489536241716382
146.56656656656656,0.1930470977881866
146.64664664664664,0.1915713345854653
146.72672672672672,0.19046485185563344
146.8068068068068,0.1889128137409846
146.88688688688688,0.18804602289660757
146.96696696696696,0.18665885793740158
147.04704704704704,0.1860358044609093
147.12712712712712,0.18482580022377149
147.2072072072072,0.18461916118142743
147.28728728728728,0.18439678545930527
147.36736736736736,0.1850093996358298
147.44744744744744,0.18530006021227685
147.52752752752752,0.185480248787406
147.6076076076076,0.18538967289206576
147.68768768768768,0.18598423995577554
147.76776776776777,0.18670639649013865
147.84784784784785,0.18812144041860054
147.92792792792793,0.188918470775669
148.008008008008,0.19041578925777436
148.08808808808809,0.19181133330145128
148.16816816816817,0.19429835725437644
148.24824824824825,0.19640030322347926
148.32832832832833,0.19836684097786594
148.4084084084084,0.20013460772499322
148.48848848848849,0.2020987297303317
148.56856856856857,0.20448495628822366
148.64864864864865,0.20694256965532828
148.72872872872873,0.20949131453512362
148.8088088088088,0.21222136031144567
148.88888888888889,0.21496861055462937
148.96896896896897,0.21808759954516904
149.04904904904905,0.2215453965378649
149.12912912912913,0.2256206380463605
149.2092092092092,0.2297854327978135
149.2892892892893,0.23352417137630382
149.36936936936937,0.23696272567432633
149.44944944944945,0.2402901961772581
149.52952952952953,0.2444826301821008
149.6096096096096,0.2492346890954877
149.6896896896897,0.25427309680346005
149.76976976976977,0.2589445316463312
149.84984984984985,0.2638185981129495
149.92992992992993,0.2689169542859829
150.01001001001,0.2745451013176517
150.0900900900901,0.27980886221545265
150.17017017017017,0.28579691321891265
150.25025025025025,0.2916880591739675
150.33033033033033,0.2984684548949967
150.4104104104104,0.30490006189965957
150.4904904904905,0.311781841308252
150.57057057057057,0.31843340262361197
150.65065065065065,0.3251416278620341
150.73073073073073,0.3317280412512142
150.8108108108108,0.3390150645611998
150.8908908908909,0.34645310824592374
150.97097097097097,0.3543516448065498
151.05105105105105,0.3619388798263372
151.13113113113113,0.3695646451615998
151.2112112112112,0.3770716598499278
151.2912912912913,0.38507800878502785
151.37137137137137,0.3936667675151547
151.45145145145145,0.40253808499457705
151.53153153153153,0.4112627935781091
151.6116116116116,0.41948240989147384
151.6916916916917,0.4281289690036475
151.77177177177177,0.4362054192953448
151.85185185185185,0.445019187549943
151.93193193193193,0.45284222757569337
152.012012012012,0.4618517984919908
152.0920920920921,0.46982057755000306
152.17217217217217,0.4784794248060363
152.25225225225225,0.4858425871525697
152.33233233233233,0.494116806748016
152.4124124124124,0.5013819532452072
152.4924924924925,0.5089567438407173
152.57257257257257,0.5150608816948055
152.65265265265265,0.5218137564708161
152.73273273273273,0.5273194779068641
152.8128128128128,0.5335654487340363
152.8928928928929,0.538629282366556
152.97297297297297,0.5442427685948167
153.05305305305305,0.5488658074315831
153.13313313313313,0.5533086976496365
153.2132132132132,0.5568327074220101
153.2932932932933,0.5602967211852585
153.37337337337337,0.5635025927444166
153.45345345345345,0.5662007450495774
153.53353353353353,0.5681334857124944
153.6136136136136,0.5692216904232135
153.6936936936937,0.5706342929627173
153.77377377377377,0.5712138540315118
153.85385385385385,0.5721142638517656
153.93393393393393,0.5711734619638871
154.014014014014,0.5711277978462238
154.0940940940941,0.5698489885609305
154.17417417417417,0.5699812488339213
154.25425425425425,0.5681702830627642
154.33433433433433,0.567476225230179
154.4144144144144,0.5651463365552799
154.4944944944945,0.5640619389633478
154.57457457457457,0.5610324829294259
154.65465465465465,0.5587671356401029
154.73473473473473,0.5555368111632071
154.8148148148148,0.5536618767931992
154.8948948948949,0.5512108562328576
154.97497497497497,0.5486130014397255
155.05505505505505,0.5451047702490938
155.13513513513513,0.5412779378374198
155.2152152152152,0.5369760032894607
155.2952952952953,0.5329190543449618
155.37537537537537,0.5290907292862836
155.45545545545545,0.5252850467194479
155.53553553553553,0.5211237556801465
155.6156156156156,0.516101587199413
155.6956956956957,0.5115028970434431
155.77577577577577,0.5066365895968223
155.85585585585585,0.5020287356903068
155.93593593593593,0.4968502978492949
156.016016016016,0.4921893078058228
156.0960960960961,0.4866868348318709
156.17617617617617,0.4810177248497506
156.25625625625625,0.4746416559369536
156.33633633633633,0.46923975968730897
156.4164164164164,0.46340266282564435
156.4964964964965,0.45823925948422267
156.57657657657657,0.4518229364340481
156.65665665665665,0.44594686805728373
156.73673673673673,0.43906886079902635
156.8168168168168,0.4328192343328503
156.8968968968969,0.4258198556409572
156.97697697697697,0.4194700342799896
157.05705705705705,0.4128387820510572
157.13713713713713,0.4070035685336992
157.2172172172172,0.40097719955226435
157.2972972972973,0.3953619651141565
157.37737737737737,0.3890571818396086
157.45745745745745,0.38284149886895247
157.53753753753753,0.37624920384780897
157.6176176176176,0.3700210208641278
157.6976976976977,0.3642677009215585
157.77777777777777,0.3584609223315666
157.85785785785785,0.3527069083036739
157.93793793793793,0.3466729309476308
158.018018018018,0.3415310579491738
158.0980980980981,0.33652221725728604
158.17817817817817,0.3318615866948161
158.25825825825825,0.3267886228058832
158.33833833833833,0.3218790042098361
158.4184184184184,0.31726455499458384
158.4984984984985,0.3131166838542521
158.57857857857857,0.30887852154761886
158.65865865865865,0.3050956204098701
158.73873873873873,0.3014877018467272
158.8188188188188,0.2988944776600095
158.8988988988989,0.29637208418061284
158.97897897897897,0.2940449853441415
159.05905905905905,0.2914481295493757
159.13913913913913,0.28914940432632413
159.2192192192192,0.28682576554884404
159.2992992992993,0.2848382603012954
159.37937937937937,0.2829371297223904
159.45945945945945,0.28172076859551
159.53953953953953,0.28093017741803517
159.6196196196196,0.2802008700587462
159.6996996996997,0.27921874494280186
159.77977977977977,0.27852791193024806
159.85985985985985,0.27813648942940367
159.93993993993993,0.27828987917304127
160.02002002002,0.2784613352251325
160.1001001001001,0.2787282615041601
160.18018018018017,0.2790345216534273
160.26026026026025,0.2795885231681339
160.34034034034033,0.28047543454594226
160.4204204204204,0.2816491176719551
160.5005005005005,0.28358420697448733
160.58058058058057,0.28569857641880014
160.66066066066065,0.28823928252402464
160.74074074074073,0.29074732055450897
160.8208208208208,0.29380053709572995
160.9009009009009,0.29657484715220395
160.98098098098097,0.2994579344086009
161.06106106106105,0.302123578704253
161.14114114114113,0.3056726423950414
161.2212212212212,0.3097907419820964
161.3013013013013,0.31438380275760364
161.38138138138137,0.31870665402056714
161.46146146146145,0.32313742101762694
161.54154154154153,0.3276724106985422
161.6216216216216,0.33228786599572674
161.7017017017017,0.33687669511184387
161.78178178178177,0.34167554985154575
161.86186186186185,0.34700665703030353
161.94194194194193,0.3527588893698062
162.022022022022,0.358665855268547
162.1021021021021,0.3650629858210436
162.18218218218217,0.37186127752797454
162.26226226226225,0.3788718869931797
162.34234234234233,0.3858801359678543
162.42242242242241,0.3928383293518445
162.5025025025025,0.4001176605554687
162.58258258258257,0.40755029655088915
162.66266266266265,0.41543399835802824
162.74274274274273,0.4229400242559861
162.82282282282281,0.4311855058633686
162.9029029029029,0.43923624955535445
162.98298298298297,0.4481604102722786
163.06306306306305,0.456545653964443
163.14314314314313,0.4654779882615731
163.22322322322321,0.4739195282228364
163.3033033033033,0.4828298951943455
163.38338338338338,0.4912560599989266
163.46346346346346,0.49988388095581826
163.54354354354354,0.5081404334008199
163.62362362362362,0.5168197325218418
163.7037037037037,0.5254210940203503
163.78378378378378,0.534457458213977
163.86386386386386,0.54319236768817
163.94394394394394,0.551835252618395
164.02402402402402,0.5598603224458343
164.1041041041041,0.5675363876050202
164.18418418418418,0.575194049689336
164.26426426426426,0.5825473123061333
164.34434434434434,0.5898044236553827
164.42442442442442,0.5963936154949063
164.5045045045045,0.6031320185756861
164.58458458458458,0.6088769843631902
164.66466466466466,0.6142344775199999
164.74474474474474,0.6184772324250061
164.82482482482482,0.6232214745762329
164.9049049049049,0.6274669574764287
164.98498498498498,0.6317058272133589
165.06506506506506,0.6345700804992732
165.14514514514514,0.6375054550372253
165.22522522522522,0.639798279334247
165.3053053053053,0.6424222501119073
165.38538538538538,0.6438129100158011
165.46546546546546,0.6453670516684569
165.54554554554554,0.6462607821522478
165.62562562562562,0.6473890108636465
165.7057057057057,0.6476088402705927
165.78578578578578,0.647503459580989
165.86586586586586,0.6471844552991124
165.94594594594594,0.6471563176836092
166.02602602602602,0.6465577330803829
166.1061061061061,0.6458716440084852
166.18618618618618,0.6449297117802767
166.26626626626626,0.6441543833244109
166.34634634634634,0.6432105321454983
166.42642642642642,0.6416397100793062
166.5065065065065,0.6400587217759082
166.58658658658658,0.6381958894389403
166.66666666666666,0.636811042156914
166.74674674674674,0.6349867106146972
166.82682682682682,0.6336675864864668
166.9069069069069,0.6318657945218134
166.98698698698698,0.6304928273019941
167.06706706706706,0.6281697580863828
167.14714714714714,0.6263007902455903
167.22722722722722,0.6236682107011681
167.3073073073073,0.6217154600780851
167.38738738738738,0.6189745676218605
167.46746746746746,0.617085034230352
167.54754754754754,0.6144216171516503
167.62762762762762,0.6127398377702111
167.7077077077077,0.610020239092617
167.78778778778778,0.6078667239064954
167.86786786786786,0.6049478063954213
167.94794794794794,0.6025859454183294
168.02802802802802,0.5997551967254743
168.1081081081081,0.5970470988574493
168.18818818818818,0.594053856483612
168.26826826826826,0.5913396927379594
168.34834834834834,0.5884370487333945
168.42842842842842,0.5854892045119359
168.5085085085085,0.5822309120507944
168.58858858858858,0.5789578308538318
168.66866866866866,0.575720191016418
168.74874874874874,0.5719686758102803
168.82882882882882,0.5682075114464437
168.9089089089089,0.5639632114352752
168.98898898898898,0.5600396877036168
169.06906906906906,0.5553934629139712
169.14914914914914,0.5510468796916939
169.22922922922922,0.546171347126456
169.3093093093093,0.5418753244218789
169.38938938938938,0.5368796148345084
169.46946946946946,0.5321030908989662
169.54954954954954,0.5268925054082169
169.62962962962962,0.5221839092481491
169.7097097097097,0.5165801644783703
169.78978978978978,0.5110566851587721
169.86986986986986,0.5050272622868391
169.94994994994994,0.4999825392490276
170.03003003003002,0.49456055596297926
170.1101101101101,0.48941365956112964
170.19019019019018,0.4834413430940569
170.27027027027026,0.4780831327102663
170.35035035035034,0.4727809499958308
170.43043043043042,0.46799988359195027
170.5105105105105,0.4626506173082761
170.59059059059058,0.45757112857645516
170.67067067067066,0.45239894149452714
170.75075075075074,0.4476845738846027
170.83083083083082,0.4427115434706311
170.9109109109109,0.43793755225944975
170.99099099099098,0.43330982413883534
171.07107107107106,0.4290505739409557
171.15115115115114,0.4250573986551742
171.23123123123122,0.42127075888115256
171.3113113113113,0.41774142192993685
171.39139139139138,0.4146093704407849
171.47147147147146,0.41156379885397054
171.55155155155154,0.40855175551346584
171.63163163163162,0.40564830025579157
171.7117117117117,0.4029839466366976
171.79179179179178,0.4008171832538114
171.87187187187186,0.39894236552062967
171.95195195195194,0.39760463954415315
172.03203203203202,0.3963330711762436
172.11211211211213,0.39533347312873585
172.19219219219218,0.39414167108490666
172.2722722722723,0.3935094421807709
172.35235235235234,0.39298080863524826
172.43243243243245,0.3930441105347355
172.5125125125125,0.3930342513467262
172.5925925925926,0.3937028491601682
172.67267267267266,0.3946165112370867
172.75275275275277,0.3962035269517777
172.83283283283282,0.3976878528338626
172.91291291291293,0.39951922920221933
172.99299299299298,0.4014851155365024
173.0730730730731,0.40432664079888403
173.15315315315314,0.4071467535916606
173.23323323323325,0.4102522779339335
173.3133133133133,0.41319216373724527
173.3933933933934,0.41668994905418827
173.47347347347346,0.4206927118950116
173.55355355355357,0.4252418448278658
173.63363363363362,0.42992352108418685
173.71371371371373,0.43475078527441047
173.79379379379378,0.4396849490956659
173.8738738738739,0.444869321627318
173.95395395395394,0.4502442718932519
174.03403403403405,0.4560923945965602
174.1141141141141,0.46191736514593107
174.1941941941942,0.46784155092193325
174.27427427427426,0.47420732115060993
174.35435435435437,0.48127644357880883
174.43443443443442,0.48874935952766435
174.51451451451453,0.4960695467479474
174.59459459459458,0.503422686678107
174.6746746746747,0.5108160586013374
174.75475475475474,0.5185216034316532
174.83483483483485,0.5261812953986125
174.9149149149149,0.5342579748263518
174.994994994995,0.5425481360713655
175.07507507507506,0.5511745308399649
175.15515515515517,0.5595282384154963
175.23523523523522,0.5679410694731115
175.31531531531533,0.576517607414294
175.39539539539538,0.5852728930046593
175.4754754754755,0.5934951578628902
175.55555555555554,0.6012228500237475
175.63563563563565,0.6084945314927158
175.7157157157157,0.6158962053341032
175.7957957957958,0.6232642962592947
175.87587587587586,0.630627116725098
175.95595595595597,0.6378068529428996
176.03603603603602,0.6449471249660044
176.11611611611613,0.6516191960145543
176.19619619619618,0.6577945576166649
176.2762762762763,0.6635250307981475
176.35635635635634,0.6688616118839978
176.43643643643645,0.6735328633685609
176.5165165165165,0.6777322307283838
176.5965965965966,0.6816378548939513
176.67667667667666,0.6852171267221945
176.75675675675677,0.688501712900527
176.83683683683682,0.6913622312630241
176.91691691691693,0.6940335638933283
176.99699699699698,0.6964260619483329
177.0770770770771,0.698178613624211
177.15715715715714,0.699116228166577
177.23723723723725,0.6996715082967752
177.3173173173173,0.7001304524160948
177.3973973973974,0.700291593151419
177.47747747747746,0.7000279579045788
177.55755755755757,0.6994068793389949
177.63763763763762,0.6987895991949264
177.71771771771773,0.6982199646324558
177.79779779779778,0.6975438837275398
177.8778778778779,0.6965967871503461
177.95795795795794,0.6953965849231294
178.03803803803805,0.6939955449562117
178.1181181181181,0.6923871209363884
178.1981981981982,0.6909316746608932
178.27827827827826,0.6896118977354158
178.35835835835837,0.6882264627223532
178.43843843843842,0.686696923032483
178.51851851851853,0.6851892688528634
178.59859859859858,0.6836758031585605
178.6786786786787,0.6820757595769084
178.75875875875874,0.6803105753224696
178.83883883883885,0.678523201469238
178.9189189189189,0.6766943005939813
178.998998998999,0.6749456753844153
179.07907907907907,0.673451660590165
179.15915915915917,0.6722383217587803
179.23923923923923,0.6709525078172889
179.31931931931933,0.6695645959168632
179.39939939939939,0.6683512898760071
179.4794794794795,0.667437740628809
179.55955955955955,0.6663462693087684
179.63963963963965,0.6647974332514875
179.7197197197197,0.6635341679507006
179.7997997997998,0.6627659820629489
179.87987987987987,0.6620533129520917
179.95995995995997,0.6610809346249324
180.04004004004003,0.6600647833169785
180.12012012012013,0.6591285675432905
180.2002002002002,0.657999354976927
180.2802802802803,0.6566314287118938
180.36036036036035,0.6551077520665926
180.44044044044045,0.6539497570108491
180.5205205205205,0.653089678123331
180.60060060060061,0.6520360161960121
180.68068068068067,0.6507892912088573
180.76076076076077,0.6494081099250317
180.84084084084083,0.6483625662599715
180.92092092092093,0.647533629160081
181.001001001001,0.6466608282161104
181.0810810810811,0.6454142920184106
181.16116116116115,0.6438800715120434
181.24124124124126,0.6425081054542289
181.3213213213213,0.6411883115971583
181.40140140140142,0.6396805026528805
181.48148148148147,0.637734749200561
181.56156156156158,0.6357368311362901
181.64164164164163,0.6338153098372081
181.72172172172174,0.6317468501786758
181.8018018018018,0.629539730019602
181.8818818818819,0.6272343744522574
181.96196196196195,0.6249618047568987
182.04204204204206,0.6223602565842631
182.1221221221221,0.619473812110428
182.20220220220222,0.6165551443715594
182.28228228228227,0.6134405534259849
182.36236236236238,0.6102232432046598
182.44244244244243,0.6067993596376381
182.52252252252254,0.6035004140788232
182.6026026026026,0.600185875365728
182.6826826826827,0.5968081372646871
182.76276276276275,0.5933233526361092
182.84284284284286,0.5897068381913529
182.9229229229229,0.5860100299227122
183.00300300300302,0.5820961779003226
183.08308308308307,0.5780744065540109
183.16316316316318,0.5743694873374837
183.24324324324323,0.5709869254680423
183.32332332332334,0.5675973752877792
183.4034034034034,0.5639037681915222
183.4834834834835,0.5601763029070317
183.56356356356355,0.5566241109828597
183.64364364364366,0.5533202064982786
183.7237237237237,0.5500459772235997
183.80380380380382,0.5469129006534537
183.88388388388387,0.5439183942100524
183.96396396396398,0.541220146627846
184.04404404404403,0.5386424730113754
184.12412412412414,0.5362962079135974
184.2042042042042,0.5342023684552787
184.2842842842843,0.532382438840053
184.36436436436435,0.5308723579654308
184.44444444444446,0.5295559250441586
184.5245245245245,0.5284365115061804
184.60460460460462,0.5277739535637852
184.68468468468467,0.5274419509136525
184.76476476476478,0.5272915210631787
184.84484484484483,0.5271778013704057
184.92492492492494,0.5274354910298614
185.005005005005,0.5279736020463797
185.0850850850851,0.528911949062681
185.16516516516515,0.5301371040443787
185.24524524524526,0.5319489563907338
185.3253253253253,0.5341130836780873
185.40540540540542,0.5366797055758169
185.48548548548547,0.5395481067546971
185.56556556556558,0.5426877236828395
185.64564564564563,0.5461337906943664
185.72572572572574,0.5496090770707109
185.8058058058058,0.5533867597566434
185.8858858858859,0.5574651203677969
185.96596596596595,0.56226876259316
186.04604604604606,0.5675611511894996
186.1261261261261,0.5730432731592865
186.20620620620622,0.5783229302322109
186.28628628628627,0.5837354292190289
186.36636636636638,0.5896399440837277
186.44644644644643,0.5961950585103671
186.52652652652654,0.6027495369832322
186.6066066066066,0.6092674675996657
186.6866866866867,0.6157395359927347
186.76676676676675,0.6223355601845525
186.84684684684686,0.6292379224927829
186.9269269269269,0.6363361084801596
187.00700700700702,0.6433471975154746
187.08708708708707,0.6502259059977609
187.16716716716718,0.6574149855986862
187.24724724724723,0.6647816847398147
187.32732732732734,0.6718577649987286
187.4074074074074,0.6784522810345075
187.4874874874875,0.6849059994398603
187.56756756756755,0.6910659946226717
187.64764764764766,0.6970170721162482
187.7277277277277,0.7026369447165801
187.80780780780782,0.7083802179908328
187.88788788788787,0.7140796491749707
187.96796796796798,0.7194509410538446
188.04804804804803,0.723904663967954
188.12812812812814,0.7277658104688682
188.2082082082082,0.7314043750586939
188.2882882882883,0.7352323740477935
188.36836836836835,0.7388172010445185
188.44844844844846,0.7419329201034278
188.5285285285285,0.7440443422606904
188.60860860860862,0.7453810144365488
188.68868868868867,0.7465917172574895
188.76876876876878,0.747962640359109
188.84884884884883,0.7492041165193735
188.92892892892894,0.7498511973190989
189.009009009009,0.7496111236017694
189.0890890890891,0.7490337073864055
189.16916916916915,0.7482378723676573
189.24924924924926,0.7474427523370766
189.3293293293293,0.7464322031502024
189.40940940940942,0.7451320944368087
189.48948948948947,0.743587954317061
189.56956956956958,0.7419606750886644
189.64964964964963,0.7402044217436198
189.72972972972974,0.7383415590176943
189.8098098098098,0.7362656888100106
189.8898898898899,0.7343152281301885
189.96996996996995,0.7322058069634895
190.05005005005006,0.7299636795758871
190.1301301301301,0.7274684604197758
190.21021021021022,0.7253120009290823
190.29029029029027,0.7234489824653373
190.37037037037038,0.7215188633605631
190.45045045045043,0.719191315397914
190.53053053053054,0.7166079670714044
190.6106106106106,0.7142324591080322
190.6906906906907,0.7123261253319756
190.77077077077075,0.7104755648621652
190.85085085085086,0.708681142422745
190.9309309309309,0.7068583721180827
191.01101101101102,0.7052743635601689
191.09109109109107,0.7036700685133661
191.17117117117118,0.7020844030636842
191.25125125125123,0.7004348869947691
191.33133133133134,0.6990903184923246
191.41141141141142,0.6979873814096564
191.4914914914915,0.6967522030973314
191.57157157157158,0.6952931656460275
191.65165165165166,0.6940709015222308
191.73173173173174,0.6932346226974001
191.81181181181182,0.692627881174861
191.8918918918919,0.6918826974879646
191.97197197197198,0.6910814673622531
192.05205205205206,0.6906177185845894
192.13213213213214,0.6899307533220692
192.21221221221222,0.6892475298506509
192.2922922922923,0.6883563600449678
192.37237237237238,0.6881403937519648
192.45245245245246,0.6882400428522624
192.53253253253254,0.688538086539333
192.61261261261262,0.6883928165549442
192.6926926926927,0.6883017236790375
192.77277277277278,0.6880798829204372
192.85285285285286,0.6883087793826745
192.93293293293294,0.6884169359160743
193.01301301301302,0.6887887617681557
193.0930930930931,0.6890793970725799
193.17317317317318,0.6895466757596825
193.25325325325326,0.6898697065617804
193.33333333333334,0.6905172774789928
193.41341341341342,0.6909816990438233
193.4934934934935,0.691621361598495
193.57357357357358,0.691920996156989
193.65365365365366,0.6921781007716737
193.73373373373374,0.6921928096763678
193.81381381381382,0.6925391927027715
193.8938938938939,0.6929496680876124
193.97397397397398,0.6933243789449962
194.05405405405406,0.6935773230898797
194.13413413413414,0.6939627494027883
194.21421421421422,0.6944627515520552
194.2942942942943,0.694844867551975
194.37437437437438,0.6954050273326018
194.45445445445446,0.6956971150977371
194.53453453453454,0.6956787903929332
194.61461461461462,0.6953410859162716
194.6946946946947,0.6952974113057474
194.77477477477478,0.6952437264081505
194.85485485485486,0.6949394349965118
194.93493493493494,0.6943612679982536
195.01501501501502,0.6940107902514688
195.0950950950951,0.6936927147539709
195.17517517517518,0.6931578791657825
195.25525525525526,0.6925496150958095
195.33533533533534,0.6918644080608604
195.41541541541542,0.690952761153646
195.4954954954955,0.6896557248488617
195.57557557557558,0.6881780912367677
195.65565565565566,0.6869350270569481
195.73573573573574,0.6859150934596754
195.81581581581582,0.6849718218039741
195.8958958958959,0.6841215522872837
195.97597597597598,0.6830633648012193
196.05605605605606,0.6819097064180691
196.13613613613614,0.6802162497103919
196.21621621621622,0.6786111153597668
196.2962962962963,0.6773834855088059
196.37637637637638,0.6767517036483811
196.45645645645646,0.6760516030970422
196.53653653653654,0.6750742710634869
196.61661661661662,0.6740301022148825
196.6966966966967,0.6734530479535235
196.77677677677679,0.6731529425708463
196.85685685685687,0.6728697492474703
196.93693693693695,0.672623269371147
197.01701701701703,0.6728728082905487
197.0970970970971,0.6736352266650291
197.17717717717719,0.6743480466991995
197.25725725725727,0.6748290647796276
197.33733733733735,0.6756398166195059
197.41741741741743,0.6771836347872461
197.4974974974975,0.679220243460673
197.57757757757759,0.6812147605695529
197.65765765765767,0.6832653575760761
197.73773773773775,0.6855460658708797
197.81781781781783,0.6884991974347405
197.8978978978979,0.6913169017918125
197.977977977978,0.6942471488959531
198.05805805805807,0.6974245812162849
198.13813813813815,0.7012322522264068
198.21821821821823,0.7055076479611531
198.2982982982983,0.709694714060308
198.3783783783784,0.7141430014502705
198.45845845845847,0.7184451690288727
198.53853853853855,0.723046177844654
198.61861861861863,0.7277258577718394
198.6986986986987,0.7328566135475941
198.7787787787788,0.7380791118774653
198.85885885885887,0.743164571164591
198.93893893893895,0.7478294431914314
199.01901901901903,0.7523838936531836
199.0990990990991,0.7569426301423335
199.1791791791792,0.7617900810561005
199.25925925925927,0.7667815475053615
199.33933933933935,0.7718139588215053
199.41941941941943,0.7765811190779527
199.4994994994995,0.780915047750713
199.5795795795796,0.784821783682968
199.65965965965967,0.7884735148829077
199.73973973973975,0.7917801731684467
199.81981981981983,0.7947315196557865
199.8998998998999,0.79754091478554
199.97997997998,0.7997682236762805
200.06006006006007,0.8017513581450175
200.14014014014015,0.8032357329449805
200.22022022022023,0.8045702152936994
200.3003003003003,0.8053761971700611
200.3803803803804,0.805554766988984
200.46046046046047,0.805084621088742
200.54054054054055,0.8044378856696875
200.62062062062063,0.8036797130101245
200.7007007007007,0.803091730056216
200.7807807807808,0.8019147679476857
200.86086086086087,0.800424086639246
200.94094094094095,0.798496142049159
201.02102102102103,0.7967137438525116
201.1011011011011,0.7949325220780848
201.1811811811812,0.7925794415931259
201.26126126126127,0.7899888559888719
201.34134134134135,0.7871018233296407
201.42142142142143,0.7842723334595613
201.5015015015015,0.7812562186123065
201.5815815815816,0.7781294203205255
201.66166166166167,0.7752201805569999
201.74174174174175,0.7722732252892507
201.82182182182183,0.7688621708584531
201.9019019019019,0.7654069385137472
201.981981981982,0.7618668311231203
202.06206206206207,0.7590417419379574
202.14214214214215,0.7558343211084333
202.22222222222223,0.7527893716866937
202.3023023023023,0.7493344206394696
202.3823823823824,0.7463247588622471
202.46246246246247,0.7434954256121488
202.54254254254255,0.7404612979500522
202.62262262262263,0.737782619182735
202.7027027027027,0.7349967042331044
202.7827827827828,0.7323863925382217
202.86286286286287,0.7295249083919028
202.94294294294295,0.7265380428091284
203.02302302302303,0.7241408247494082
203.1031031031031,0.7220586577725457
203.1831831831832,0.7199897614582752
203.26326326326327,0.7178776830940241
203.34334334334335,0.7154589452649451
203.42342342342343,0.7137076337948409
203.5035035035035,0.7121198270975769
203.5835835835836,0.7104364418663862
203.66366366366367,0.7087651587290881
203.74374374374375,0.7069411489104307
203.82382382382383,0.7058975228128681
203.9039039039039,0.7047248853760901
203.983983983984,0.7037836738597393
204.06406406406407,0.7025876888111415
204.14414414414415,0.701691386439981
204.22422422422423,0.7010144889758437
204.3043043043043,0.7001824446979777
204.3843843843844,0.6996752961394238
204.46446446446447,0.6992127540521864
204.54454454454455,0.6991035725984691
204.62462462462463,0.6993218548860017
204.7047047047047,0.6994797478092797
204.7847847847848,0.7001480798777776
204.86486486486487,0.7000477733846437
204.94494494494495,0.7005632092976617
205.02502502502503,0.7006667567518602
205.1051051051051,0.701396827475111
205.1851851851852,0.702067399517537
205.26526526526527,0.703055826359012
205.34534534534535,0.7040636730633368
205.42542542542543,0.7051099009098264
205.5055055055055,0.7064335144137875
205.5855855855856,0.7075570188382493
205.66566566566567,0.7090378694080571
205.74574574574575,0.7102726069123875
205.82582582582583,0.7119332553380375
205.9059059059059,0.7131527557782446
205.985985985986,0.7149859424108744
206.06606606606607,0.716045846985991
206.14614614614615,0.7179549821942685
206.22622622622623,0.7194374235763145
206.3063063063063,0.7227447155430157
206.3863863863864,0.724485975102089
206.46646646646647,0.7271795593199765
206.54654654654655,0.7281257981743172
206.62662662662663,0.7312298952812372
206.7067067067067,0.7329080410806333
206.7867867867868,0.7362159718808119
206.86686686686687,0.7379634655926581
206.94694694694695,0.7410296736219298
207.02702702702703,0.742813695488137
207.1071071071071,0.7455055284710571
207.1871871871872,0.7477212959087166
207.26726726726727,0.7505723873677158
207.34734734734735,0.7525144897083624
207.42742742742743,0.7548178408022125
207.5075075075075,0.757120326750067
207.5875875875876,0.7602397947654027
207.66766766766767,0.7624996399235677
207.74774774774775,0.7647404527956483
207.82782782782783,0.7665871391888108
207.9079079079079,0.7693132925529451
207.987987987988,0.7717413774050693
208.06806806806807,0.774381104130863
208.14814814814815,0.7764735036099607
208.22822822822823,0.7783510886663481
208.3083083083083,0.781094300179566
208.3883883883884,0.782855312961495
208.46846846846847,0.7856052087470407
208.54854854854855,0.7865575391734909
208.62862862862863,0.7893846832605693
208.7087087087087,0.7905954170379642
208.7887887887888,0.7929746417205413
208.86886886886887,0.7941353635042043
208.94894894894895,0.7965181943488533
209.02902902902903,0.797976089369197
209.1091091091091,0.8000812614216969
209.1891891891892,0.8015472649363209
209.26926926926927,0.8047995850217541
209.34934934934935,0.8060251562384525
209.42942942942943,0.8093311216768098
209.5095095095095,0.8104351263209002
209.5895895895896,0.8145383598073925
209.66966966966967,0.815414961349251
209.74974974974975,0.8186221657755741
209.82982982982983,0.8196563567174329
209.9099099099099,0.8239815011023273
209.98998998999,0.8263160115565882
210.07007007007007,0.830521570967287
210.15015015015015,0.8327062260897057
210.23023023023023,0.8365731229753162
210.3103103103103,0.8388505391918432
210.3903903903904,0.8421152745289036
210.47047047047047,0.8439777408866991
210.55055055055055,0.8479499680081269
210.63063063063063,0.8509782964435151
210.7107107107107,0.8552425280734365
210.7907907907908,0.8575682400670043
210.87087087087087,0.8609860661600359
210.95095095095095,0.8632093612350222
211.03103103103103,0.8661131319557033
211.11111111111111,0.8683504328067798
211.1911911911912,0.87073216804952
211.27127127127127,0.8737902217805764
211.35135135135135,0.8762257801524665
211.43143143143143,0.8780390354412226
211.51151151151151,0.8785710118799017
211.5915915915916,0.8792435719699383
211.67167167167167,0.8804883985875324
211.75175175175175,0.881545390635482
211.83183183183183,0.8815433868185129
211.91191191191191,0.8814171536647343
211.991991991992,0.8808009743635606
212.07207207207207,0.8808654878551526
212.15215215215215,0.8790649977225259
212.23223223223223,0.8773512158390196
212.31231231231232,0.8745999607126277
212.3923923923924,0.8731617712389788
212.47247247247248,0.8704059001569372
212.55255255255256,0.8680183015607992
212.63263263263264,0.864466789343777
212.71271271271272,0.8614083244037173
212.7927927927928,0.8574924218546226
212.87287287287288,0.8535614029618117
212.95295295295296,0.8494714601130615
213.03303303303304,0.8458317358956724
213.11311311311312,0.8418937523774153
213.1931931931932,0.8379049521880402
213.27327327327328,0.833606657063922
213.35335335335336,0.8296201991376461
213.43343343343344,0.8243462350635977
213.51351351351352,0.8195090161445984
213.5935935935936,0.8144353905564448
213.67367367367368,0.8108204662007283
213.75375375375376,0.8069497646646375
213.83383383383384,0.8024781308635284
213.91391391391392,0.7977083308406786
213.993993993994,0.7925029399946887
214.07407407407408,0.7881332972978046
214.15415415415416,0.7838546515404454
214.23423423423424,0.7798602415262648
214.31431431431432,0.7763603419102265
214.3943943943944,0.7727435518916416
214.47447447447448,0.7690339200994976
214.55455455455456,0.7645793223020407
214.63463463463464,0.7598544395622666
214.71471471471472,0.7565587678524252
214.7947947947948,0.7531069098311544
214.87487487487488,0.750493905718632
214.95495495495496,0.7464066128837967
215.03503503503504,0.7436759891656767
215.11511511511512,0.7402443743130774
215.1951951951952,0.7373032510176424
215.27527527527528,0.7340576880191069
215.35535535535536,0.7316954534023548
215.43543543543544,0.729200646343327
215.51551551551552,0.7270752124426767
215.5955955955956,0.7241269974690097
215.67567567567568,0.7225970951543611
215.75575575575576,0.7195919641403239
215.83583583583584,0.7185509241890227
215.91591591591592,0.716234972827144
215.995995995996,0.7158796337173684
216.07607607607608,0.7139681353429262
216.15615615615616,0.7133509736966089
216.23623623623624,0.711640246373287
216.31631631631632,0.7110606282749266
216.3963963963964,0.7095185333123231
216.47647647647648,0.7097236858635059
216.55655655655656,0.708184851198059
216.63663663663664,0.707889280516489
216.71671671671672,0.7061597879279813
216.7967967967968,0.7067402116425311
216.87687687687688,0.7061895217009845
216.95695695695696,0.7067443758773765
217.03703703703704,0.7060762706612034
217.11711711711712,0.7070231549596115
217.1971971971972,0.7076150826574855
217.27727727727728,0.7086377393179675
217.35735735735736,0.7089834744951287
217.43743743743744,0.7105712106931613
217.51751751751752,0.7117514060577013
217.5975975975976,0.7131348303863718
217.67767767767768,0.7132805660027272
217.75775775775776,0.7151601242441005
217.83783783783784,0.7168105680813894
217.91791791791792,0.7191892597040271
217.997997997998,0.7208947376406805
218.07807807807808,0.7233137419000293
218.15815815815816,0.7256523291232887
218.23823823823824,0.7283820883262214
218.31831831831832,0.7306723526192803
218.3983983983984,0.7335198182249846
218.47847847847848,0.7360287997426621
218.55855855855856,0.7386184448006559
218.63863863863864,0.7411645198029562
218.71871871871872,0.7441410398302095
218.7987987987988,0.7470977964201992
218.87887887887888,0.750515241365849
218.95895895895896,0.7544687847732386
219.03903903903904,0.758415761986573
219.11911911911912,0.7621509388485478
219.1991991991992,0.7651024773450233
219.27927927927928,0.7687675512730724
219.35935935935936,0.7736722719589303
219.43943943943944,0.7788026573025346
219.51951951951952,0.7832407956630978
219.5995995995996,0.7876532888731496
219.67967967967968,0.791578595718553
219.75975975975976,0.7970397606634302
219.83983983983984,0.8001338038539669
219.91991991991992,0.8060413135430325
220.0,0.8099099218479969
