freq,trans_dB
140.0,-6.694661447314656
140.08008008008008,-6.646112571399216
140.16016016016016,-6.590400018749277
140.24024024024024,-6.4818320551972075
140.32032032032032,-6.376210196566589
140.4004004004004,-6.24608054241968
140.48048048048048,-6.144361898424722
140.56056056056056,-6.040402135317834
140.64064064064064,-5.986962720933457
140.72072072072072,-5.9065329726052385
140.8008008008008,-5.847443165571169
140.88088088088088,-5.761585708021289
140.96096096096096,-5.7219321657103945
141.04104104104104,-5.664796986990705
141.12112112112112,-5.6514000424438855
141.2012012012012,-5.603380107988146
141.28128128128128,-5.616122120257026
141.36136136136136,-5.598353469986423
141.44144144144144,-5.619765774347249
141.52152152152152,-5.599924083487236
141.6016016016016,-5.624020011800951
141.68168168168168,-5.641470624938966
141.76176176176176,-5.678870649553285
141.84184184184184,-5.711884009465104
141.92192192192192,-5.7550792199087155
142.002002002002,-5.822925600449441
142.08208208208208,-5.887097397751023
142.16216216216216,-5.9656511996943475
142.24224224224224,-6.023879013144098
142.32232232232232,-6.1120689686214895
142.4024024024024,-6.197485134806109
142.48248248248248,-6.307114851015386
142.56256256256256,-6.393292797924195
142.64264264264264,-6.522444719445133
142.72272272272272,-6.629586803759307
142.8028028028028,-6.7887426375048845
142.88288288288288,-6.882520190290102
142.96296296296296,-7.027325681233346
143.04304304304304,-7.1260545525380685
143.12312312312312,-7.292382733329956
143.2032032032032,-7.401102215960205
143.28328328328328,-7.562211274812312
143.36336336336336,-7.685088574005473
143.44344344344344,-7.869378888194914
143.52352352352352,-8.00745877774971
143.6036036036036,-8.181576687044629
143.68368368368368,-8.312070950917189
143.76376376376376,-8.489439624577079
143.84384384384384,-8.638053293774364
143.92392392392392,-8.82226545682588
144.004004004004,-8.988266380720022
144.08408408408408,-9.161118114612162
144.16416416416416,-9.327790349229748
144.24424424424424,-9.47594542950836
144.32432432432432,-9.647171992407158
144.4044044044044,-9.800449560605912
144.48448448448448,-9.98889252836753
144.56456456456456,-10.130679019642363
144.64464464464464,-10.293802389735937
144.72472472472472,-10.42216486851218
144.8048048048048,-10.60559318938157
144.88488488488488,-10.73450056393927
144.96496496496496,-10.89419139803897
145.04504504504504,-10.98354565808725
145.12512512512512,-11.135678132270613
145.2052052052052,-11.248592953076331
145.28528528528528,-11.40852841165917
145.36536536536536,-11.480790897699537
145.44544544544544,-11.592209083130898
145.52552552552552,-11.668446130379062
145.6056056056056,-11.801452949377687
145.68568568568568,-11.874621847058606
145.76576576576576,-11.975848729335606
145.84584584584584,-12.035725393260929
145.92592592592592,-12.114989693353898
146.006006006006,-12.151106546479086
146.08608608608608,-12.200072267859163
146.16616616616616,-12.239404540087035
146.24624624624624,-12.277290919900526
146.32632632632632,-12.30914533060157
146.4064064064064,-12.350567295145702
146.48648648648648,-12.391412171477521
146.56656656656656,-12.420081365154177
146.64664664664664,-12.424885290922518
146.72672672672672,-12.410561705171887
146.8068068068068,-12.418688525381604
146.88688688688688,-12.40973853607124
146.96696696696696,-12.42287892352449
147.04704704704704,-12.394484308076798
147.12712712712712,-12.391276032086044
147.2072072072072,-12.352174797552395
147.28728728728728,-12.323623068965722
147.36736736736736,-12.26173081712632
147.44744744744744,-12.221554364826462
147.52752752752752,-12.177275390479
147.6076076076076,-12.141889214801441
147.68768768768768,-12.073145985385395
147.76776776776777,-12.012190511743295
147.84784784784785,-11.93100610673117
147.92792792792793,-11.87791533384125
148.008008008008,-11.788921998872143
148.08808808808809,-11.702870920238421
148.16816816816817,-11.587368118818553
148.24824824824825,-11.495654609896064
148.32832832832833,-11.406286136031044
148.4084084084084,-11.322750958263832
148.48848848848849,-11.232857987992892
148.56856856856857,-11.13275937122836
148.64864864864865,-11.02783125381439
148.72872872872873,-10.922135301674903
148.8088088088088,-10.819225627320305
148.88888888888889,-10.719116259837413
148.96896896896897,-10.606799638447438
149.04904904904905,-10.479265831412574
149.12912912912913,-10.345508733402742
149.2092092092092,-10.210885672624032
149.2892892892893,-10.096399958684964
149.36936936936937,-9.976497421733747
149.44944944944945,-9.864176904284918
149.52952952952953,-9.723631347358708
149.6096096096096,-9.57998713931467
149.6896896896897,-9.431358401490256
149.76976976976977,-9.298291432313512
149.84984984984985,-9.162625596402874
149.92992992992993,-9.023640480882946
150.01001001001,-8.872162488472933
150.0900900900901,-8.730701095956078
150.17017017017017,-8.574144529966294
150.25025025025025,-8.426133595567743
150.33033033033033,-8.25918174339652
150.4104104104104,-8.105795310478065
150.4904904904905,-7.945459452152718
150.57057057057057,-7.797603989076262
150.65065065065065,-7.650289856161177
150.73073073073073,-7.507814076034786
150.8108108108108,-7.354681274087701
150.8908908908909,-7.199645467610106
150.97097097097097,-7.040838106417695
151.05105105105105,-6.886313275343173
151.13113113113113,-6.738335661046957
151.2112112112112,-6.594336310405987
151.2912912912913,-6.4449617293895205
151.37137137137137,-6.290259811782351
151.45145145145145,-6.135349883338847
151.53153153153153,-5.986474339987719
151.6116116116116,-5.849419890918757
151.6916916916917,-5.709525378961223
151.77177177177177,-5.583693575579392
151.85185185185185,-5.446789485793636
151.93193193193193,-5.328619285070226
152.012012012012,-5.194445063108
152.0920920920921,-5.082289679284005
152.17217217217217,-4.963043941877417
152.25225225225225,-4.864657571610135
152.33233233233233,-4.753324817611881
152.4124124124124,-4.661821032549414
152.4924924924925,-4.570738593326095
152.57257257257257,-4.49976439540602
152.65265265265265,-4.421921926258256
152.73273273273273,-4.3621492279831475
152.8128128128128,-4.299269874132188
152.8928928928929,-4.254663280053778
152.97297297297297,-4.199295283907465
153.05305305305305,-4.1613991034709255
153.13313313313313,-4.126158459118854
153.2132132132132,-4.105771817549931
153.2932932932933,-4.085211172066842
153.37337337337337,-4.066378341735886
153.45345345345345,-4.061929477354099
153.53353353353353,-4.063946401288439
153.6136136136136,-4.081681844445297
153.6936936936937,-4.091005058120148
153.77377377377377,-4.115641790991816
153.85385385385385,-4.136715300363355
153.93393393393393,-4.182035334756549
154.014014014014,-4.214731310308451
154.0940940940941,-4.262833219414577
154.17417417417417,-4.294735310330786
154.25425425425425,-4.352250688336053
154.33433433433433,-4.394486459416979
154.4144144144144,-4.456670212292774
154.4944944944945,-4.502864399272781
154.57457457457457,-4.576521350567763
154.65465465465465,-4.641489068558847
154.73473473473473,-4.717224874818482
154.8148148148148,-4.775087977526604
154.8948948948949,-4.839768476639149
154.97497497497497,-4.910276632022842
155.05505505505505,-4.995039048216597
155.13513513513513,-5.083241714765798
155.2152152152152,-5.174875592036491
155.2952952952953,-5.260337286865369
155.37537537537537,-5.348121348660071
155.45545545545545,-5.4395702521514755
155.53553553553553,-5.53410861980567
155.6156156156156,-5.638973524739345
155.6956956956957,-5.733334868619278
155.77577577577577,-5.836428704905676
155.85585585585585,-5.934059055963212
155.93593593593593,-6.0414792368369845
156.016016016016,-6.141820443884229
156.0960960960961,-6.257132326325538
156.17617617617617,-6.37427683404287
156.25625625625625,-6.496158149345802
156.33633633633633,-6.608646432917503
156.4164164164164,-6.728716827628488
156.4964964964965,-6.842609197724377
156.57657657657657,-6.9716730638462785
156.65665665665665,-7.09027161748046
156.73673673673673,-7.22639849607802
156.8168168168168,-7.355757922770339
156.8968968968969,-7.498965206399412
156.97697697697697,-7.628566241150929
157.05705705705705,-7.758619540421814
157.13713713713713,-7.878625275035446
157.2172172172172,-8.005833192750565
157.2972972972973,-8.12684703924705
157.37737737737737,-8.255147945315848
157.45745745745745,-8.383693673651088
157.53753753753753,-8.518003426605677
157.6176176176176,-8.639543893877379
157.6976976976977,-8.74765254114289
157.77777777777777,-8.857401549754456
157.85785785785785,-8.973779009799605
157.93793793793793,-9.091784702700433
158.018018018018,-9.186794056594701
158.0980980980981,-9.277426812234143
158.17817817817817,-9.357377258174438
158.25825825825825,-9.457414664756639
158.33833833833833,-9.550045219208593
158.4184184184184,-9.635703884550043
158.4984984984985,-9.702760451080817
158.57857857857857,-9.77265550500468
158.65865865865865,-9.8356653849161
158.73873873873873,-9.893936919420845
158.8188188188188,-9.92624416594471
158.8988988988989,-9.954507768856848
158.97897897897897,-9.979504059433596
159.05905905905905,-10.01314076146136
159.13913913913913,-10.037708787185773
159.2192192192192,-10.057302611477342
159.2992992992993,-10.06310804230292
159.37937937937937,-10.06739917254481
159.45945945945945,-10.049423712026398
159.53953953953953,-10.024773551069996
159.6196196196196,-9.999870277993267
159.6996996996997,-9.98475472878334
159.77977977977977,-9.96059359069007
159.85985985985985,-9.92675342183654
159.93993993993993,-9.881610428602865
160.02002002002,-9.836677958624287
160.1001001001001,-9.792408461449215
160.18018018018017,-9.742790829773837
160.26026026026025,-9.687732391099987
160.34034034034033,-9.628653229348044
160.4204204204204,-9.563661620859207
160.5005005005005,-9.480461492685555
160.58058058058057,-9.39296321381355
160.66066066066065,-9.298567832222535
160.74074074074073,-9.208203961051336
160.8208208208208,-9.103484451309228
160.9009009009009,-9.00424201942417
160.98098098098097,-8.902412263638318
161.06106106106105,-8.809956324657628
161.14114114114113,-8.69628740716474
161.2212212212212,-8.573316331614212
161.3013013013013,-8.440610183741446
161.38138138138137,-8.32137480730086
161.46146146146145,-8.202717603273344
161.54154154154153,-8.084905595174863
161.6216216216216,-7.965732916399871
161.7017017017017,-7.847658056668965
161.78178178178177,-7.7280357838457805
161.86186186186185,-7.598724399537259
161.94194194194193,-7.464528316964631
162.022022022022,-7.324102519676401
162.1021021021021,-7.1807504613014475
162.18218218218217,-7.03376309855845
162.26226226226225,-6.8926191112810065
162.34234234234233,-6.753134873915151
162.42242242242241,-6.614516707399166
162.5025025025025,-6.469977807069712
162.58258258258257,-6.323637849653003
162.66266266266265,-6.172892356870427
162.74274274274273,-6.033422466223672
162.82282282282281,-5.8839188691848845
162.9029029029029,-5.741456730811113
162.98298298298297,-5.586278956111884
163.06306306306305,-5.44512681948587
163.14314314314313,-5.297682841655956
163.22322322322321,-5.162318782117267
163.3033033033033,-5.023657469318084
163.38338338338338,-4.897536697689832
163.46346346346346,-4.768388270715069
163.54354354354354,-4.648089887781377
163.62362362362362,-4.524927157652187
163.7037037037037,-4.405261505842649
163.78378378378378,-4.282534782467462
163.86386386386386,-4.167101122932862
163.94394394394394,-4.058037393551139
164.02402402402402,-3.959738617134394
164.1041041041041,-3.8679507973626563
164.18418418418418,-3.778484338002177
164.26426426426426,-3.6937976154638164
164.34434434434434,-3.610845386013381
164.42442442442442,-3.537765407526209
164.5045045045045,-3.466043587126441
164.58458458458458,-3.4085821573917725
164.66466466466466,-3.3560571093359717
164.74474474474474,-3.3200165296448767
164.82482482482482,-3.2787929344991356
164.9049049049049,-3.247059793101402
164.98498498498498,-3.215565760989066
165.06506506506506,-3.20385431770795
165.14514514514514,-3.1898073526444928
165.22522522522522,-3.1823922554011936
165.3053053053053,-3.1696460705876013
165.38538538538538,-3.1747967176744445
165.46546546546546,-3.1796018314534926
165.54554554554554,-3.192027770446535
165.62562562562562,-3.2007921719531884
165.7057057057057,-3.221738112034273
165.78578578578578,-3.249810138700873
165.86586586586586,-3.279764995562897
165.94594594594594,-3.305318618958696
166.02602602602602,-3.3363900616296776
166.1061061061061,-3.3666933888627923
166.18618618618618,-3.4006441701084165
166.26626626626626,-3.4312105163311717
166.34634634634634,-3.4679610179654548
166.42642642642642,-3.5123140120984093
166.5065065065065,-3.5576643700062087
166.58658658658658,-3.604947705770077
166.66666666666666,-3.6432861946391992
166.74674674674674,-3.6878822120552637
166.82682682682682,-3.7245006027232987
166.9069069069069,-3.7717390357569176
166.98698698698698,-3.814171045824491
167.06706706706706,-3.8677971932586748
167.14714714714714,-3.9142265904659483
167.22722722722722,-3.9702406940781483
167.3073073073073,-4.019796656522594
167.38738738738738,-4.075848308609757
167.46746746746746,-4.119743458476428
167.54754754754754,-4.172890875671715
167.62762762762762,-4.216196277565464
167.7077077077077,-4.27332967787411
167.78778778778778,-4.3235156517144935
167.86786786786786,-4.380230659090541
167.94794794794794,-4.4278034751256135
168.02802802802802,-4.4817818711108615
168.1081081081081,-4.537920857529249
168.18818818818818,-4.598997812011264
168.26826826826826,-4.656724462515979
168.34834834834834,-4.715492862297019
168.42842842842842,-4.774204065986341
168.5085085085085,-4.835342057042028
168.58858858858858,-4.895856454269218
168.66866866866866,-4.956663854792983
168.74874874874874,-5.026922592448826
168.82882882882882,-5.097443108204607
168.9089089089089,-5.173950523085027
168.98898898898898,-5.243347085892815
169.06906906906906,-5.322760527703783
169.14914914914914,-5.395288072493263
169.22922922922922,-5.476970914763613
169.3093093093093,-5.551210629101448
169.38938938938938,-5.640968151079292
169.46946946946946,-5.725566301809584
169.54954954954954,-5.8137211569052765
169.62962962962962,-5.888757380213739
169.7097097097097,-5.979514887173351
169.78978978978978,-6.068781666628942
169.86986986986986,-6.167908805470038
169.94994994994994,-6.249390877441974
170.03003003003002,-6.337601275057335
170.1101101101101,-6.419547584507351
170.19019019019018,-6.5131933374009074
170.27027027027026,-6.595636828905055
170.35035035035034,-6.676079532916768
170.43043043043042,-6.749686197646275
170.5105105105105,-6.832181602607038
170.59059059059058,-6.910991035413499
170.67067067067066,-6.989401924089405
170.75075075075074,-7.058020416964995
170.83083083083082,-7.125312367371575
170.9109109109109,-7.189267699164892
170.99099099099098,-7.25399943333446
171.07107107107106,-7.313929241430548
171.15115115115114,-7.3676669856181825
171.23123123123122,-7.41542390864615
171.3113113113113,-7.457061733527333
171.39139139139138,-7.491330772264174
171.47147147147146,-7.521877917646842
171.55155155155154,-7.551057966248303
171.63163163163162,-7.576668999919075
171.7117117117117,-7.597348449689862
171.79179179179178,-7.60525938434274
171.87187187187186,-7.60485711132613
171.95195195195194,-7.5935010772844285
172.03203203203202,-7.588139521903392
172.11211211211213,-7.576336093325192
172.19219219219218,-7.568826064957843
172.2722722722723,-7.544835948691126
172.35235235235234,-7.519354763146016
172.43243243243245,-7.483614857752505
172.5125125125125,-7.44988881460125
172.5925925925926,-7.399934100433407
172.67267267267266,-7.344229756851338
172.75275275275277,-7.2800895289341145
172.83283283283282,-7.220835246860684
172.91291291291293,-7.15387068511896
172.99299299299298,-7.084525080445853
173.0730730730731,-7.003610176269708
173.15315315315314,-6.926398363159041
173.23323323323325,-6.840644914598454
173.3133133133133,-6.755916912519698
173.3933933933934,-6.658920640933404
173.47347347347346,-6.560478527571175
173.55355355355357,-6.456266207743649
173.63363363363362,-6.354344056784648
173.71371371371373,-6.247560797798641
173.79379379379378,-6.139630591672406
173.8738738738739,-6.028433549828872
173.95395395395394,-5.917695381816177
174.03403403403405,-5.800827142250102
174.1141141141141,-5.684811991631766
174.1941941941942,-5.568761092055135
174.27427427427426,-5.448595878272688
174.35435435435437,-5.3208292863697615
174.43443443443442,-5.191055308053864
174.51451451451453,-5.06565469983351
174.59459459459458,-4.9436460018525175
174.6746746746747,-4.821831285666435
174.75475475475474,-4.698738019035916
174.83483483483485,-4.577828946281753
174.9149149149149,-4.453750377581936
174.994994994995,-4.331088293868978
175.07507507507506,-4.20752741960615
175.15515515515517,-4.090239587942861
175.23523523523522,-3.9703213162976088
175.31531531531533,-3.8504576368744647
175.39539539539538,-3.7333244849862184
175.4754754754755,-3.629135285140189
175.55555555555554,-3.533561803660005
175.63563563563565,-3.443459551090472
175.7157157157157,-3.352183060517768
175.7957957957958,-3.2644060703936773
175.87587587587586,-3.177961548104666
175.95595595595597,-3.094904646725035
176.03603603603602,-3.0130250046062166
176.11611611611613,-2.941893380949881
176.19619619619618,-2.8818551739413554
176.2762762762763,-2.8278339608062106
176.35635635635634,-2.775432192373117
176.43643643643645,-2.730058061543975
176.5165165165165,-2.693058697591858
176.5965965965966,-2.6617084974284317
176.67667667667666,-2.632744705455203
176.75675675675677,-2.6066185170790312
176.83683683683682,-2.587180481732785
176.91691691691693,-2.573173828670852
176.99699699699698,-2.5635659132764337
177.0770770770771,-2.5623110272297325
177.15715715715714,-2.5704613107317353
177.23723723723725,-2.5813232673052253
177.3173173173173,-2.5908219030435053
177.3973973973974,-2.6045603264375337
177.47747747747746,-2.625333387654016
177.55755755755757,-2.651580308786897
177.63763763763762,-2.676280447453169
177.71771771771773,-2.7006069201736915
177.79779779779778,-2.72712467514376
177.8778778778779,-2.7575700261506038
177.95795795795794,-2.7913084303112954
178.03803803803805,-2.825868629116443
178.1181181181181,-2.862658931872776
178.1981981981982,-2.8966390016730057
178.27827827827826,-2.9288191511733275
178.35835835835837,-2.961235501392198
178.43843843843842,-2.994723184071972
178.51851851851853,-3.028341992058039
178.59859859859858,-3.0614268993877336
178.6786786786787,-3.097752795542643
178.75875875875874,-3.136804012243899
178.83883883883885,-3.1766875578620737
178.9189189189189,-3.2166135724486757
178.998998998999,-3.2546652951775497
179.07907907907907,-3.289311659456995
179.15915915915917,-3.319329235734017
179.23923923923923,-3.349998310692866
179.31931931931933,-3.382515330114183
179.39939939939939,-3.412893238636002
179.4794794794795,-3.439120483663697
179.55955955955955,-3.467169361249748
179.63963963963965,-3.5019655488824046
179.7197197197197,-3.534294189460372
179.7997997997998,-3.559144696731665
179.87987987987987,-3.5809769923820913
179.95995995995997,-3.6060530063320266
180.04004004004003,-3.6324949888448854
180.12012012012013,-3.65841001133129
180.2002002002002,-3.6858092373047078
180.2802802802803,-3.7158108070446936
180.36036036036035,-3.7478520768300507
180.44044044044045,-3.775033583346619
180.5205205205205,-3.799961162825682
180.60060060060061,-3.8274212491473474
180.68068068068067,-3.856692929121054
180.76076076076077,-3.885956500720692
180.84084084084083,-3.9098614729350305
180.92092092092093,-3.9313955779459664
181.001001001001,-3.9522756913657267
181.0810810810811,-3.9768588133448466
181.16116116116115,-4.00553986589933
181.24124124124126,-4.033965305673343
181.3213213213213,-4.0627619451629595
181.40140140140142,-4.092027278385371
181.48148148148147,-4.124202867571099
181.56156156156158,-4.156113667121205
181.64164164164163,-4.189320907571513
181.72172172172174,-4.224941098475865
181.8018018018018,-4.260492409107263
181.8818818818819,-4.294671500833077
181.96196196196195,-4.3284996310206605
182.04204204204206,-4.368614206629279
182.1221221221221,-4.413079113558302
182.20220220220222,-4.457224494433095
182.28228228228227,-4.499406365274872
182.36236236236238,-4.542033132838377
182.44244244244243,-4.589156714744348
182.52252252252254,-4.635604058135135
182.6026026026026,-4.680167334426463
182.6826826826827,-4.722521784087811
182.76276276276275,-4.7668965173563755
182.84284284284286,-4.813910813427774
182.9229229229229,-4.860911080405564
183.00300300300302,-4.909068843389331
183.08308308308307,-4.9575662744083555
183.16316316316318,-5.001595355637935
183.24324324324323,-5.03954497213164
183.32332332332334,-5.077299189802936
183.4034034034034,-5.1197187954590095
183.4834834834835,-5.1610180108726835
183.56356356356355,-5.195912320416305
183.64364364364366,-5.224933723859455
183.7237237237237,-5.2554361429020675
183.80380380380382,-5.285025180452455
183.88388388388387,-5.309876051069939
183.96396396396398,-5.328570504967014
184.04404404404403,-5.3438732424867865
184.12412412412414,-5.35646296401889
184.2042042042042,-5.364639550868133
184.2842842842843,-5.3692309619010254
184.36436436436435,-5.370559083340164
184.44444444444446,-5.367616694380228
184.5245245245245,-5.358263559703222
184.60460460460462,-5.340450724742023
184.68468468468467,-5.317532615891245
184.76476476476478,-5.294252589674792
184.84484484484483,-5.269155414001035
184.92492492492494,-5.238855640288039
185.005005005005,-5.202018429482899
185.0850850850851,-5.1592339628804735
185.16516516516515,-5.113650104175414
185.24524524524526,-5.061735382421336
185.3253253253253,-5.005455184482124
185.40540540540542,-4.941550511164838
185.48548548548547,-4.874366935287914
185.56556556556558,-4.804789202104858
185.64564564564563,-4.733325017258642
185.72572572572574,-4.66077660342492
185.8058058058058,-4.5829349292243435
185.8858858858859,-4.500961526937509
185.96596596596595,-4.410880840363707
186.04604604604606,-4.318205539529791
186.1261261261261,-4.226044446366484
186.20620620620622,-4.137658733722437
186.28628628628627,-4.048464314467611
186.36636636636638,-3.9542814600444833
186.44644644644643,-3.854406260723027
186.52652652652654,-3.7545828887960297
186.6066066066066,-3.656647478953484
186.6866866866867,-3.5605015816153407
186.76676676676675,-3.4658996702249487
186.84684684684686,-3.3695899458150174
186.9269269269269,-3.272835971979248
187.00700700700702,-3.177894901954748
187.08708708708707,-3.0880475461115986
187.16716716716718,-2.997400163884351
187.24724724724723,-2.906479808749164
187.32732732732734,-2.8193732549777994
187.4074074074074,-2.738751951843972
187.4874874874875,-2.6631507366403118
187.56756756756755,-2.593107512096179
187.64764764764766,-2.526277540491912
187.7277277277277,-2.4634423658316336
187.80780780780782,-2.399617998456627
187.88788788788787,-2.338647465472281
187.96796796796798,-2.2838435637920873
188.04804804804803,-2.239880979943647
188.12812812812814,-2.204975962769571
188.2082082082082,-2.1732956135829573
188.2882882882883,-2.13906588159558
188.36836836836835,-2.10819443946958
188.44844844844846,-2.0824204167490645
188.5285285285285,-2.068733390117501
188.60860860860862,-2.0623175837887717
188.68868868868867,-2.058395053033014
188.76876876876878,-2.0550889848122877
188.84884884884883,-2.0540846915445443
188.92892892892894,-2.061970801956824
189.009009009009,-2.0792655124982815
189.0890890890891,-2.1000484979605973
189.16916916916915,-2.1199963656494454
189.24924924924926,-2.139791497832217
189.3293293293293,-2.1615409661091616
189.40940940940942,-2.18717333191423
189.48948948948947,-2.2167337286231508
189.56956956956958,-2.247144522192201
189.64964964964963,-2.2791331811170275
189.72972972972974,-2.3114683682622386
189.8098098098098,-2.3471522176707307
189.8898898898899,-2.3843264997542644
189.96996996996995,-2.4229702257992813
190.05005005005006,-2.461952148845011
190.1301301301301,-2.500661231959849
190.21021021021022,-2.5368633806121306
190.29029029029027,-2.570910608961741
190.37037037037038,-2.6067331829743328
190.45045045045043,-2.646212445275886
190.53053053053054,-2.6872929992251127
190.6106106106106,-2.7244435357646117
190.6906906906907,-2.7578118100906246
190.77077077077075,-2.79096683711583
190.85085085085086,-2.8247865114953323
190.9309309309309,-2.8563227641914617
191.01101101101102,-2.886599019784259
191.09109109109107,-2.917443939855895
191.17117117117118,-2.9500256667316607
191.25125125125123,-2.981932701065507
191.33133133133134,-3.0090325373854134
191.41141141141142,-3.032598534639308
191.4914914914915,-3.057635568061217
191.57157157157158,-3.0839672887478002
191.65165165165166,-3.107727716406438
191.73173173173174,-3.128079097023352
191.81181181181182,-3.147131098143511
191.8918918918919,-3.167202162991293
191.97197197197198,-3.188038300328936
192.05205205205206,-3.202852074830474
192.13213213213214,-3.221986093957923
192.21221221221222,-3.2388975853785076
192.2922922922923,-3.2583054494370085
192.37237237237238,-3.2686933652679606
192.45245245245246,-3.277624646039204
192.53253253253254,-3.2853310837467538
192.61261261261262,-3.2982289317352436
192.6926926926927,-3.3086623685789216
192.77277277277278,-3.3206545775230922
192.85285285285286,-3.3249901596753992
192.93293293293294,-3.3314587794323134
193.01301301301302,-3.3348637519732733
193.0930930930931,-3.341785109532408
193.17317317317318,-3.3440193362257142
193.25325325325326,-3.3471990941454166
193.33333333333334,-3.3469451741201808
193.41341341341342,-3.3487421286205685
193.4934934934935,-3.3481006234495236
193.57357357357358,-3.349843788141299
193.65365365365366,-3.3531347109284972
193.73373373373374,-3.3584628068001057
193.81381381381382,-3.3598995449735076
193.8938938938939,-3.36058990633891
193.97397397397398,-3.3629220458104694
194.05405405405406,-3.3638678325273537
194.13413413413414,-3.3649276324835347
194.21421421421422,-3.363854247694037
194.2942942942943,-3.3649887800753993
194.37437437437438,-3.3637538537043614
194.45445445445446,-3.3640767786734895
194.53453453453454,-3.367069466162293
194.61461461461462,-3.3720486620240573
194.6946946946947,-3.371749097229265
194.77477477477478,-3.3730804053748584
194.85485485485486,-3.3781718940805363
194.93493493493494,-3.3871576022625973
195.01501501501502,-3.3921328841276988
195.0950950950951,-3.3947338392546644
195.17517517517518,-3.3975590436366927
195.25525525525526,-3.400706583488301
195.33533533533534,-3.404369000427538
195.41541541541542,-3.413230216586716
195.4954954954955,-3.4242019673679875
195.57557557557558,-3.437524003446564
195.65565565565566,-3.445349123250812
195.73573573573574,-3.4495923273942433
195.81581581581582,-3.4528438758371176
195.8958958958959,-3.4559723550444232
195.97597597597598,-3.4621819981762445
196.05605605605606,-3.4650696894705186
196.13613613613614,-3.472352421854556
196.21621621621622,-3.4755195383442476
196.2962962962963,-3.4782496217304866
196.37637637637638,-3.473576911441291
196.45645645645646,-3.46907976228875
196.53653653653654,-3.4630512637317303
196.61661661661662,-3.4589147993449596
196.6966966966967,-3.4485641273647367
196.77677677677679,-3.43526854012748
196.85685685685687,-3.4191340633100884
196.93693693693695,-3.4050785783340296
197.01701701701703,-3.3845213306021096
197.0970970970971,-3.359238436479174
197.17717717717719,-3.3321670766349745
197.25725725725727,-3.3078267621880424
197.33733733733735,-3.2782935037954104
197.41741741741743,-3.238201400487938
197.4974974974975,-3.1919024098659965
197.57757757757759,-3.147578030765724
197.65765765765767,-3.1021027290895264
197.73773773773775,-3.0559854793989776
197.81781781781783,-3.0022162670786825
197.8978978978979,-2.951483041512134
197.977977977978,-2.8950665341837882
198.05805805805807,-2.8386684378650053
198.13813813813815,-2.7771967939496505
198.21821821821823,-2.715653821235425
198.2982982982983,-2.6509091259137985
198.3783783783784,-2.586157606948438
198.45845845845847,-2.5226548519200627
198.53853853853855,-2.461034845171545
198.61861861861863,-2.399724024263458
198.6986986986987,-2.332340929135838
198.7787787787788,-2.260739611520189
198.85885885885887,-2.1914104533726233
198.93893893893895,-2.1303290844963434
199.01901901901903,-2.0753836034618183
199.0990990990991,-2.02013921306169
199.1791791791792,-1.961888194538772
199.25925925925927,-1.9039510905645922
199.33933933933935,-1.848141265248626
199.41941941941943,-1.7962900167601021
199.4994994994995,-1.7491196322550615
199.5795795795796,-1.7078536421490744
199.65965965965967,-1.6723055036655445
199.73973973973975,-1.6367773595758477
199.81981981981983,-1.6046076009680772
199.8998998998999,-1.5770542694418233
199.97997997998,-1.560574620960258
200.06006006006007,-1.5441488250919084
200.14014014014015,-1.5297658864759054
200.22022022022023,-1.52022557459255
200.3003003003003,-1.517771223729192
200.3803803803804,-1.5226787082299917
200.46046046046047,-1.530807922533952
200.54054054054055,-1.5410613221601335
200.62062062062063,-1.5513776932704089
200.7007007007007,-1.563029164053692
200.7807807807808,-1.583132991981697
200.86086086086087,-1.6078331251961702
200.94094094094095,-1.6367898490473984
201.02102102102103,-1.6658917400908226
201.1011011011011,-1.6957222349286671
201.1811811811812,-1.7263207196451613
201.26126126126127,-1.7587695263712395
201.34134134134135,-1.796880710615148
201.42142142142143,-1.8376598439328986
201.5015015015015,-1.8789633087030078
201.5815815815816,-1.9177475612658652
201.66166166166167,-1.9581743157329006
201.74174174174175,-1.9988245180290953
201.82182182182183,-2.048098473437815
201.9019019019019,-2.092215994054658
201.981981981982,-2.13907030695868
202.06206206206207,-2.1764075310759656
202.14214214214215,-2.221247985983681
202.22222222222223,-2.2613709040043046
202.3023023023023,-2.311377165592797
202.3823823823824,-2.3525789462211395
202.46246246246247,-2.3960622191927112
202.54254254254255,-2.4327606925922316
202.62262262262263,-2.470007183555857
202.7027027027027,-2.5120484079253265
202.7827827827828,-2.553734715481709
202.86286286286287,-2.5986941561106467
202.94294294294295,-2.6395440742713725
203.02302302302303,-2.6746727568580466
203.1031031031031,-2.7069447014765187
203.1831831831832,-2.73716652030377
203.26326326326327,-2.7711340023055935
203.34334334334335,-2.8042725068802468
203.42342342342343,-2.8334460435323083
203.5035035035035,-2.8595015199593132
203.5835835835836,-2.888715788905207
203.66366366366367,-2.9182330493921183
203.74374374374375,-2.9513563148932476
203.82382382382383,-2.973790826641128
203.9039039039039,-2.9970627957592724
203.983983983984,-3.0110385064833283
204.06406406406407,-3.0317583204673095
204.14414414414415,-3.048833820130779
204.22422422422423,-3.067805934642945
204.3043043043043,-3.0806007819722647
204.3843843843844,-3.0910319712476593
204.46446446446447,-3.0998404507975685
204.54454454454455,-3.113989708857767
204.62462462462463,-3.123784152117925
204.7047047047047,-3.127233816082146
204.7847847847848,-3.1216773524681627
204.86486486486487,-3.1237275905423374
204.94494494494495,-3.1239515287258706
205.02502502502503,-3.1300638708303405
205.1051051051051,-3.128592760233523
205.1851851851852,-3.129447546525987
205.26526526526527,-3.1253757946370846
205.34534534534535,-3.1191356342500374
205.42542542542543,-3.1116087584649392
205.5055055055055,-3.101996673674409
205.5855855855856,-3.096302652521669
205.66566566566567,-3.0852190346329644
205.74574574574575,-3.0766417569378492
205.82582582582583,-3.0614239235261658
205.9059059059059,-3.051488727235078
205.985985985986,-3.033955164654799
206.06606606606607,-3.023709873445659
206.14614614614615,-3.006029407695844
206.22622622622623,-2.992601042708402
206.3063063063063,-2.9613567191992276
206.3863863863864,-2.9434983064987974
206.46646646646647,-2.913479110711491
206.54654654654655,-2.9004584832176015
206.62662662662663,-2.866598156538015
206.7067067067067,-2.851271030557241
206.7867867867868,-2.818573246114693
206.86686686686687,-2.8029119593935
206.94694694694695,-2.7693299292643476
207.02702702702703,-2.753515689924887
207.1071071071071,-2.715555218036213
207.1871871871872,-2.692953188465159
207.26726726726727,-2.66023642807746
207.34734734734735,-2.641257887866425
207.42742742742743,-2.6082079311451314
207.5075075075075,-2.57747239323857
207.5875875875876,-2.5463581222164025
207.66766766766767,-2.521939501431519
207.74774774774775,-2.4988473456996187
207.82782782782783,-2.4730602668945725
207.9079079079079,-2.4439343262466613
207.987987987988,-2.4147108456630906
208.06806806806807,-2.384522238762393
208.14814814814815,-2.3558268496686865
208.22822822822823,-2.322669538372551
208.3083083083083,-2.286240164518486
208.3883883883884,-2.2579623900519152
208.46846846846847,-2.225792908858185
208.54854854854855,-2.208207815581809
208.62862862862863,-2.1723258054193666
208.7087087087087,-2.1549440940761944
208.7887887887888,-2.116073678316034
208.86886886886887,-2.0956486899133138
208.94894894894895,-2.054116548053505
209.02902902902903,-2.0350224633612624
209.1091091091091,-1.9989555723891033
209.1891891891892,-1.9720308819176269
209.26926926926927,-1.9272797897158276
209.34934934934935,-1.9000042900866296
209.42942942942943,-1.8567913026272205
209.5095095095095,-1.8303739984690108
209.5895895895896,-1.7744710006803508
209.66966966966967,-1.7507948190764446
209.74974974974975,-1.7011939455203302
209.82982982982983,-1.6806840710617252
209.9099099099099,-1.6197512908424043
209.98998998999,-1.5890295771904768
210.07007007007007,-1.5323499219705858
210.15015015015015,-1.5019664373673598
210.23023023023023,-1.4472162697005193
210.3103103103103,-1.4152917633175406
210.3903903903904,-1.3695541898735506
210.47047047047047,-1.3384387732752538
210.55055055055055,-1.2842721347510704
210.63063063063063,-1.2431671791305323
210.7107107107107,-1.1920992540353892
210.7907907907908,-1.1643617465098846
210.87087087087087,-1.124850065846622
210.95095095095095,-1.0963965051124274
211.03103103103103,-1.0578136558697457
211.11111111111111,-1.0308422520112879
211.1911911911912,-0.9995452512530605
211.27127127127127,-0.9666085035716053
211.35135135135135,-0.9396430961977262
211.43143143143143,-0.9214451795018929
211.51151151151151,-0.9114849843279993
211.5915915915916,-0.8958286819561239
211.67167167167167,-0.8821286186683143
211.75175175175175,-0.8763004086663942
211.83183183183183,-0.8756828079465395
211.91191191191191,-0.8713534559011914
211.991991991992,-0.877808733268695
212.07207207207207,-0.8817006972244044
212.15215215215215,-0.9083627289656249
212.23223223223223,-0.9199376670151407
212.31231231231232,-0.9458647173746514
212.3923923923924,-0.9585361854942818
212.47247247247248,-0.9895845229789991
212.55255255255256,-1.0162152737888475
212.63263263263264,-1.0535691578733677
212.71271271271272,-1.085811855151861
212.7927927927928,-1.13004839015078
212.87287287287288,-1.1738562339748735
212.95295295295296,-1.2155729222380258
213.03303303303304,-1.2504796373163467
213.11311311311312,-1.288558045932363
213.1931931931932,-1.3398540520345508
213.27327327327328,-1.3921674714979655
213.35335335335336,-1.4536434453555704
213.43343343343344,-1.5068388887664277
213.51351351351352,-1.5615148404982062
213.5935935935936,-1.6026370564542807
213.67367367367368,-1.643859856224767
213.75375375375376,-1.6957039966518344
213.83383383383384,-1.7535490827281996
213.91391391391392,-1.8097278508762027
213.993993993994,-1.8634674063989833
214.07407407407408,-1.9118087679739666
214.15415415415416,-1.9670744253862087
214.23423423423424,-2.0186108229653694
214.31431431431432,-2.065200948376921
214.3943943943944,-2.116263904819632
214.47447447447448,-2.1608448670173686
214.55455455455456,-2.21989053140194
214.63463463463464,-2.268375849774596
214.71471471471472,-2.313572182090533
214.7947947947948,-2.355328423707441
214.87487487487488,-2.394576140952736
214.95495495495496,-2.445150704086734
215.03503503503504,-2.4820716666441234
215.11511511511512,-2.5285839091993743
215.1951951951952,-2.5630625190813703
215.27527527527528,-2.604083851562628
215.35535535535536,-2.6372603459828143
215.43543543543544,-2.6781028447271584
215.51551551551552,-2.7140845863158187
215.5955955955956,-2.7523355417830437
215.67567567567568,-2.7742055230821685
215.75575575575576,-2.8087154533257563
215.83583583583584,-2.8230287426117098
215.91591591591592,-2.8554086926315954
215.995995995996,-2.866796552596159
216.07607607607608,-2.891998708089389
216.15615615615616,-2.8997028868071415
216.23623623623624,-2.9254134308467004
216.31631631631632,-2.9426170087171513
216.3963963963964,-2.967075454312034
216.47647647647648,-2.9712107154849345
216.55655655655656,-2.988892511041583
216.63663663663664,-2.992788028200195
216.71671671671672,-3.01473207748458
216.7967967967968,-3.016177502070341
216.87687687687688,-3.0344299950802487
216.95695695695696,-3.0345927667980925
217.03703703703704,-3.0379261989718764
217.11711711711712,-3.022904633961306
217.1971971971972,-3.0185870893596616
217.27727727727728,-3.0182306528731835
217.35735735735736,-3.018254408919191
217.43743743743744,-3.0041810614376128
217.51751751751752,-2.995099391932844
217.5975975975976,-2.983057879115759
217.67767767767768,-2.975471904605882
217.75775775775776,-2.9571040460552727
217.83783783783784,-2.944258586516154
217.91791791791792,-2.9226574658115303
217.997997997998,-2.905669247634351
218.07807807807808,-2.877136793245134
218.15815815815816,-2.858409348426454
218.23823823823824,-2.8297249593479354
218.31831831831832,-2.8080979421590366
218.3983983983984,-2.7718502746787506
218.47847847847848,-2.745656737587095
218.55855855855856,-2.712101145507534
218.63863863863864,-2.6878425619082256
218.71871871871872,-2.6527418712851056
218.7987987987988,-2.6170353120547825
218.87887887887888,-2.5706558974358487
218.95895895895896,-2.534148555941211
219.03903903903904,-2.4995671592221296
219.11911911911912,-2.4657640342337674
219.1991991991992,-2.416778852422965
219.27927927927928,-2.355350257038139
219.35935935935936,-2.3043085424482572
219.43943943943944,-2.2742011213173274
219.51951951951952,-2.248740264577081
219.5995995995996,-2.2180969899438017
219.67967967967968,-2.154213986368711
219.75975975975976,-2.103927278494308
219.83983983983984,-2.0353691208163505
219.91991991991992,-1.9936275949373807
220.0,-1.9304360673963803
