freq,trans
140.0,0.5750935408974733
140.08008008008008,0.5779310904139834
140.16016016016016,0.5804832129510012
140.24024024024024,0.5861923845221041
140.32032032032032,0.5917365276108086
140.4004004004004,0.5986032520129183
140.48048048048048,0.6035139431231636
140.56056056056056,0.6085734679524086
140.64064064064064,0.6113233358855884
140.72072072072072,0.6153057349494254
140.8008008008008,0.6180271762816912
140.88088088088088,0.6218693727396035
140.96096096096096,0.623325683174079
141.04104104104104,0.6254331941658804
141.12112112112112,0.6250847579147778
141.2012012012012,0.6262446799813806
141.28128128128128,0.6242595260379584
141.36136136136136,0.6238254278263053
141.44144144144144,0.621186292334835
141.52152152152152,0.6207124968228748
141.6016016016016,0.6173781800403855
141.68168168168168,0.6145474280724981
141.76176176176176,0.6102428032947053
141.84184184184184,0.6066353196149381
141.92192192192192,0.602322889876477
142.002002002002,0.596695850943152
142.08208208208208,0.5912630426131178
142.16216216216216,0.5849763498513336
142.24224224224224,0.5797413722565576
142.32232232232232,0.5729131598852543
142.4024024024024,0.5666463257840972
142.48248248248248,0.5590363133654332
142.56256256256256,0.5526539128421998
142.64264264264264,0.5440524919736963
142.72272272272272,0.5368330583790543
142.8028028028028,0.527137023069057
142.88288288288288,0.5209660378771114
142.96296296296296,0.5123509496088291
143.04304304304304,0.5062585577538359
143.12312312312312,0.4968432174089419
143.2032032032032,0.49037502578808156
143.28328328328328,0.481796134890331
143.36336336336336,0.4754376389171195
143.44344344344344,0.46668566330792993
143.52352352352352,0.4600497394560289
143.6036036036036,0.4519190679707828
143.68368368368368,0.44559951811728293
143.76376376376376,0.4374962698970416
143.84384384384384,0.430599403311585
143.92392392392392,0.4226728257205335
144.004004004004,0.4156309127214406
144.08408408408408,0.4090093400069263
144.16416416416416,0.40274773934618563
144.24424424424424,0.39719255796249886
144.32432432432432,0.3907926968733572
144.4044044044044,0.3852381613437991
144.48448448448448,0.37882229954645136
144.56456456456456,0.3741783945509563
144.64464464464464,0.369034962825728
144.72472472472472,0.36486879118937615
144.8048048048048,0.35914700910606245
144.88488488488488,0.3552234263892094
144.96496496496496,0.35077844377706124
145.04504504504504,0.34860138948423947
145.12512512512512,0.34450329150335834
145.2052052052052,0.34165425013335715
145.28528528528528,0.33745254114783396
145.36536536536536,0.3358598138823815
145.44544544544544,0.3329611798731426
145.52552552552552,0.3310941231016331
145.6056056056056,0.3277333186780166
145.68568568568568,0.3262765781489449
145.76576576576576,0.3239406662721085
145.84584584584584,0.32279150453078687
145.92592592592592,0.3212265255374702
146.006006006006,0.32094078304054485
146.08608608608608,0.320128228546013
146.16616616616616,0.319502860936281
146.24624624624624,0.31888194091805927
146.32632632632632,0.3184865750024546
146.4064064064064,0.31793338082338274
146.48648648648648,0.3172249526282068
146.56656656656656,0.31700912170465867
146.64664664664664,0.3172823945478174
146.72672672672672,0.3183151785228942
146.8068068068068,0.31851391488495584
146.88688688688688,0.31929858878245415
146.96696696696696,0.3192991104512114
147.04704704704704,0.32052276213468794
147.12712712712712,0.32098998801320866
147.2072072072072,0.32234064486814734
147.28728728728728,0.323491966054698
147.36736736736736,0.32554921020478644
147.44744744744744,0.32724456401613655
147.52752752752752,0.3289055719160726
147.6076076076076,0.33032168044543686
147.68768768768768,0.3327153130892786
147.76776776776777,0.3346375471286416
147.84784784784785,0.3372811163709158
147.92792792792793,0.338950812021226
148.008008008008,0.3419840414338116
148.08808808808809,0.34493959200580115
148.16816816816817,0.3486667999553053
148.24824824824825,0.3516157178966409
148.32832832832833,0.3545415353647583
148.4084084084084,0.3575412525599739
148.48848848848849,0.3609239139721145
148.56856856856857,0.36458552176695797
148.64864864864865,0.36832387637619685
148.72872872872873,0.37186048971636737
148.8088088088088,0.37541528117656175
148.88888888888889,0.3790527358631878
148.96896896896897,0.3833913336639412
149.04904904904905,0.3882046266955529
149.12912912912913,0.3931366469097425
149.2092092092092,0.398256087102572
149.2892892892893,0.4027088102123789
149.36936936936937,0.4076152692015049
149.44944944944945,0.41222502818841056
149.52952952952953,0.417970525076551
149.6096096096096,0.4238280856085345
149.6896896896897,0.4298337237520812
149.76976976976977,0.4351946540240077
149.84984984984985,0.4406378049796059
149.92992992992993,0.44656016988331493
150.01001001001,0.45325227358666365
150.0900900900901,0.4597964722277093
150.17017017017017,0.46697722036115086
150.25025025025025,0.4737100789090192
150.33033033033033,0.48132075283196013
150.4104104104104,0.48848933777532666
150.4904904904905,0.4960912102591943
150.57057057057057,0.5031291518165143
150.65065065065065,0.5101452252296634
150.73073073073073,0.5171351038787363
150.8108108108108,0.5249820955104112
150.8908908908909,0.5329851172753602
150.97097097097097,0.5412786378169682
151.05105105105105,0.5492864399803334
151.13113113113113,0.5572681968476765
151.2112112112112,0.5652075761406923
151.2912912912913,0.5734437176954461
151.37137137137137,0.5820046477968879
151.45145145145145,0.5903706283687268
151.53153153153153,0.598384543664542
151.6116116116116,0.6059728696604813
151.6916916916917,0.614224262631836
151.77177177177177,0.6217004551987735
151.85185185185185,0.6297386644311682
151.93193193193193,0.6366315965136276
152.012012012012,0.6447292808191928
152.0920920920921,0.6514878040291057
152.17217217217217,0.6585088257408135
152.25225225225225,0.6639304813019631
152.33233233233233,0.6702621676307484
152.4124124124124,0.6754187822841612
152.4924924924925,0.6806471894377256
152.57257257257257,0.6840933932011733
152.65265265265265,0.6880919417110266
152.73273273273273,0.6907952970398559
152.8128128128128,0.693971702094997
152.8928928928929,0.695881523254537
152.97297297297297,0.6980555802797063
153.05305305305305,0.6991037219506576
153.13313313313313,0.6997278946555837
153.2132132132132,0.6996122969371268
153.2932932932933,0.699115562911192
153.37337337337337,0.6983779880152885
153.45345345345345,0.6968273200304189
153.53353353353353,0.6948956319882147
153.6136136136136,0.6919812581414533
153.6936936936937,0.6893574477201345
153.77377377377377,0.685599006891564
153.85385385385385,0.6821031633163512
153.93393393393393,0.6770780974301916
154.014014014014,0.6727756693093829
154.0940940940941,0.6674057810720353
154.17417417417417,0.6631320240786094
154.25425425425425,0.6575251351500063
154.33433433433433,0.6528022218038665
154.4144144144144,0.6468207328525393
154.4944944944945,0.6417827861757268
154.57457457457457,0.6353833576334065
154.65465465465465,0.6293936830127396
154.73473473473473,0.6227989621426935
154.8148148148148,0.6172420176181881
154.8948948948949,0.6114466953004465
154.97497497497497,0.6052033535606455
155.05505505505505,0.5983053097777383
155.13513513513513,0.5914879759385989
155.2152152152152,0.5847462418142608
155.2952952952953,0.5782689032466717
155.37537537537537,0.5718780813193188
155.45545545545545,0.5653431674875885
155.53553553553553,0.5587331291145593
155.6156156156156,0.5514878817023445
155.6956956956957,0.5448446668475616
155.77577577577577,0.5379450485405605
155.85585585585585,0.5315230896924532
155.93593593593593,0.5248312882075142
156.016016016016,0.518614938704784
156.0960960960961,0.5119915729063856
156.17617617617617,0.5053736208147767
156.25625625625625,0.4987003184249276
156.33633633633633,0.4925373140987652
156.4164164164164,0.48615389168680473
156.4964964964965,0.4802208860062142
156.57657657657657,0.47367854723342984
156.65665665665665,0.4676950380647325
156.73673673673673,0.4611883786477717
156.8168168168168,0.45517157549893866
156.8968968968969,0.4490731576905711
156.97697697697697,0.4436471764725016
157.05705705705705,0.4383576191192992
157.13713713713713,0.43346353379791114
157.2172172172172,0.42825689275982415
157.2972972972973,0.4233363759193242
157.37737737737737,0.4183831388416823
157.45745745745745,0.41362828434649646
157.53753753753753,0.40889967139429223
157.6176176176176,0.40473742412834274
157.6976976976977,0.4012393953591662
157.77777777777777,0.3976395425078915
157.85785785785785,0.3940519977210866
157.93793793793793,0.39061289187686227
158.018018018018,0.3882499479939532
158.0980980980981,0.38599019913820404
158.17817817817817,0.3838773423359856
158.25825825825825,0.38122267694458933
158.33833833833833,0.3789205399232758
158.4184184184184,0.3769696908967727
158.4984984984985,0.3755845338881777
158.57857857857857,0.3740718742386922
158.65865865865865,0.3730078474946139
158.73873873873873,0.37222972975658897
158.8188188188188,0.3722945943581331
158.8988988988989,0.3722395107932999
158.97897897897897,0.37227005616393233
159.05905905905905,0.372043132077372
159.13913913913913,0.37213879181204546
159.2192192192192,0.37236776256644416
159.2992992992993,0.3731515094345255
159.37937937937937,0.37418286488789554
159.45945945945945,0.37589308116161085
159.53953953953953,0.37772537631999276
159.6196196196196,0.37952981797148777
159.6996996996997,0.3811594500857256
159.77977977977977,0.38312146815537784
159.85985985985985,0.3852346005195987
159.93993993993993,0.3877706430895256
160.02002002002,0.39025526883026856
160.1001001001001,0.39292900150822896
160.18018018018017,0.395482672965233
160.26026026026025,0.39811297408610213
160.34034034034033,0.40099251557726484
160.4204204204204,0.40434588264345556
160.5005005005005,0.408362680644273
160.58058058058057,0.4123388194209347
160.66066066066065,0.4164968019599407
160.74074074074073,0.4206898264712629
160.8208208208208,0.4254262906133456
160.9009009009009,0.430021511271753
160.98098098098097,0.4346187604666516
161.06106106106105,0.43906071642473604
161.14114114114113,0.44448940645958573
161.2212212212212,0.45042180075294175
161.3013013013013,0.45680356387516297
161.38138138138137,0.462657149558034
161.46146146146145,0.4683890034389884
161.54154154154153,0.47408975727113556
161.6216216216216,0.4799071590768282
161.7017017017017,0.4859054105779787
161.78178178178177,0.4919051872420289
161.86186186186185,0.4985141762572673
161.94194194194193,0.5054290698417622
162.022022022022,0.5127980250043119
162.1021021021021,0.5202750932962816
162.18218218218217,0.5280078701015143
162.26226226226225,0.5356644258186302
162.34234234234233,0.5435171490788538
162.42242242242241,0.5515305757854099
162.5025025025025,0.5597400948769473
162.58258258258257,0.5677458905229725
162.66266266266265,0.575943086585468
162.74274274274273,0.583883871819431
162.82282282282281,0.5927753518049644
162.9029029029029,0.6013330698668458
162.98298298298297,0.6106801631678808
163.06306306306305,0.6194204377194772
163.14314314314313,0.6285378590293986
163.22322322322321,0.6369800523881497
163.3033033033033,0.6455216515367467
163.38338338338338,0.6534386813108609
163.46346346346346,0.6614727743158739
163.54354354354354,0.6690588670400416
163.62362362362362,0.6770503624368835
163.7037037037037,0.6846787937240648
163.78378378378378,0.6925408012378815
163.86386386386386,0.6998175255996889
163.94394394394394,0.7067977912133703
164.02402402402402,0.7131309166093613
164.1041041041041,0.7192432119413924
164.18418418418418,0.7252327232636441
164.26426426426426,0.7305762986131124
164.34434434434434,0.7354976871316508
164.42442442442442,0.7396511234475219
164.5045045045045,0.7438071062626191
164.58458458458458,0.7468963510035436
164.66466466466466,0.7495652782152614
164.74474474474474,0.7510406362308945
164.82482482482482,0.7528031039304409
164.9049049049049,0.7537899038080319
164.98498498498498,0.7545742121396595
165.06506506506506,0.7540238131337804
165.14514514514514,0.7536157319981095
165.22522522522522,0.7524322233025715
165.3053053053053,0.7514756805210125
165.38538538538538,0.7494848350732942
165.46546546546546,0.7474692876527865
165.54554554554554,0.7447352467518921
165.62562562562562,0.741898948350173
165.7057057057057,0.7384802831370036
165.78578578578578,0.7346566589482764
165.86586586586586,0.7307224966338801
165.94594594594594,0.726943570772226
166.02602602602602,0.7228524091778358
166.1061061061061,0.7187585426746839
166.18618618618618,0.7144533369918585
166.26626626626626,0.7101960774611942
166.34634634634634,0.7057917448509049
166.42642642642642,0.7008265131215972
166.5065065065065,0.6960918825231752
166.58658658658658,0.6910595343527168
166.66666666666666,0.6865868873580521
166.74674674674674,0.6816267962717688
166.82682682682682,0.6772733183874582
166.9069069069069,0.672501528938414
166.98698698698698,0.668096743218865
167.06706706706706,0.6629134909353143
167.14714714714714,0.6583072143940302
167.22722722722722,0.6531802868680296
167.3073073073073,0.6486988257873877
167.38738738738738,0.6436654068565814
167.46746746746746,0.6394714171385348
167.54754754754754,0.6345938220722829
167.62762762762762,0.6304527975181583
167.7077077077077,0.6253754441826587
167.78778778778778,0.6207849952170568
167.86786786786786,0.615927990129209
167.94794794794794,0.6116348004788389
168.02802802802802,0.6071345763564793
168.1081081081081,0.6025755679178165
168.18818818818818,0.598056504342397
168.26826826826826,0.5936588181214013
168.34834834834834,0.5893328512640832
168.42842842842842,0.5848930264098644
168.5085085085085,0.5804786497857483
168.58858858858858,0.5759968127610448
168.66866866866866,0.5717199880191748
168.74874874874874,0.5667983722453009
168.82882882882882,0.562123562693293
168.9089089089089,0.5570875222429005
168.98898898898898,0.552742315624722
169.06906906906906,0.5477915773478562
169.14914914914914,0.543382991762556
169.22922922922922,0.5383830900638245
169.3093093093093,0.5339710391613578
169.38938938938938,0.5290904628246506
169.46946946946946,0.524790642282659
169.54954954954954,0.5202434979802492
169.62962962962962,0.5162154149926002
169.7097097097097,0.5114538628574474
169.78978978978978,0.5070134550339048
169.86986986986986,0.5022333122531363
169.94994994994994,0.49838035225161503
170.03003003003002,0.4943248683087381
170.1101101101101,0.4907464668514119
170.19019019019018,0.4867602787751015
170.27027027027026,0.4834285650889206
170.35035035035034,0.4802732914837479
170.43043043043042,0.4775119973461533
170.5105105105105,0.4744268448885119
170.59059059059058,0.4716573804690471
170.67067067067066,0.4690315786966737
170.75075075075074,0.4669764083299794
170.83083083083082,0.46488846083486857
170.9109109109109,0.463019384931188
170.99099099099098,0.4611421198605564
171.07107107107106,0.45960547814308617
171.15115115115114,0.45832548056289224
171.23123123123122,0.45730550864487773
171.3113113113113,0.456698944574293
171.39139139139138,0.4565210135089915
171.47147147147146,0.45657514605961297
171.55155155155154,0.45653805372950723
171.63163163163162,0.45675572499918937
171.7117117117117,0.45711348273100505
171.79179179179178,0.45800725852570356
171.87187187187186,0.45921475189045735
171.95195195195194,0.4609678148219483
172.03203203203202,0.4626764029541322
172.11211211211213,0.4645899605379824
172.19219219219218,0.4661969499532326
172.2722722722723,0.4684946848264372
172.35235235235234,0.4709001042328784
172.43243243243245,0.47402768335785306
172.5125125125125,0.4770995148011502
172.5925925925926,0.48080497013787626
172.67267267267266,0.4845789726997266
172.75275275275277,0.4886688969987073
172.83283283283282,0.49258522660445775
172.91291291291293,0.49681017120769644
172.99299299299298,0.5011859262302223
173.0730730730731,0.5062685313328686
173.15315315315314,0.5111444325907194
173.23323323323325,0.5164128368702949
173.3133133133133,0.521734628017799
173.3933933933934,0.5278421861970082
173.47347347347346,0.5340246634951059
173.55355355355357,0.5404226337381135
173.63363363363362,0.5466486146193675
173.71371371371373,0.5531436342729623
173.79379379379378,0.5597643808423706
173.8738738738739,0.56666220650176
173.95395395395394,0.5737416605617183
174.03403403403405,0.5812643970125004
174.1141141141141,0.5886185298599729
174.1941941941942,0.5960155512256676
174.27427427427426,0.6036978173548521
174.35435435435437,0.6120371418899023
174.43443443443442,0.6205154863654619
174.51451451451453,0.6287805934326257
174.59459459459458,0.636871441260567
174.6746746746747,0.6449633299613685
174.75475475475474,0.6532087244805515
174.83483483483485,0.6614748755786519
174.9149149149149,0.6699999451675512
174.994994994995,0.6784817938124877
175.07507507507506,0.6870094041183525
175.15515515515517,0.695119718348079
175.23523523523522,0.7034415062832725
175.31531531531533,0.712007753180229
175.39539539539538,0.7205996261687984
175.4754754754755,0.7283270090479315
175.55555555555554,0.735294940323006
175.63563563563565,0.7415506706583243
175.7157157157157,0.7478233798834839
175.7957957957958,0.7540704991381915
175.87587587587586,0.760401417919875
175.95595595595597,0.7664531751518784
176.03603603603602,0.7721604146591193
176.11611611611613,0.7769460407063927
176.19619619619618,0.7808459910348656
176.2762762762763,0.7841743011157093
176.35635635635634,0.7873091565092389
176.43643643643645,0.7897658673978198
176.5165165165165,0.791709320989789
176.5965965965966,0.7931442088989724
176.67667667667666,0.7942280858491618
176.75675675675677,0.7949689813642475
176.83683683683682,0.7952354180658544
176.91691691691693,0.7950246493249422
176.99699699699698,0.7944138902205246
177.0770770770771,0.7931252672454167
177.15715715715714,0.7912134680224409
177.23723723723725,0.7888908631593623
177.3173173173173,0.7864960356259583
177.3973973973974,0.783694217221512
177.47747747747746,0.7805806801908269
177.55755755755757,0.777140119871319
177.63763763763762,0.773667567805532
177.71771771771773,0.7701386700495304
177.79779779779778,0.7665017909836414
177.8778778778779,0.762634730076137
177.95795795795794,0.7583972210668662
178.03803803803805,0.7541001337652812
178.1181181181181,0.7497753528684048
178.1981981981982,0.7456697298882343
178.27827827827826,0.7417723247316234
178.35835835835837,0.7377928057744397
178.43843843843842,0.7337977050162229
178.51851851851853,0.7298977501900277
178.59859859859858,0.7260386606510969
178.6786786786787,0.7219997878138
178.75875875875874,0.7176754773428272
178.83883883883885,0.713463201492481
178.9189189189189,0.7092417234762505
178.998998998999,0.7051422731901867
179.07907907907907,0.7013395998631736
179.15915915915917,0.6979053345444737
179.23923923923923,0.6944803360852586
179.31931931931933,0.6909110882832674
179.39939939939939,0.6875433319602924
179.4794794794795,0.684488634283996
179.55955955955955,0.6813035942667437
179.63963963963965,0.6776962661215009
179.7197197197197,0.6743549630058151
179.7997997997998,0.6716017353203234
179.87987987987987,0.6689612365392382
179.95995995995997,0.6662229954502427
180.04004004004003,0.6634869925548956
180.12012012012013,0.6608627600353676
180.2002002002002,0.6580417600960469
180.2802802802803,0.6550142833470384
180.36036036036035,0.6519044765041887
180.44044044044045,0.649124334759886
180.5205205205205,0.6467021613991467
180.60060060060061,0.6441604229941686
180.68068068068067,0.6414764271139806
180.76076076076077,0.6387745556406816
180.84084084084083,0.6364667825788003
180.92092092092093,0.6344096170085802
181.001001001001,0.632374107851105
181.0810810810811,0.6300948061566555
181.16116116116115,0.6275400930066584
181.24124124124126,0.6250613813375981
181.3213213213213,0.6227664440213306
181.40140140140142,0.6205424745983278
181.48148148148147,0.6181066254328238
181.56156156156158,0.6155730087278564
181.64164164164163,0.6130927283639136
181.72172172172174,0.6106739041408565
181.8018018018018,0.6083233916400889
181.8818818818819,0.605889863129091
181.96196196196195,0.6034312472533438
182.04204204204206,0.6007854800278849
182.1221221221221,0.5980647272859937
182.20220220220222,0.5954840491190361
182.28228228228227,0.5929551962564543
182.36236236236238,0.5904443596977322
182.44244244244243,0.5878373673048348
182.52252252252254,0.585382490778405
182.6026026026026,0.5830144336674419
182.6826826826827,0.5807160945491218
182.76276276276275,0.5784638117967849
182.84284284284286,0.576266446973469
182.9229229229229,0.5741374351345234
183.00300300300302,0.5719826460938535
183.08308308308307,0.5699030611475865
183.16316316316318,0.5682532996935775
183.24324324324323,0.56696488806226
183.32332332332334,0.5656958774644304
183.4034034034034,0.5642276847857698
183.4834834834835,0.5629665074740015
183.56356356356355,0.5620852770761139
183.64364364364366,0.5615180848129753
183.7237237237237,0.5609072911527905
183.80380380380382,0.5604894924046655
183.88388388388387,0.5604146208422263
183.96396396396398,0.5606994497524089
184.04404404404403,0.5610551000087961
184.12412412412414,0.5616346970871765
184.2042042042042,0.5626524595924658
184.2842842842843,0.5640550538464721
184.36436436436435,0.5656038165630655
184.44444444444446,0.5673067317161243
184.5245245245245,0.5693329035623254
184.60460460460462,0.5717420503461433
184.68468468468467,0.5744404633457241
184.76476476476478,0.5772169117384698
184.84484484484483,0.5801726740530186
184.92492492492494,0.583528412648916
185.005005005005,0.5871531617585233
185.0850850850851,0.5911649193760341
185.16516516516515,0.5953123498476247
185.24524524524526,0.5999245392087871
185.3253253253253,0.604739921194456
185.40540540540542,0.6099683480840543
185.48548548548547,0.615432682863534
185.56556556556558,0.6210828398332657
185.64564564564563,0.6268972668565851
185.72572572572574,0.632794064648271
185.8058058058058,0.6390443846484012
185.8858858858859,0.6455125531071446
185.96596596596595,0.6524074422514752
186.04604604604606,0.6595304203220539
186.1261261261261,0.6665882602502318
186.20620620620622,0.6735545598993186
186.28628628628627,0.6807881551013272
186.36636636636638,0.6882965190098502
186.44644644644643,0.696159148119878
186.52652652652654,0.7039019858012767
186.6066066066066,0.7115718884284632
186.6866866866867,0.7191919549142516
186.76676676676675,0.7267037663015364
186.84684684684686,0.7343851306003063
186.9269269269269,0.7420701146419405
187.00700700700702,0.7496575550295312
187.08708708708707,0.7568910675331676
187.16716716716718,0.7641838854864671
187.24724724724723,0.7715694589054335
187.32732732732734,0.7786350898065916
187.4074074074074,0.7850807399512989
187.4874874874875,0.7910373453357841
187.56756756756755,0.7965279274719469
187.64764764764766,0.8017414645123699
187.7277277277277,0.8066902627231469
187.80780780780782,0.8116503702332586
187.88788788788787,0.8163462072540245
187.96796796796798,0.8203834584970615
188.04804804804803,0.8233462508048841
188.12812812812814,0.8256036515806898
188.2082082082082,0.8277932334044384
188.2882882882883,0.8301470674728337
188.36836836836835,0.8320815810908994
188.44844844844846,0.8332685665758843
188.5285285285285,0.8333980232990523
188.60860860860862,0.8327482702114323
188.68868868868867,0.8319067849745841
188.76876876876878,0.83114173277726
188.84884884884883,0.8301617715912623
188.92892892892894,0.828506743679149
189.009009009009,0.8260598645811146
189.0890890890891,0.8234264985657888
189.16916916916915,0.8206248704513215
189.24924924924926,0.8177141605888956
189.3293293293293,0.8145038032441652
189.40940940940942,0.8109792210969763
189.48948948948947,0.8071553946702202
189.56956956956958,0.8032702899589957
189.64964964964963,0.7992193342184449
189.72972972972974,0.7950885815309259
189.8098098098098,0.7907831647804856
189.8898898898899,0.7865462511848752
189.96996996996995,0.7824429822753747
190.05005005005006,0.7783909622069239
190.1301301301301,0.7741366708678898
190.21021021021022,0.7699889454212707
190.29029029029027,0.7659452152928231
190.37037037037038,0.7619049281072233
190.45045045045043,0.7575174843548971
190.53053053053054,0.7530373361318362
190.6106106106106,0.7488054561623471
190.6906906906907,0.7450769257127138
190.77077077077075,0.7414559998959087
190.85085085085086,0.7379455952996167
190.9309309309309,0.7344261837270745
191.01101101101102,0.7310047161538492
191.09109109109107,0.7275534860647263
191.17117117117118,0.7242538656649189
191.25125125125123,0.7210933017596982
191.33133133133134,0.7181740678227383
191.41141141141142,0.7153448500750494
191.4914914914915,0.7123970001063665
191.57157157157158,0.7093809709813856
191.65165165165166,0.7066303950706971
191.73173173173174,0.7042911166858252
191.81181181181182,0.702218263791334
191.8918918918919,0.7001790943062438
191.97197197197198,0.6979893247481271
192.05205205205206,0.6960184883538777
192.13213213213214,0.693713628442583
192.21221221221222,0.691529224221766
192.2922922922923,0.6892940862626196
192.37237237237238,0.6877442499282829
192.45245245245246,0.6863366694191624
192.53253253253254,0.6851133610000607
192.61261261261262,0.683507734299946
192.6926926926927,0.6821341504547032
192.77277277277278,0.6806190067303575
192.85285285285286,0.6796156618777536
192.93293293293294,0.6785127423834993
193.01301301301302,0.677718635659481
193.0930930930931,0.6767579018891595
193.17317317317318,0.6759827529940174
193.25325325325326,0.6749866857598084
193.33333333333334,0.6744565964906185
193.41341341341342,0.674081323550377
193.4934934934935,0.6739338547571077
193.57357357357358,0.6732435645657869
193.65365365365366,0.6724225239087663
193.73373373373374,0.6714990164016136
193.81381381381382,0.6710607383362072
193.8938938938939,0.6706320764809426
193.97397397397398,0.6701589682160456
194.05405405405406,0.6695878850408018
194.13413413413414,0.6691958176708529
194.21421421421422,0.6691238505185315
194.2942942942943,0.6691165680301241
194.37437437437438,0.6694043571897288
194.45445445445446,0.6695632196752677
194.53453453453454,0.6695436663110104
194.61461461461462,0.6690769662119049
194.6946946946947,0.6689563481970294
194.77477477477478,0.6689254081564373
194.85485485485486,0.668847652589391
194.93493493493494,0.6684370256847437
195.01501501501502,0.668308429483576
195.0950950950951,0.668480097799633
195.17517517517518,0.668811202699526
195.25525525525526,0.668993762749743
195.33533533533534,0.6691373122115251
195.41541541541542,0.6690886735270589
195.4954954954955,0.6690506838786681
195.57557557557558,0.668697763138081
195.65565565565566,0.6685766792669035
195.73573573573574,0.6687433762307452
195.81581581581582,0.6693421564734607
195.8958958958959,0.6702790277885128
195.97597597597598,0.6710477471633167
196.05605605605606,0.6719201772264171
196.13613613613614,0.6724739536139717
196.21621621621622,0.6733468228442803
196.2962962962963,0.6743763433197444
196.37637637637638,0.6758169689376616
196.45645645645646,0.6773198598701154
196.53653653653654,0.6788134939011866
196.61661661661662,0.6805353412835744
196.6966966966967,0.6826322642179871
196.77677677677679,0.6850197941256777
196.85685685685687,0.6874655891819648
196.93693693693695,0.6900292454497804
197.01701701701703,0.6931100496518722
197.0970970970971,0.6964403603563223
197.17717717717719,0.6997720788176406
197.25725725725727,0.7029570906887004
197.33733733733735,0.7066045144700424
197.41741741741743,0.7110633715298507
197.4974974974975,0.7159846208092844
197.57757757757759,0.7209883781243187
197.65765765765767,0.7259318332158048
197.73773773773775,0.730852906440119
197.81781781781783,0.7360792157837583
197.8978978978979,0.7413399894996464
197.977977977978,0.7468992242081485
198.05805805805807,0.7524003644738521
198.13813813813815,0.7582812736420862
198.21821821821823,0.7644732528598264
198.2982982982983,0.7707181607913763
198.3783783783784,0.777006108827413
198.45845845845847,0.7830449365441507
198.53853853853855,0.7891975894319998
198.61861861861863,0.7951608638756182
198.6986986986987,0.8016910772963645
198.7787787787788,0.8081936737312665
198.85885885885887,0.8145514373666434
198.93893893893895,0.820254815326996
199.01901901901903,0.8255857211328357
199.0990990990991,0.8308558883511343
199.1791791791792,0.8362122173649015
199.25925925925927,0.841678235485402
199.33933933933935,0.8468868037520109
199.41941941941943,0.8515350039376788
199.4994994994995,0.8556205320928412
199.5795795795796,0.8592782058792661
199.65965965965967,0.8626804453947818
199.73973973973975,0.8657944003487821
199.81981981981983,0.8683035751894773
199.8998998998999,0.8703744109353558
199.97997997998,0.871842855794367
200.06006006006007,0.8730629648605233
200.14014014014015,0.8738589393129919
200.22022022022023,0.8742905367604118
200.3003003003003,0.8740813483966474
200.3803803803804,0.8730715103385468
200.46046046046047,0.8713429260619919
200.54054054054055,0.869545867745195
200.62062062062063,0.8677553010418734
200.7007007007007,0.8660803867710029
200.7807807807808,0.8634754516223591
200.86086086086087,0.8603008822143008
200.94094094094095,0.8567923099020632
201.02102102102103,0.8536830622161653
201.1011011011011,0.8504985074588722
201.1811811811812,0.8466955482075024
201.26126126126127,0.8423580514141508
201.34134134134135,0.8378390036285156
201.42142142142143,0.8335443475910298
201.5015015015015,0.8293386651100848
201.5815815815816,0.8250375735347041
201.66166166166167,0.820562602984573
201.74174174174175,0.8159326283105438
201.82182182182183,0.8107097274103161
201.9019019019019,0.8059065774136882
201.981981981982,0.8009501894888131
202.06206206206207,0.7967904485729921
202.14214214214215,0.7918958880996654
202.22222222222223,0.7874914983219097
202.3023023023023,0.7826937608071084
202.3823823823824,0.7785249250796021
202.46246246246247,0.7742353989266568
202.54254254254255,0.7700370138154258
202.62262262262263,0.7660718564960148
202.7027027027027,0.7621688047670211
202.7827827827828,0.758292218026502
202.86286286286287,0.7540128017966762
202.94294294294295,0.7497381516674031
203.02302302302303,0.745961217197012
203.1031031031031,0.7427460186965625
203.1831831831832,0.7393472835045107
203.26326326326327,0.7359072059515857
203.34334334334335,0.7323962197360567
203.42342342342343,0.7295353860181524
203.5035035035035,0.7271819267862715
203.5835835835836,0.7241298928251265
203.66366366366367,0.7210648484282619
203.74374374374375,0.7177831271059074
203.82382382382383,0.715457825453331
203.9039039039039,0.7132386888515463
203.983983983984,0.7111689860228027
204.06406406406407,0.7091257870746532
204.14414414414415,0.7070855768158161
204.22422422422423,0.7050867351187867
204.3043043043043,0.7031402228872522
204.3843843843844,0.7015471177115591
204.46446446446447,0.7003657277712718
204.54454454454455,0.6990563221803158
204.62462462462463,0.6981758822860976
204.7047047047047,0.697280884817565
204.7847847847848,0.6970358163539967
204.86486486486487,0.6962398005602624
204.94494494494495,0.6956347981366952
205.02502502502503,0.6949195677252242
205.1051051051051,0.6945655379649558
205.1851851851852,0.6942535336036822
205.26526526526527,0.6938613699882291
205.34534534534535,0.6941824698596123
205.42542542542543,0.6943273846084907
205.5055055055055,0.6946176520423033
205.5855855855856,0.6945322828643717
205.66566566566567,0.6952357747707919
205.74574574574575,0.6956085279033205
205.82582582582583,0.6963415608158016
205.9059059059059,0.6967487773138213
205.985985985986,0.698159359014035
206.06606606606607,0.6985124003512108
206.14614614614615,0.699460185282937
206.22622622622623,0.7002099485768994
206.3063063063063,0.7025638586672535
206.3863863863864,0.7037702751891711
206.46646646646647,0.7054872536787575
206.54654654654655,0.7062764360599233
206.62662662662663,0.7084275719523696
206.7067067067067,0.7095340256278821
206.7867867867868,0.71200896036523
206.86686686686687,0.7135154300990744
206.94694694694695,0.7164505024175803
207.02702702702703,0.7177776123911159
207.1071071071071,0.7204016063880528
207.1871871871872,0.7222065399231886
207.26726726726727,0.7249772466011197
207.34734734734735,0.7267541460822466
207.42742742742743,0.7290170054511916
207.5075075075075,0.7315736815673506
207.5875875875876,0.7345926356305399
207.66766766766767,0.7370449377076521
207.74774774774775,0.7392667792983738
207.82782782782783,0.7418235043148371
207.9079079079079,0.7448706249724397
207.987987987988,0.7478968540991938
208.06806806806807,0.7507634665941958
208.14814814814815,0.7541868774916939
208.22822822822823,0.7570179415532046
208.3083083083083,0.760395265391582
208.3883883883884,0.7626556130279962
208.46846846846847,0.7662689518774496
208.54854854854855,0.7688267090967865
208.62862862862863,0.7727781338853803
208.7087087087087,0.775271694434558
208.7887887887888,0.779292798350086
208.86886886886887,0.7823819554982121
208.94894894894895,0.7867793443874819
209.02902902902903,0.7895137316967468
209.1091091091091,0.7933872959519348
209.1891891891892,0.7966724443243025
209.26926926926927,0.8018291844927254
209.34934934934935,0.804962455745027
209.42942942942943,0.8101211269148114
209.5095095095095,0.8135738768246279
209.5895895895896,0.8200553829062046
209.66966966966967,0.8230458714819316
209.74974974974975,0.8286952380654288
209.82982982982983,0.8317666946667034
209.9099099099099,0.8386452582002792
209.98998998999,0.8426496069303122
210.07007007007007,0.8490669118598434
210.15015015015015,0.8529947149629359
210.23023023023023,0.8592785775574876
210.3103103103103,0.863357305328502
210.3903903903904,0.8687446254217975
210.47047047047047,0.8725522235326885
210.55055055055055,0.8785241783023748
210.63063063063063,0.8835317013553738
210.7107107107107,0.889032099257408
210.7907907907908,0.8925428685209342
210.87087087087087,0.8973124402236288
210.95095095095095,0.9011139521300376
211.03103103103103,0.9052856136137943
211.11111111111111,0.9080329497833226
211.1911911911912,0.911311649286231
211.27127127127127,0.9151985651663564
211.35135135135135,0.9186237597298451
211.43143143143143,0.9210525162351885
211.51151151151151,0.9222105091026737
211.5915915915916,0.9236562196624647
211.67167167167167,0.9250331195987104
211.75175175175175,0.9259258154614434
211.83183183183183,0.9259222265142713
211.91191191191191,0.9258266035199334
211.991991991992,0.9253822083149307
212.07207207207207,0.9248182937317575
212.15215215215215,0.9225848939920722
212.23223223223223,0.9206843622575318
212.31231231231232,0.9176793840080054
212.3923923923924,0.915783323380052
212.47247247247248,0.9119139306817508
212.55255255255256,0.90906033051503
212.63263263263264,0.9049839063913893
212.71271271271272,0.9013873827842744
212.7927927927928,0.8966348214032631
212.87287287287288,0.8918777557804394
212.95295295295296,0.8873496174476823
213.03303303303304,0.88279760426926
213.11311311311312,0.8780588019767536
213.1931931931932,0.8730408774089125
213.27327327327328,0.8679058235983624
213.35335335335336,0.8628861047764523
213.43343343343344,0.8572132462629151
213.51351351351352,0.851408649116162
213.5935935935936,0.8458503756401597
213.67367367367368,0.8406629045981971
213.75375375375376,0.8362309563938997
213.83383383383384,0.8307072696495963
213.91391391391392,0.8252481261214971
213.993993993994,0.8189429173629231
214.07407407407408,0.8136325879271742
214.15415415415416,0.8085373095351887
214.23423423423424,0.803582624735379
214.31431431431432,0.799212112589729
214.3943943943944,0.79465284926795
214.47447447447448,0.7898229784206128
214.55455455455456,0.7844516446721691
214.63463463463464,0.7790847930901138
214.71471471471472,0.7751356629240722
214.7947947947948,0.7709284941492918
214.87487487487488,0.7672559260384816
214.95495495495496,0.7625434751622814
215.03503503503504,0.7586248692475313
215.11511511511512,0.7546519086121224
215.1951951951952,0.7504986771000053
215.27527527527528,0.7468273845636948
215.35535535535536,0.7434882389461144
215.43543543543544,0.7404914276932433
215.51551551551552,0.7375708973720836
215.5955955955956,0.7340409372298277
215.67567567567568,0.7318659651225536
215.75575575575576,0.7283410819393724
215.83583583583584,0.7265362662996888
215.91591591591592,0.7233849992069481
215.995995995996,0.7217784010128462
216.07607607607608,0.7189895130673385
216.15615615615616,0.7173942392270978
216.23623623623624,0.715122821895331
216.31631631631632,0.713716280998669
216.3963963963964,0.7116257367820575
216.47647647647648,0.7113727974379681
216.55655655655656,0.7094104751563278
216.63663663663664,0.7086142707113281
216.71671671671672,0.7061003629235608
216.7967967967968,0.7060255733228887
216.87687687687688,0.7046177725053603
216.95695695695696,0.7046599130111473
217.03703703703704,0.7034398544596518
217.11711711711712,0.7038368307015274
217.1971971971972,0.7034869024324172
217.27727727727728,0.7037751787348331
217.35735735735736,0.7035625265492734
217.43743743743744,0.7043357777408814
217.51751751751752,0.7046184449995309
217.5975975975976,0.7056437853807468
217.67767767767768,0.7056765047644499
217.75775775775776,0.7068342689446455
217.83783783783784,0.7078506902321852
217.91791791791792,0.7093062887452853
217.997997997998,0.7110208162989923
218.07807807807808,0.7125100150378512
218.15815815815816,0.7143888271507992
218.23823823823824,0.7162604291949201
218.31831831831832,0.7182780745565767
218.3983983983984,0.7206480703731811
218.47847847847848,0.7222649836853051
218.55855855855856,0.7244908828372121
218.63863863863864,0.7266420756043044
218.71871871871872,0.7297105023442826
218.7987987987988,0.7321620281050785
218.87887887887888,0.7346139238012884
218.95895895895896,0.7377219883725558
219.03903903903904,0.741586025967294
219.11911911911912,0.7451710505512612
219.1991991991992,0.7482018306115079
219.27927927927928,0.7507758164181609
219.35935935935936,0.7544775957279977
219.43943943943944,0.7595566374108667
219.51951951951952,0.7636310666922512
219.5995995995996,0.7692617095018107
219.67967967967968,0.7724090567770526
219.75975975975976,0.7780766444131008
219.83983983983984,0.7804536262454567
219.91991991991992,0.7855463374268752
220.0,0.7891590046624221
