freq,trans_dB
140.0,-1.942701527384656
140.08008008008008,-1.896161120600482
140.16016016016016,-1.8656221513786586
140.24024024024024,-1.790485395161212
140.32032032032032,-1.7357682924509743
140.4004004004004,-1.6619988451099592
140.48048048048048,-1.61371416591432
140.56056056056056,-1.5573026690703724
140.64064064064064,-1.5253759722609437
140.72072072072072,-1.4847036001325686
140.8008008008008,-1.4495578306703234
140.88088088088088,-1.4172510022485605
140.96096096096096,-1.3971390755336892
141.04104104104104,-1.3864196115450071
141.12112112112112,-1.3799210785975329
141.2012012012012,-1.3678665368026335
141.28128128128128,-1.3682019196650952
141.36136136136136,-1.3756955272274551
141.44144144144144,-1.3924842070515075
141.52152152152152,-1.4073944069708597
141.6016016016016,-1.4314259479898095
141.68168168168168,-1.464711301699576
141.76176176176176,-1.5021432414246314
141.84184184184184,-1.5408059417405557
141.92192192192192,-1.5791461658051493
142.002002002002,-1.6332933010228772
142.08208208208208,-1.6876639892489227
142.16216216216216,-1.7481870280414926
142.24224224224224,-1.8053033970826797
142.32232232232232,-1.8741275558665311
142.4024024024024,-1.9475979633164062
142.48248248248248,-2.0245924973694014
142.56256256256256,-2.0961971410103826
142.64264264264264,-2.179286823830357
142.72272272272272,-2.2575438393891107
142.8028028028028,-2.3522097090829233
142.88288288288288,-2.423517199309913
142.96296296296296,-2.512624899918216
143.04304304304304,-2.5892017162488314
143.12312312312312,-2.6894121371012494
143.2032032032032,-2.7656773573872635
143.28328328328328,-2.857179885503465
143.36336336336336,-2.9324471146818363
143.44344344344344,-3.0317567480506473
143.52352352352352,-3.1074904262597105
143.6036036036036,-3.2036727921685
143.68368368368368,-3.279039617358002
143.76376376376376,-3.383799016224628
143.84384384384384,-3.4678706899572793
143.92392392392392,-3.566474453383559
144.004004004004,-3.6474954794968966
144.08408408408408,-3.7304731787404326
144.16416416416416,-3.8041815368509004
144.24424424424424,-3.8750170791730545
144.32432432432432,-3.9528010698204987
144.4044044044044,-4.0288571849317325
144.48448448448448,-4.109423498842958
144.56456456456456,-4.181600472188521
144.64464464464464,-4.2504141765759735
144.72472472472472,-4.32273951763809
144.8048048048048,-4.4027783247826235
144.88488488488488,-4.463827911695507
144.96496496496496,-4.52462289818717
145.04504504504504,-4.562866438563461
145.12512512512512,-4.632482971219264
145.2052052052052,-4.679018166617621
145.28528528528528,-4.750344716375644
145.36536536536536,-4.787591547629102
145.44544544544544,-4.8409809751182555
145.52552552552552,-4.879224246664823
145.6056056056056,-4.9364212839614465
145.68568568568568,-4.973979279270279
145.76576576576576,-5.025224091095932
145.84584584584584,-5.059623751699751
145.92592592592592,-5.097279015581248
146.006006006006,-5.115443974975845
146.08608608608608,-5.140260579511024
146.16616616616616,-5.165343266182874
146.24624624624624,-5.187887724490538
146.32632632632632,-5.206869379268594
146.4064064064064,-5.230214547038964
146.48648648648648,-5.260754696970441
146.56656656656656,-5.289655072993561
146.64664664664664,-5.300073008056177
146.72672672672672,-5.302948902812043
146.8068068068068,-5.316597478378731
146.88688688688688,-5.326720196395045
146.96696696696696,-5.340946006017722
147.04704704704704,-5.336521245921402
147.12712712712712,-5.339042312722807
147.2072072072072,-5.333375762305365
147.28728728728728,-5.324618247057823
147.36736736736736,-5.310370926196446
147.44744744744744,-5.301199959042615
147.52752752752752,-5.296730777960324
147.6076076076076,-5.293881998655006
147.68768768768768,-5.274612136065443
147.76776776776777,-5.2634734298026675
147.84784784784785,-5.2381816908507695
147.92792792792793,-5.227036105742235
148.008008008008,-5.194707449227202
148.08808808808809,-5.166642608577609
148.16816816816817,-5.127931058303194
148.24824824824825,-5.100911328702013
148.32832832832833,-5.074836355923911
148.4084084084084,-5.042795798509782
148.48848848848849,-5.001884492101967
148.56856856856857,-4.955902941263209
148.64864864864865,-4.915098954576115
148.72872872872873,-4.87719979263529
148.8088088088088,-4.837909250968592
148.88888888888889,-4.79003595887944
148.96896896896897,-4.732661995492168
149.04904904904905,-4.67405051070405
149.12912912912913,-4.614347793735997
149.2092092092092,-4.553392097860758
149.2892892892893,-4.495117783866903
149.36936936936937,-4.433229216868399
149.44944944944945,-4.377951916755342
149.52952952952953,-4.315498067945003
149.6096096096096,-4.254801316940852
149.6896896896897,-4.1919606045893785
149.76976976976977,-4.131206531409235
149.84984984984985,-4.066530326461057
149.92992992992993,-3.9960102966941173
150.01001001001,-3.914984367056974
150.0900900900901,-3.8351216819060956
150.17017017017017,-3.75180587465548
150.25025025025025,-3.679542716338007
150.33033033033033,-3.601854126498587
150.4104104104104,-3.5225330345510586
150.4904904904905,-3.4372784455687206
150.57057057057057,-3.351708754688554
150.65065065065065,-3.2746449499707655
150.73073073073073,-3.1964594626721694
150.8108108108108,-3.116660911927205
150.8908908908909,-3.0306886593907856
150.97097097097097,-2.942253341349699
151.05105105105105,-2.8547673766482693
151.13113113113113,-2.767005393437711
151.2112112112112,-2.6836413927280356
151.2912912912913,-2.601719724999949
151.37137137137137,-2.51970147021577
151.45145145145145,-2.441072467856981
151.53153153153153,-2.3657787057416497
151.6116116116116,-2.294524185556341
151.6916916916917,-2.2182630494129594
151.77177177177177,-2.140769226580675
151.85185185185185,-2.0603259071528157
151.93193193193193,-1.9882833757165972
152.012012012012,-1.9192437315586106
152.0920920920921,-1.8571534310022901
152.17217217217217,-1.7982738308842665
152.25225225225225,-1.7453108487394722
152.33233233233233,-1.6904011818794376
152.4124124124124,-1.6402173798804534
152.4924924924925,-1.595757390110692
152.57257257257257,-1.5593461579648815
152.65265265265265,-1.5279947265952716
152.73273273273273,-1.5015724609206331
152.8128128128128,-1.4806173901010968
152.8928928928929,-1.4663868612229958
152.97297297297297,-1.459160422013349
153.05305305305305,-1.4590284318932547
153.13313313313313,-1.461462884764099
153.2132132132132,-1.464151228700389
153.2932932932933,-1.4744131727682013
153.37337337337337,-1.4883945660436309
153.45345345345345,-1.5136940305920474
153.53353353353353,-1.537666110634973
153.6136136136136,-1.57238142086782
153.6936936936937,-1.609778493472634
153.77377377377377,-1.6552762276509223
153.85385385385385,-1.700693731785817
153.93393393393393,-1.7533530888296553
154.014014014014,-1.8080364352818448
154.0940940940941,-1.871270269705087
154.17417417417417,-1.931281022933673
154.25425425425425,-1.9991642797402132
154.33433433433433,-2.0625170641188597
154.4144144144144,-2.134334993409199
154.4944944944945,-2.2003415784803115
154.57457457457457,-2.276840013382848
154.65465465465465,-2.356287153965545
154.73473473473473,-2.441090098258951
154.8148148148148,-2.521279537215162
154.8948948948949,-2.5983503947598963
154.97497497497497,-2.6805207880205053
155.05505505505505,-2.7660731591097343
155.13513513513513,-2.847799992572278
155.2152152152152,-2.9310678037461626
155.2952952952953,-3.011523170931729
155.37537537537537,-3.1020580265817492
155.45545545545545,-3.189335017738168
155.53553553553553,-3.27482652367579
155.6156156156156,-3.357637226763188
155.6956956956957,-3.4370110004141754
155.77577577577577,-3.5184528080927446
155.85585585585585,-3.5993446873440673
155.93593593593593,-3.6765451956579436
156.016016016016,-3.754826665681519
156.0960960960961,-3.829185301203648
156.17617617617617,-3.906126465838951
156.25625625625625,-3.978197401429455
156.33633633633633,-4.04881337885018
156.4164164164164,-4.122176198770724
156.4964964964965,-4.1913281610316435
156.57657657657657,-4.263456259046882
156.65665665665665,-4.328356892502507
156.73673673673673,-4.396154090468935
156.8168168168168,-4.460049886872771
156.8968968968969,-4.5245491986517345
156.97697697697697,-4.583437030131595
157.05705705705705,-4.641112651966053
157.13713713713713,-4.694478108975924
157.2172172172172,-4.751439455116436
157.2972972972973,-4.804376135454259
157.37737737737737,-4.856478110430905
157.45745745745745,-4.90615917746172
157.53753753753753,-4.957282622349837
157.6176176176176,-5.001439996528487
157.6976976976977,-5.037071932196666
157.77777777777777,-5.068550969426779
157.85785785785785,-5.106770012048933
157.93793793793793,-5.142934135106443
158.018018018018,-5.173811552726472
158.0980980980981,-5.1992692695693865
158.17817817817817,-5.218837416472455
158.25825825825825,-5.248980986078604
158.33833833833833,-5.275458429964015
158.4184184184184,-5.307300001316105
158.4984984984985,-5.319403545443146
158.57857857857857,-5.333077086228038
158.65865865865865,-5.343993349702595
158.73873873873873,-5.3580430290676615
158.8188188188188,-5.369388564553192
158.8988988988989,-5.378362395152619
158.97897897897897,-5.386637812746985
159.05905905905905,-5.3978740659016315
159.13913913913913,-5.396798183041113
159.2192192192192,-5.394073911919361
159.2992992992993,-5.378101079660411
159.37937937937937,-5.370980405716448
159.45945945945945,-5.3524820247541
159.53953953953953,-5.338109021637137
159.6196196196196,-5.317816360719723
159.6996996996997,-5.299842234323393
159.77977977977977,-5.280653389430717
159.85985985985985,-5.2618742275446
159.93993993993993,-5.2407423627280805
160.02002002002,-5.214839417460325
160.1001001001001,-5.179543693304519
160.18018018018017,-5.148007741944188
160.26026026026025,-5.115087064981749
160.34034034034033,-5.085395886901085
160.4204204204204,-5.0484516624975795
160.5005005005005,-5.0063677032321365
160.58058058058057,-4.967739584856443
160.66066066066065,-4.923657826846077
160.74074074074073,-4.8828063020617485
160.8208208208208,-4.835524135202975
160.9009009009009,-4.785791825257333
160.98098098098097,-4.730714890650183
161.06106106106105,-4.6740715733478195
161.14114114114113,-4.616314031212119
161.2212212212212,-4.5528019606535635
161.3013013013013,-4.485302154656474
161.38138138138137,-4.420105995903264
161.46146146146145,-4.357888208938593
161.54154154154153,-4.294114157941991
161.6216216216216,-4.226700843416815
161.7017017017017,-4.161485279041901
161.78178178178177,-4.097123557881889
161.86186186186185,-4.026556380971239
161.94194194194193,-3.951364257947164
162.022022022022,-3.8698341085619643
162.1021021021021,-3.79415086450652
162.18218218218217,-3.7162855529760637
162.26226226226225,-3.6457519867803576
162.34234234234233,-3.567778736168596
162.42242242242241,-3.486784225560066
162.5025025025025,-3.400880584801624
162.58258258258257,-3.314055516274613
162.66266266266265,-3.228887266077571
162.74274274274273,-3.1476308575013126
162.82282282282281,-3.0664619740570394
162.9029029029029,-2.9845902101824464
162.98298298298297,-2.8970160381465204
163.06306306306305,-2.810072135783735
163.14314314314313,-2.7235079061775704
163.22322322322321,-2.6416357080921484
163.3033033033033,-2.5606544644411406
163.38338338338338,-2.4842873298611035
163.46346346346346,-2.409343745194586
163.54354354354354,-2.3370120460915307
163.62362362362362,-2.2647084959831734
163.7037037037037,-2.1907785095660763
163.78378378378378,-2.1197810669791126
163.86386386386386,-2.048658702565569
163.94394394394394,-1.9853155729747656
164.02402402402402,-1.922915511248711
164.1041041041041,-1.8696335350875286
164.18418418418418,-1.816561511729548
164.26426426426426,-1.7727338011097244
164.34434434434434,-1.7287453752395177
164.42442442442442,-1.695179428168747
164.5045045045045,-1.6616558480564785
164.58458458458458,-1.6365335779126038
164.66466466466466,-1.610016408107205
164.74474474474474,-1.595395850446671
164.82482482482482,-1.5815353021291172
164.9049049049049,-1.5774448492446445
164.98498498498498,-1.574769682924873
165.06506506506506,-1.5836291816761594
165.14514514514514,-1.5945575847048474
165.22522522522522,-1.6118748480756275
165.3053053053053,-1.630861445133625
165.38538538538538,-1.6606738334393913
165.46546546546546,-1.6947003117843888
165.54554554554554,-1.7325701003584821
165.62562562562562,-1.7705580524122335
165.7057057057057,-1.8135903203489612
165.78578578578578,-1.8649511381031811
165.86586586586586,-1.917867215789546
165.94594594594594,-1.9732150558195516
166.02602602602602,-2.031582016816514
166.1061061061061,-2.0941363471166174
166.18618618618618,-2.1585256250241134
166.26626626626626,-2.2252986662991967
166.34634634634634,-2.294973470879665
166.42642642642642,-2.370801673678034
166.5065065065065,-2.4456068045211157
166.58658658658658,-2.524337045072875
166.66666666666666,-2.596966654321227
166.74674674674674,-2.6754543387727545
166.82682682682682,-2.749098385071841
166.9069069069069,-2.830385542445375
166.98698698698698,-2.9083668983471487
167.06706706706706,-2.9894941598397233
167.14714714714714,-3.066678665471209
167.22722722722722,-3.1475243368030124
167.3073073073073,-3.228037391481938
167.38738738738738,-3.30903711667167
167.46746746746746,-3.3835560044158894
167.54754754754754,-3.460374813182027
167.62762762762762,-3.5313013296534286
167.7077077077077,-3.6077805342198155
167.78778778778778,-3.6810162673767626
167.86786786786786,-3.757797252041345
167.94794794794794,-3.8323590127278115
168.02802802802802,-3.9060892437097654
168.1081081081081,-3.981396650485425
168.18818818818818,-4.05218076260248
168.26826826826826,-4.122940443097193
168.34834834834834,-4.183511151300722
168.42842842842842,-4.246701193022533
168.5085085085085,-4.306511273737724
168.58858858858858,-4.37169000851778
168.66866866866866,-4.431036936222165
168.74874874874874,-4.4952881959939095
168.82882882882882,-4.553057654170463
168.9089089089089,-4.616360729303239
168.98898898898898,-4.66924702475407
169.06906906906906,-4.730234437749505
169.14914914914914,-4.777075919928562
169.22922922922922,-4.829899429124176
169.3093093093093,-4.866888162143463
169.38938938938938,-4.9146534576389955
169.46946946946946,-4.955815432579676
169.54954954954954,-5.004697037108279
169.62962962962962,-5.042364899038909
169.7097097097097,-5.086192212056717
169.78978978978978,-5.120545866390591
169.86986986986986,-5.157448819011869
169.94994994994994,-5.183453764560674
170.03003003003002,-5.216058574041878
170.1101101101101,-5.2415196356513025
170.19019019019018,-5.270978440189018
170.27027027027026,-5.291344413710215
170.35035035035034,-5.311289622175192
170.43043043043042,-5.325401751417049
170.5105105105105,-5.343258798041413
170.59059059059058,-5.360209608963743
170.67067067067066,-5.377857428936873
170.75075075075074,-5.390214554664839
170.83083083083082,-5.396713395152068
170.9109109109109,-5.4022482422600975
170.99099099099098,-5.404653354228612
171.07107107107106,-5.405541976303271
171.15115115115114,-5.398267840319538
171.23123123123122,-5.3883855129409834
171.3113113113113,-5.375401898463822
171.39139139139138,-5.3704117643867
171.47147147147146,-5.365018911313547
171.55155155155154,-5.3595873745750655
171.63163163163162,-5.342373470232877
171.7117117117117,-5.323693600566038
171.79179179179178,-5.295393356432004
171.87187187187186,-5.271731002475487
171.95195195195194,-5.242700291784224
172.03203203203202,-5.217951406421617
172.11211211211213,-5.180428044521387
172.19219219219218,-5.1470339902309945
172.2722722722723,-5.102514460122733
172.35235235235234,-5.0669585429527535
172.43243243243245,-5.025654599934815
172.5125125125125,-4.9922774962551575
172.5925925925926,-4.943977787444397
172.67267267267266,-4.895376546204352
172.75275275275277,-4.8385987365152126
172.83283283283282,-4.787961247309118
172.91291291291293,-4.731149679423551
172.99299299299298,-4.676943921181075
173.0730730730731,-4.6132472394131385
173.15315315315314,-4.555300701881318
173.23323323323325,-4.494093432172163
173.3133133133133,-4.437169448077328
173.3933933933934,-4.369806349132591
173.47347347347346,-4.300988256382945
173.55355355355357,-4.226947011100944
173.63363363363362,-4.152672138231551
173.71371371371373,-4.074138205139705
173.79379379379378,-3.999746894460435
173.8738738738739,-3.929341572738475
173.95395395395394,-3.8594992752625124
174.03403403403405,-3.7796543808876204
174.1141141141141,-3.697183758265719
174.1941941941942,-3.6155517055611104
174.27427427427426,-3.535656626351727
174.35435435435437,-3.4529567156820558
174.43443443443442,-3.3675369363765504
174.51451451451453,-3.284869337947549
174.59459459459458,-3.201247604907376
174.6746746746747,-3.117418189793785
174.75475475475474,-3.031725347423819
174.83483483483485,-2.950654446008715
174.9149149149149,-2.870807495361539
174.994994994995,-2.7905895633727553
175.07507507507506,-2.7069760060418053
175.15515515515517,-2.6264771700976715
175.23523523523522,-2.546247408076172
175.31531531531533,-2.4698722724416093
175.39539539539538,-2.394080530181439
175.4754754754755,-2.324231325095266
175.55555555555554,-2.2532355631688628
175.63563563563565,-2.1857702087276634
175.7157157157157,-2.118927703125527
175.7957957957958,-2.0632664581156335
175.87587587587586,-2.011352908082375
175.95595595595597,-1.9632264422060801
176.03603603603602,-1.9127943418104518
176.11611611611613,-1.8683373539287076
176.19619619619618,-1.8267078242006758
176.2762762762763,-1.7905120323368648
176.35635635635634,-1.756003338973915
176.43643643643645,-1.7320968083687935
176.5165165165165,-1.7141916181526784
176.5965965965966,-1.7019414058506592
176.67667667667666,-1.690079792666719
176.75675675675677,-1.6847142166165765
176.83683683683682,-1.6862896614792295
176.91691691691693,-1.6951523637037615
176.99699699699698,-1.704564538777518
177.0770770770771,-1.7209331314738
177.15715715715714,-1.7423694007149277
177.23723723723725,-1.771747096048602
177.3173173173173,-1.8023099223642065
177.3973973973974,-1.8383524422577024
177.47747747747746,-1.8767280434674154
177.55755755755757,-1.920920990270005
177.63763763763762,-1.9671274101232694
177.71771771771773,-2.0198404019632332
177.79779779779778,-2.0772495734809437
177.8778778778779,-2.139639991574369
177.95795795795794,-2.203660397928753
178.03803803803805,-2.2653481240738
178.1181181181181,-2.3303734234247626
178.1981981981982,-2.3975507613369964
178.27827827827826,-2.4679278653181878
178.35835835835837,-2.54001698134146
178.43843843843842,-2.6128138014772158
178.51851851851853,-2.687619153378566
178.59859859859858,-2.7604159555613905
178.6786786786787,-2.8363723027181784
178.75875875875874,-2.9143058578667698
178.83883883883885,-2.9926169581347426
178.9189189189189,-3.0705252537465744
178.998998998999,-3.1447822574036044
179.07907907907907,-3.219269372747672
179.15915915915917,-3.29249246776582
179.23923923923923,-3.3699025625413053
179.31931931931933,-3.448756879492657
179.39939939939939,-3.524426766452429
179.4794794794795,-3.59596087950386
179.55955955955955,-3.666827439207269
179.63963963963965,-3.744188006518929
179.7197197197197,-3.8202324799244707
179.7997997997998,-3.8902612124453255
179.87987987987987,-3.956317020473025
179.95995995995997,-4.022606550345678
180.04004004004003,-4.088494648592503
180.12012012012013,-4.149520412484687
180.2002002002002,-4.209653751709358
180.2802802802803,-4.271337607584169
180.36036036036035,-4.3347727220509435
180.44044044044045,-4.394268222350275
180.5205205205205,-4.449108122054019
180.60060060060061,-4.506407231475188
180.68068068068067,-4.564592128953022
180.76076076076077,-4.621121214098431
180.84084084084083,-4.670831914288541
180.92092092092093,-4.715920229688039
181.001001001001,-4.758849781832908
181.0810810810811,-4.803082713235827
181.16116116116115,-4.8507899456388
181.24124124124126,-4.895467444254226
181.3213213213213,-4.933930710859436
181.40140140140142,-4.966846793532355
181.48148148148147,-5.000384370608892
181.56156156156158,-5.035451717114495
181.64164164164163,-5.0719458037347875
181.72172172172174,-5.107262555328418
181.8018018018018,-5.135708880132361
181.8818818818819,-5.158561002689492
181.96196196196195,-5.178998406284735
182.04204204204206,-5.203947509720769
182.1221221221221,-5.229373881832092
182.20220220220222,-5.249054553956913
182.28228228228227,-5.265850473659593
182.36236236236238,-5.282378936422465
182.44244244244243,-5.301265891467715
182.52252252252254,-5.314275640580662
182.6026026026026,-5.321611670971946
182.6826826826827,-5.3268529131149736
182.76276276276275,-5.331658070397626
182.84284284284286,-5.334729315483237
182.9229229229229,-5.335171410124481
183.00300300300302,-5.334955530722678
183.08308308308307,-5.333738209519408
183.16316316316318,-5.3259286267452115
183.24324324324323,-5.313663947843854
183.32332332332334,-5.302878086114302
183.4034034034034,-5.296120194374808
183.4834834834835,-5.283932242566306
183.56356356356355,-5.2641595161735575
183.64364364364366,-5.240267246686608
183.7237237237237,-5.218137205483775
183.80380380380382,-5.195368423489649
183.88388388388387,-5.170544442188794
183.96396396396398,-5.142721219427511
184.04404404404403,-5.11618951010735
184.12412412412414,-5.086146034828396
184.2042042042042,-5.052474273371616
184.2842842842843,-5.01728252753592
184.36436436436435,-4.9789275863831
184.44444444444446,-4.9397425233602155
184.5245245245245,-4.892913220740298
184.60460460460462,-4.844273784398778
184.68468468468467,-4.793591396220997
184.76476476476478,-4.7438456962987114
184.84484484484483,-4.694294532996983
184.92492492492494,-4.639459125264895
185.005005005005,-4.58520588338533
185.0850850850851,-4.525573873452267
185.16516516516515,-4.467973061099898
185.24524524524526,-4.404069926399179
185.3253253253253,-4.3364592472136385
185.40540540540542,-4.264016854219117
185.48548548548547,-4.191759972499921
185.56556556556558,-4.122675206998295
185.64564564564563,-4.052000277384933
185.72572572572574,-3.978906640754453
185.8058058058058,-3.905149022877879
185.8858858858859,-3.8320223476914537
185.96596596596595,-3.7578353421509525
186.04604604604606,-3.6798681183061333
186.1261261261261,-3.600914920641994
186.20620620620622,-3.5172398116393384
186.28628628628627,-3.4319535160820154
186.36636636636638,-3.348917017575908
186.44644644644643,-3.2702851445921497
186.52652652652654,-3.1957086187708654
186.6066066066066,-3.1174636444983084
186.6866866866867,-3.035654995593305
186.76676676676675,-2.95193593723376
186.84684684684686,-2.8702898494482025
186.9269269269269,-2.792124198826011
187.00700700700702,-2.7160416392938713
187.08708708708707,-2.6440790970797883
187.16716716716718,-2.571161586237577
187.24724724724723,-2.4989270913798505
187.32732732732734,-2.428675751224985
187.4074074074074,-2.3604943501758253
187.4874874874875,-2.2952084832912965
187.56756756756755,-2.230489080227425
187.64764764764766,-2.1679363199531885
187.7277277277277,-2.1116562013628974
187.80780780780782,-2.06210081769789
187.88788788788787,-2.018718600058578
187.96796796796798,-1.9760078584245662
188.04804804804803,-1.9369003693042426
188.12812812812814,-1.901708011679954
188.2082082082082,-1.873497898808767
188.2882882882883,-1.8493317945213192
188.36836836836835,-1.8322647158528393
188.44844844844846,-1.8180379343763342
188.5285285285285,-1.8097372366560622
188.60860860860862,-1.8052930208750448
188.68868868868867,-1.8064539007905926
188.76876876876878,-1.8146345510559931
188.84884884884883,-1.8291888682366066
188.92892892892894,-1.8505297758780117
189.009009009009,-1.8752011265877262
189.0890890890891,-1.9026832792227828
189.16916916916915,-1.9309171194401287
189.24924924924926,-1.9634628613657137
189.3293293293293,-2.001565590930189
189.40940940940942,-2.045230658935736
189.48948948948947,-2.0948442227672466
189.56956956956958,-2.1460539299668526
189.64964964964963,-2.2024719505140973
189.72972972972974,-2.259822446230993
189.8098098098098,-2.322698876006011
189.8898898898899,-2.3847137832481002
189.96996996996995,-2.4462381429669793
190.05005005005006,-2.5107897498907548
190.1301301301301,-2.5817104776786404
190.21021021021022,-2.6593088007943875
190.29029029029027,-2.734449097462284
190.37037037037038,-2.8079037864889056
190.45045045045043,-2.8821470818515054
190.53053053053054,-2.9588561844146604
190.6106106106106,-3.0352317908423365
190.6906906906907,-3.1085607161174837
190.77077077077075,-3.1839528437213693
190.85085085085086,-3.2626607755238544
190.9309309309309,-3.3366168150244544
191.01101101101102,-3.409694630005648
191.09109109109107,-3.4812640558099273
191.17117117117118,-3.559955734220981
191.25125125125123,-3.636813971665599
191.33133133133134,-3.7116358088016863
191.41141141141142,-3.7822491860302065
191.4914914914915,-3.853682694750028
191.57157157157158,-3.923505846900586
191.65165165165166,-3.994162086422806
191.73173173173174,-4.063321807669529
191.81181181181182,-4.134539295341557
191.8918918918919,-4.201884927056297
191.97197197197198,-4.267358671818476
192.05205205205206,-4.324844595811285
192.13213213213214,-4.38444260736459
192.21221221221222,-4.444415917709645
192.2922922922923,-4.505085349572283
192.37237237237238,-4.5617256265714765
192.45245245245246,-4.615522195358679
192.53253253253254,-4.672520904072015
192.61261261261262,-4.727212653106231
192.6926926926927,-4.778474302514035
192.77277277277278,-4.823318081143057
192.85285285285286,-4.867472950642148
192.93293293293294,-4.912109286028172
193.01301301301302,-4.955406916627373
193.0930930930931,-4.99721590305639
193.17317317317318,-5.038104816719345
193.25325325325326,-5.079316949975673
193.33333333333334,-5.112992087735782
193.41341341341342,-5.140101458146554
193.4934934934935,-5.164799468096402
193.57357357357358,-5.192741123508967
193.65365365365366,-5.224173063409176
193.73373373373374,-5.2521981559167985
193.81381381381382,-5.278319070047898
193.8938938938939,-5.298175657080902
193.97397397397398,-5.314751382201798
194.05405405405406,-5.324483984697371
194.13413413413414,-5.332401854667756
194.21421421421422,-5.343540612925781
194.2942942942943,-5.357699618640376
194.37437437437438,-5.368097256460152
194.45445445445446,-5.371270082792814
194.53453453453454,-5.372302182946365
194.61461461461462,-5.376149346391695
194.6946946946947,-5.3775277196896125
194.77477477477478,-5.380165258554584
194.85485485485486,-5.381521313471752
194.93493493493494,-5.382013191517999
195.01501501501502,-5.3751087858297595
195.0950950950951,-5.360134248504704
195.17517517517518,-5.344075678140501
195.25525525525526,-5.327528992547664
195.33533533533534,-5.312204505856138
195.41541541541542,-5.29430376441896
195.4954954954955,-5.275959067201503
195.57557557557558,-5.263071695500345
195.65565565565566,-5.245463022066379
195.73573573573574,-5.220005242459472
195.81581581581582,-5.18391699879876
195.8958958958959,-5.149680322349427
195.97597597597598,-5.118093941392618
196.05605605605606,-5.084861050734809
196.13613613613614,-5.051060439845416
196.21621621621622,-5.01248545560531
196.2962962962963,-4.974822916930669
196.37637637637638,-4.926344947672978
196.45645645645646,-4.8785626150386845
196.53653653653654,-4.82754841817475
196.61661661661662,-4.7831292815167155
196.6966966966967,-4.73211135799441
196.77677677677679,-4.681478623996378
196.85685685685687,-4.629155570747117
196.93693693693695,-4.577104300803332
197.01701701701703,-4.515526331148958
197.0970970970971,-4.45360696189556
197.17717717717719,-4.389147858443782
197.25725725725727,-4.329261087506555
197.33733733733735,-4.2648289536789346
197.41741741741743,-4.1968979512824145
197.4974974974975,-4.128261915062322
197.57757757757759,-4.057501909365671
197.65765765765767,-3.985594473443156
197.73773773773775,-3.9115204972789708
197.81781781781783,-3.8362451348712328
197.8978978978979,-3.759318491953773
197.977977977978,-3.6804533701101123
198.05805805805807,-3.6051202349120666
198.13813813813815,-3.5267981333437706
198.21821821821823,-3.451396280580862
198.2982982982983,-3.3708230551064546
198.3783783783784,-3.297116717835396
198.45845845845847,-3.215027394519014
198.53853853853855,-3.137624269395784
198.61861861861863,-3.0589462640295886
198.6986986986987,-2.9821072957804766
198.7787787787788,-2.9035764086707867
198.85885885885887,-2.824829481808848
198.93893893893895,-2.7526869782518606
199.01901901901903,-2.677982526525842
199.0990990990991,-2.6040098560320684
199.1791791791792,-2.5328931319757473
199.25925925925927,-2.4687790849035816
199.33933933933935,-2.4077665539110886
199.41941941941943,-2.344748231830163
199.4994994994995,-2.2843156085002283
199.5795795795796,-2.227916456236063
199.65965965965967,-2.179125714291269
199.73973973973975,-2.1340136034509576
199.81981981981983,-2.0937380533556977
199.8998998998999,-2.0548965620265447
199.97997997998,-2.021613705011793
200.06006006006007,-1.9906108040259363
200.14014014014015,-1.9666720982014443
200.22022022022023,-1.9499900242089365
200.3003003003003,-1.9384321175286328
200.3803803803804,-1.9314931432443403
200.46046046046047,-1.9267066738080103
200.54054054054055,-1.926515585657865
200.62062062062063,-1.9303261990458613
200.7007007007007,-1.9405198242259074
200.7807807807808,-1.9570011027201992
200.86086086086087,-1.9819017432934363
200.94094094094095,-2.010635284004508
201.02102102102103,-2.048272337988822
201.1011011011011,-2.0849317197150192
201.1811811811812,-2.1247358162083767
201.26126126126127,-2.1696723837076988
201.34134134134135,-2.2193072308578503
201.42142142142143,-2.2744182897579686
201.5015015015015,-2.329491293083222
201.5815815815816,-2.3884428960187574
201.66166166166167,-2.452017343275201
201.74174174174175,-2.5136756005823466
201.82182182182183,-2.58277721223023
201.9019019019019,-2.645646702372875
201.981981981982,-2.7187344303862075
202.06206206206207,-2.7916353511969554
202.14214214214215,-2.8731589676009297
202.22222222222223,-2.9458938399392602
202.3023023023023,-3.024230151720631
202.3823823823824,-3.0964416644179598
202.46246246246247,-3.175728669007138
202.54254254254255,-3.246114808418616
202.62262262262263,-3.3217796543524445
202.7027027027027,-3.400453366685999
202.7827827827828,-3.4863274087178637
202.86286286286287,-3.5695642572507285
202.94294294294295,-3.649725894186018
203.02302302302303,-3.721027878827518
203.1031031031031,-3.7886837919868093
203.1831831831832,-3.8600266356760713
203.26326326326327,-3.934573895055855
203.34334334334335,-4.0146755541240235
203.42342342342343,-4.091730137708846
203.5035035035035,-4.1644396970064586
203.5835835835836,-4.235031029221994
203.66366366366367,-4.2967961895974875
203.74374374374375,-4.363328296432345
203.82382382382383,-4.423766493498606
203.9039039039039,-4.492834791810152
203.983983983984,-4.552451949866619
204.06406406406407,-4.614394411433797
204.14414414414415,-4.667208292637207
204.22422422422423,-4.72302507109794
204.3043043043043,-4.774275817441114
204.3843843843844,-4.829084981635419
204.46446446446447,-4.881280025946696
204.54454454454455,-4.93841331666361
204.62462462462463,-4.983313838920135
204.7047047047047,-5.026234477154189
204.7847847847848,-5.0610796107822935
204.86486486486487,-5.107980793258667
204.94494494494495,-5.150727700907645
205.02502502502503,-5.1921663497360715
205.1051051051051,-5.226634370789356
205.1851851851852,-5.259684792705413
205.26526526526527,-5.298067141599902
205.34534534534535,-5.325164667131084
205.42542542542543,-5.358099535142656
205.5055055055055,-5.378394657980233
205.5855855855856,-5.40401459457613
205.66566566566567,-5.421629325590983
205.74574574574575,-5.448558996353596
205.82582582582583,-5.467990282308191
205.9059059059059,-5.482835563665129
205.985985985986,-5.481633806447968
206.06606606606607,-5.497849259954713
206.14614614614615,-5.504228766613971
206.22622622622623,-5.52815617176539
206.3063063063063,-5.523531199798378
206.3863863863864,-5.534049474413516
206.46646646646647,-5.5181035217181424
206.54654654654655,-5.517697875891662
206.62662662662663,-5.501190726563078
206.7067067067067,-5.499049996803515
206.7867867867868,-5.487626169001438
206.86686686686687,-5.482325580401157
206.94694694694695,-5.46968088398754
207.02702702702703,-5.460065195016388
207.1071071071071,-5.433043418690971
207.1871871871872,-5.417926474462195
207.26726726726727,-5.393044986512064
207.34734734734735,-5.3778573057668755
207.42742742742743,-5.344513042508589
207.5075075075075,-5.312361621145451
207.5875875875876,-5.282297986020016
207.66766766766767,-5.252671903078739
207.74774774774775,-5.2233427220905035
207.82782782782783,-5.185492439217693
207.9079079079079,-5.153308971061269
207.987987987988,-5.113722344604755
208.06806806806807,-5.075056316291598
208.14814814814815,-5.019563475942557
208.22822822822823,-4.973862289710896
208.3083083083083,-4.921957729674256
208.3883883883884,-4.878255994731323
208.46846846846847,-4.817461824279217
208.54854854854855,-4.769045864259533
208.62862862862863,-4.705708023423167
208.7087087087087,-4.662506147014888
208.7887887887888,-4.594826510555572
208.86886886886887,-4.547090193657488
208.94894894894895,-4.469679323813775
209.02902902902903,-4.417607121195224
209.1091091091091,-4.333994005152774
209.1891891891892,-4.276102188181506
209.26926926926927,-4.188031879500529
209.34934934934935,-4.133250107793199
209.42942942942943,-4.045991579313305
209.5095095095095,-3.9874666355937247
209.5895895895896,-3.8979429971683204
209.66966966966967,-3.8387286403580037
209.74974974974975,-3.7552103245843753
209.82982982982983,-3.6897294204031086
209.9099099099099,-3.59524639360615
209.98998998999,-3.526835160597368
210.07007007007007,-3.443780119805842
210.15015015015015,-3.3821817409650414
210.23023023023023,-3.2907898002568614
210.3103103103103,-3.2180258856213784
210.3903903903904,-3.1240048442786774
210.47047047047047,-3.058810600347102
210.55055055055055,-2.973875478571035
210.63063063063063,-2.9162174430717975
210.7107107107107,-2.8392121461922533
210.7907907907908,-2.7762712967805583
210.87087087087087,-2.693179384155827
210.95095095095095,-2.624905955183895
211.03103103103103,-2.5518493537461286
211.11111111111111,-2.4927352209921128
211.1911911911912,-2.428952107767888
211.27127127127127,-2.3726614005009354
211.35135135135135,-2.317131197527181
211.43143143143143,-2.270692386179794
211.51151151151151,-2.2239619933612262
211.5915915915916,-2.1751101483687307
211.67167167167167,-2.1325001381754234
211.75175175175175,-2.0994506557942896
211.83183183183183,-2.074608356470063
211.91191191191191,-2.0508119855203675
211.991991991992,-2.0343656479851835
212.07207207207207,-2.014366259623646
212.15215215215215,-2.004783131389932
212.23223223223223,-1.985561678703299
212.31231231231232,-1.993164198604799
212.3923923923924,-1.996670383882811
212.47247247247248,-2.02031938189219
212.55255255255256,-2.0281829050012012
212.63263263263264,-2.0479815929008574
212.71271271271272,-2.067306239755112
212.7927927927928,-2.1034419848079056
212.87287287287288,-2.1378735751804174
212.95295295295296,-2.178500200772714
213.03303303303304,-2.2190623086033265
213.11311311311312,-2.270582219451228
213.1931931931932,-2.324457955828005
213.27327327327328,-2.3863215107062348
213.35335335335336,-2.4426921628162668
213.43343343343344,-2.506627902925308
213.51351351351352,-2.5693323455408192
213.5935935935936,-2.639748052294243
213.67367367367368,-2.707508606142964
213.75375375375376,-2.7810679602763586
213.83383383383384,-2.8560693230100376
213.91391391391392,-2.9320455381265043
213.993993993994,-3.0036160788530184
214.07407407407408,-3.07181745668029
214.15415415415416,-3.1551183786037464
214.23423423423424,-3.2426511571730567
214.31431431431432,-3.3303217369928744
214.3943943943944,-3.4109760266773077
214.47447447447448,-3.491506923823921
214.55455455455456,-3.573749467619301
214.63463463463464,-3.652740521068588
214.71471471471472,-3.730316890866376
214.7947947947948,-3.8146985737329246
214.87487487487488,-3.898040302130954
214.95495495495496,-3.975733305885908
215.03503503503504,-4.044964925638253
215.11511511511512,-4.119311448948623
215.1951951951952,-4.198590518633048
215.27527527527528,-4.275927844180486
215.35535535535536,-4.349082211055132
215.43543543543544,-4.427851456480086
215.51551551551552,-4.4913338795218944
215.5955955955956,-4.565354582770765
215.67567567567568,-4.62080922919775
215.75575575575576,-4.700979156247206
215.83583583583584,-4.759655681696791
215.91591591591592,-4.828733243272893
215.995995995996,-4.87777319911101
216.07607607607608,-4.931535139913812
216.15615615615616,-4.981053580957936
216.23623623623624,-5.040309727425108
216.31631631631632,-5.095030320854328
216.3963963963964,-5.149383815764732
216.47647647647648,-5.191360775964688
216.55655655655656,-5.247808486450151
216.63663663663664,-5.295587443983867
216.71671671671672,-5.34974744960247
216.7967967967968,-5.3834574714094865
216.87687687687688,-5.4176742891860314
216.95695695695696,-5.45070143971925
217.03703703703704,-5.4889384921521085
217.11711711711712,-5.525414688693218
217.1971971971972,-5.560395767504715
217.27727727727728,-5.581564576385191
217.35735735735736,-5.615090979659874
217.43743743743744,-5.625000853931718
217.51751751751752,-5.655016005328538
217.5975975975976,-5.6670025608193235
217.67767767767768,-5.700014213262018
217.75775775775776,-5.711805869975488
217.83783783783784,-5.726505770672078
217.91791791791792,-5.73053091390532
217.997997997998,-5.734156349212474
218.07807807807808,-5.740596044155226
218.15815815815816,-5.745866666361032
218.23823823823824,-5.747432916890321
218.31831831831832,-5.7453407059344155
218.3983983983984,-5.73860757442235
218.47847847847848,-5.740706099893823
218.55855855855856,-5.727297895142664
218.63863863863864,-5.717788786815684
218.71871871871872,-5.693563976454112
218.7987987987988,-5.6845310358433565
218.87887887887888,-5.6628287063523235
218.95895895895896,-5.645398154122028
219.03903903903904,-5.619665624779884
219.11911911911912,-5.5999169456818825
219.1991991991992,-5.57056919167926
219.27927927927928,-5.541977010606606
219.35935935935936,-5.511083248086746
219.43943943943944,-5.4754905772438285
219.51951951951952,-5.448044758154832
219.5995995995996,-5.406488030659155
219.67967967967968,-5.379788414308626
219.75975975975976,-5.333129168027111
219.83983983983984,-5.303856931865752
219.91991991991992,-5.253524644342515
220.0,-5.211355800310561
