freq,trans
140.0,0.7983902878649153
140.08008008008008,0.8029026063473049
140.16016016016016,0.8054471014306593
140.24024024024024,0.8125373849358525
140.32032032032032,0.8178119906828584
140.4004004004004,0.8249389815741878
140.48048048048048,0.8293682371372313
140.56056056056056,0.8345657033679126
140.64064064064064,0.8377842995577031
140.72072072072072,0.8419388617079427
140.8008008008008,0.8454028433242882
140.88088088088088,0.8485990388389613
140.96096096096096,0.8508503076635335
141.04104104104104,0.8520440366008959
141.12112112112112,0.8529948651223832
141.2012012012012,0.8538013427478905
141.28128128128128,0.853826146646637
141.36136136136136,0.8530990723307612
141.44144144144144,0.8517475958152072
141.52152152152152,0.850475661730106
141.6016016016016,0.8480773618947738
141.68168168168168,0.8449066279598992
141.76176176176176,0.8410893153947865
141.84184184184184,0.8373261382660202
141.92192192192192,0.833537774578864
142.002002002002,0.828459045526057
142.08208208208208,0.8233521292398884
142.16216216216216,0.8177228280923476
142.24224224224224,0.8123421437695029
142.32232232232232,0.8058396517795269
142.4024024024024,0.7990673573724657
142.48248248248248,0.7920278120272993
142.56256256256256,0.785662212295291
142.64264264264264,0.7782332467509507
142.72272272272272,0.7712595607405478
142.8028028028028,0.7628093028112202
142.88288288288288,0.7564149796023959
142.96296296296296,0.7483260624282196
143.04304304304304,0.7416617406243827
143.12312312312312,0.7330938140883609
143.2032032032032,0.7268444405024649
143.28328328328328,0.7192770478627823
143.36336336336336,0.7131731983136855
143.44344344344344,0.7051283916838812
143.52352352352352,0.6990319933293273
143.6036036036036,0.6912047302840918
143.68368368368368,0.6852834417082891
143.76376376376376,0.6771181330389923
143.84384384384384,0.6706532824816528
143.92392392392392,0.6629495765924532
144.004004004004,0.6566344915014124
144.08408408408408,0.6503558833190245
144.16416416416416,0.6448995149545464
144.24424424424424,0.6396006917344691
144.32432432432432,0.6338716097799467
144.4044044044044,0.6284212715924173
144.48448448448448,0.6226978633455165
144.56456456456456,0.6175843491187004
144.64464464464464,0.6126217420871288
144.72472472472472,0.6075425526677032
144.8048048048048,0.6018793455173295
144.88488488488488,0.5976291042007497
144.96496496496496,0.5933874017690252
145.04504504504504,0.5909676311826757
145.12512512512512,0.5863878446403956
145.2052052052052,0.5833544130107985
145.28528528528528,0.5784725538925208
145.36536536536536,0.5758776051494597
145.44544544544544,0.5722087443255262
145.52552552552552,0.5697068612471816
145.6056056056056,0.5660739364093077
145.68568568568568,0.5637801284161583
145.76576576576576,0.5605859009126484
145.84584584584584,0.5583640653189221
145.92592592592592,0.5559563972745062
146.006006006006,0.5546563747400407
146.08608608608608,0.5530529848299911
146.16616616616616,0.5513869729086807
146.24624624624624,0.5500066746781004
146.32632632632632,0.548754412304748
146.4064064064064,0.5473169829984659
146.48648648648648,0.5453943417831643
146.56656656656656,0.5436338617934778
146.64664664664664,0.5428714388176883
146.72672672672672,0.5426554427386994
146.8068068068068,0.5418384512426546
146.88688688688688,0.5413838137773197
146.96696696696696,0.5405727684156199
147.04704704704704,0.5408411721723458
147.12712712712712,0.5405824836732207
147.2072072072072,0.5409302029864199
147.28728728728728,0.5414956897342271
147.36736736736736,0.5423877217152778
147.44744744744744,0.5429789995267205
147.52752752752752,0.5431988251546168
147.6076076076076,0.5434731230047212
147.68768768768768,0.5445854097939338
147.76776776776777,0.5452440046572118
147.84784784784785,0.546787089706236
147.92792792792793,0.5475409468540724
148.008008008008,0.5495559322153105
148.08808808808809,0.5513004951739763
148.16816816816817,0.5537530805726265
148.24824824824825,0.5555142144726185
148.32832832832833,0.5571996035387081
148.4084084084084,0.5592070066404694
148.48848848848849,0.5618100157417939
148.56856856856857,0.5648233569421329
148.64864864864865,0.5675140692929745
148.72872872872873,0.5700432205073263
148.8088088088088,0.5726021025914028
148.88888888888889,0.5757624881200322
148.96896896896897,0.57947998420635
149.04904904904905,0.5834063434306296
149.12912912912913,0.5874460199136121
149.2092092092092,0.5916940799123976
149.2892892892893,0.5956138286351843
149.36936936936937,0.5998078096118992
149.44944944944945,0.6035503334024078
149.52952952952953,0.6078838005768222
149.6096096096096,0.6122485496937516
149.6896896896897,0.6167361281224875
149.76976976976977,0.6210011312949755
149.84984984984985,0.6254488386974384
149.92992992992993,0.6304880319323248
150.01001001001,0.6363294478321363
150.0900900900901,0.6422234972987741
150.17017017017017,0.6483516420468401
150.25025025025025,0.6539107073836692
150.33033033033033,0.6598266672536052
150.4104104104104,0.6658675481681042
150.4904904904905,0.6723733143144844
150.57057057057057,0.6789976310140637
150.65065065065065,0.6851394467603206
150.73073073073073,0.6914988491983507
150.8108108108108,0.6980975036957024
150.8908908908909,0.7051104315683749
150.97097097097097,0.7121688521314057
151.05105105105105,0.7192336176429944
151.13113113113113,0.7264198695265643
151.2112112112112,0.7335096045417483
151.2912912912913,0.7404894394903926
151.37137137137137,0.7475978717168121
151.45145145145145,0.7543450085085157
151.53153153153153,0.7608344386964938
151.6116116116116,0.7671863621130535
151.6916916916917,0.774181316898889
151.77177177177177,0.7811579831355021
151.85185185185185,0.7883142068027782
151.93193193193193,0.7946822382552768
152.012012012012,0.8011999557836907
152.0920920920921,0.8071152434090662
152.17217217217217,0.8127428581140154
152.25225225225225,0.8175836320584708
152.33233233233233,0.8226370933377207
152.4124124124124,0.8273571655793776
152.4924924924925,0.8316084687886437
152.57257257257257,0.834949458223735
152.65265265265265,0.8379476311106613
152.73273273273273,0.8404918634957387
152.8128128128128,0.8426159840262887
152.8928928928929,0.8440543781585635
152.97297297297297,0.8448122974810156
153.05305305305305,0.8450708005049857
153.13313313313313,0.8447764988398317
153.2132132132132,0.8444158098397697
153.2932932932933,0.843322517623062
153.37337337337337,0.8419017974067715
153.45345345345345,0.8394256555795648
153.53353353353353,0.8369403914025083
153.6136136136136,0.8335733395396266
153.6936936936937,0.8300495253190949
153.77377377377377,0.8258214445411881
153.85385385385385,0.8215064909520541
153.93393393393393,0.8164921065104636
154.014014014014,0.8113599753741421
154.0940940940941,0.8054340437420364
154.17417417417417,0.799949384691549
154.25425425425425,0.7937397255363473
154.33433433433433,0.7879910201740219
154.4144144144144,0.7814039171556976
154.4944944944945,0.7753935183938893
154.57457457457457,0.7686492901944669
154.65465465465465,0.7616840737198189
154.73473473473473,0.7542982891250594
154.8148148148148,0.7472910895431224
154.8948948948949,0.7406296341847367
154.97497497497497,0.7335889158713759
155.05505505505505,0.7265155942270639
155.13513513513513,0.7196788113533708
155.2152152152152,0.7128562221984653
155.2952952952953,0.7060953024976754
155.37537537537537,0.6989642489416498
155.45545545545545,0.6920363711808875
155.53553553553553,0.6853011491832713
155.6156156156156,0.6786427974466882
155.6956956956957,0.6723968794995792
155.77577577577577,0.6662244867456808
155.85585585585585,0.6601858545818071
155.93593593593593,0.6542784502373777
156.016016016016,0.6483512395570815
156.0960960960961,0.642788222208562
156.17617617617617,0.6371927531875317
156.25625625625625,0.6318498446495799
156.33633633633633,0.6267361044141926
156.4164164164164,0.6215243016313339
156.4964964964965,0.6167101457506867
156.57657657657657,0.6115833502027029
156.65665665665665,0.6069708621951827
156.73673673673673,0.6022466514789228
156.8168168168168,0.5978328074034128
156.8968968968969,0.5934449683065884
156.97697697697697,0.5894557717901167
157.05705705705705,0.5855905289913107
157.13713713713713,0.5820153443324619
157.2172172172172,0.5782251303931585
157.2972972972973,0.5747465040913045
157.37737737737737,0.5712826547506444
157.45745745745745,0.5680936303739044
157.53753753753753,0.5646938149290147
157.6176176176176,0.5617935846545886
157.6976976976977,0.55937549805168
157.77777777777777,0.5572640136500167
157.85785785785785,0.5548350099965438
157.93793793793793,0.5525494201427082
158.018018018018,0.5506429233531235
158.0980980980981,0.5490277224427904
158.17817817817817,0.5477312696981417
158.25825825825825,0.5459195209314851
158.33833833833833,0.5443834530064154
158.4184184184184,0.5424490895868375
158.4984984984985,0.5416141777068024
158.57857857857857,0.5406569389563521
158.65865865865865,0.5399942399773807
158.73873873873873,0.5391394861266092
158.8188188188188,0.5384688072293745
158.8988988988989,0.537929483350012
158.97897897897897,0.5374926429830322
159.05905905905905,0.536809544012513
159.13913913913913,0.5368156345303701
159.2192192192192,0.5368613954549994
159.2992992992993,0.5378328091963166
159.37937937937937,0.5383193379414248
159.45945945945945,0.5394757373168055
159.53953953953953,0.5403230947949718
159.6196196196196,0.5416058839647676
159.6996996996997,0.5427606494688606
159.77977977977977,0.5439791997458506
159.85985985985985,0.5450764963840837
159.93993993993993,0.5463797094142888
160.02002002002,0.5479838397614486
160.1001001001001,0.5502503250544147
160.18018018018017,0.5523507287138196
160.26026026026025,0.5545375789525306
160.34034034034033,0.556468204831713
160.4204204204204,0.5588272417706444
160.5005005005005,0.5614510735086992
160.58058058058057,0.563912603858904
160.66066066066065,0.5666834658580625
160.74074074074073,0.5693991902536053
160.8208208208208,0.5725653176528851
160.9009009009009,0.5758072391549821
160.98098098098097,0.5793377111678434
161.06106106106105,0.583074026505318
161.14114114114113,0.5870929281291916
161.2212212212212,0.5915312682946035
161.3013013013013,0.5961813802234097
161.38138138138137,0.6006624062926579
161.46146146146145,0.6050380512803126
161.54154154154153,0.609517010069282
161.6216216216216,0.6143231636404438
161.7017017017017,0.6189711242396571
161.78178178178177,0.6235266931790506
161.86186186186185,0.6285653859923913
161.94194194194193,0.6339913167663205
162.022022022022,0.6398989783939942
162.1021021021021,0.6454852639870742
162.18218218218217,0.6513314336574094
162.26226226226225,0.6568247331582843
162.34234234234233,0.6629437087493109
162.42242242242241,0.6694559396233329
162.5025025025025,0.6761581380766777
162.58258258258257,0.682804337951831
162.66266266266265,0.6892170228748401
162.74274274274273,0.6956315252904949
162.82282282282281,0.7022107630767381
162.9029029029029,0.7088176495635026
162.98298298298297,0.7160226533738266
163.06306306306305,0.723191394706402
163.14314314314313,0.7304772413867351
163.22322322322321,0.7372925494747958
163.3033033033033,0.7441226585549712
163.38338338338338,0.7507525492037148
163.46346346346346,0.7572706127762756
163.54354354354354,0.763699042485031
163.62362362362362,0.7701097322117602
163.7037037037037,0.776608178408317
163.78378378378378,0.7828656274533459
163.86386386386386,0.7891426453675361
163.94394394394394,0.7949426961439963
164.02402402402402,0.8006788253016182
164.1041041041041,0.8057797640230339
164.18418418418418,0.8108418146234657
164.26426426426426,0.8149875168399137
164.34434434434434,0.8190269102935559
164.42442442442442,0.8221147757949466
164.5045045045045,0.825288957230121
164.58458458458458,0.8275261915478879
164.66466466466466,0.8299696029597522
164.74474474474474,0.8313490578700246
164.82482482482482,0.8327397133351415
164.9049049049049,0.8330920330983292
164.98498498498498,0.8332693176491607
165.06506506506506,0.8324695404035873
165.14514514514514,0.8315560874957072
165.22522522522522,0.8298741706708426
165.3053053053053,0.8278714201224181
165.38538538538538,0.8250516079968871
165.46546546546546,0.8219310700042192
165.54554554554554,0.8184027758546315
165.62562562562562,0.814744403739573
165.7057057057057,0.8107319270090999
165.78578578578578,0.8061447019112559
165.86586586586586,0.8013244986930471
165.94594594594594,0.7962138722027988
166.02602602602602,0.7909414046257685
166.1061061061061,0.7852206930628953
166.18618618618618,0.7793269732228868
166.26626626626626,0.7730610437462032
166.34634634634634,0.7669238384574997
166.42642642642642,0.760344164701225
166.5065065065065,0.7540442077299037
166.58658658658658,0.7472890723183275
166.66666666666666,0.741036159732283
166.74674674674674,0.7342694888800203
166.82682682682682,0.7278940549374799
166.9069069069069,0.7211073038134563
166.98698698698698,0.7147191585646202
167.06706706706706,0.7080970586890118
167.14714714714714,0.7019148661058494
167.22722722722722,0.6954564018386432
167.3073073073073,0.6892477885142201
167.38738738738738,0.6828494457155286
167.46746746746746,0.6770485888909786
167.54754754754754,0.6710758223842386
167.62762762762762,0.6656651369359202
167.7077077077077,0.6597211078219838
167.78778778778778,0.6540641823418631
167.86786786786786,0.6482036975440354
167.94794794794794,0.6426104526719186
168.02802802802802,0.6370660054491024
168.1081081081081,0.6315251923471762
168.18818818818818,0.6265394807550666
168.26826826826826,0.6215898723750356
168.34834834834834,0.6173749073112321
168.42842842842842,0.6128439833019447
168.5085085085085,0.6087350949596748
168.58858858858858,0.6041614840270728
168.66866866866866,0.6001120935237904
168.74874874874874,0.5955952651002742
168.82882882882882,0.5916657153750606
168.9089089089089,0.5873457306298574
168.98898898898898,0.5838168488372331
169.06906906906906,0.5797215507273694
169.14914914914914,0.5765926913277055
169.22922922922922,0.5730466247941306
169.3093093093093,0.5706288218032587
169.38938938938938,0.5676248833827641
169.46946946946946,0.5650700527535867
169.54954954954954,0.5619599166045407
169.62962962962962,0.5593990109958833
169.7097097097097,0.5565474902314437
169.78978978978978,0.5543054330826092
169.86986986986986,0.551991696266542
169.94994994994994,0.5502842556243042
170.03003003003002,0.5482022747447646
170.1101101101101,0.5465758329730734
170.19019019019018,0.5446344154760432
170.27027027027026,0.5433039328163866
170.35035035035034,0.5421151177038329
170.43043043043042,0.5412990173545384
170.5105105105105,0.5402218815623248
170.59059059059058,0.539133005335664
170.67067067067066,0.5380878143051271
170.75075075075074,0.5373576469390686
170.83083083083082,0.5368861283071703
170.9109109109109,0.5365047376881105
170.99099099099098,0.5363780740448482
171.07107107107106,0.5364054098267759
171.15115115115114,0.5368717251773738
171.23123123123122,0.5374661102316172
171.3113113113113,0.5382729195790916
171.39139139139138,0.5386669592892462
171.47147147147146,0.5390259594665068
171.55155155155154,0.5392969632688012
171.63163163163162,0.5403379510025393
171.7117117117117,0.5414677760476636
171.79179179179178,0.5432117905724133
171.87187187187186,0.5446267552085418
171.95195195195194,0.5463922523258414
172.03203203203202,0.5479517720551822
172.11211211211213,0.5502775742677725
172.19219219219218,0.5524755248246669
172.2722722722723,0.5553669264280487
172.35235235235234,0.5576516906334321
172.43243243243245,0.5602790868466614
172.5125125125125,0.5624617494708923
172.5925925925926,0.565644444576865
172.67267267267266,0.5688070533904293
172.75275275275277,0.5725408559705143
172.83283283283282,0.5758379922966609
172.91291291291293,0.5795632352336598
172.99299299299298,0.5831469109279052
173.0730730730731,0.58751312434912
173.15315315315314,0.591489295896216
173.23323323323325,0.595714530501115
173.3133133133133,0.5996555705952661
173.3933933933934,0.6043050457269088
173.47347347347346,0.6090618206191049
173.55355355355357,0.614244455238428
173.63363363363362,0.6194813444124536
173.71371371371373,0.6249926583239371
173.79379379379378,0.6303178643607823
173.8738738738739,0.635522771065825
173.95395395395394,0.6407649766035516
174.03403403403405,0.6466601993573293
174.1141141141141,0.6526503728076772
174.1941941941942,0.6587424533452274
174.27427427427426,0.664877347222562
174.35435435435437,0.6713072448460594
174.43443443443442,0.6779978620259989
174.51451451451453,0.6844060053151275
174.59459459459458,0.6910077862137463
174.6746746746747,0.6976102797794019
174.75475475475474,0.7045467226269833
174.83483483483485,0.7112367295966935
174.9149149149149,0.7179087231984794
174.994994994995,0.7245534315887072
175.07507507507506,0.7314719398195142
175.15515515515517,0.7381879159538421
175.23523523523522,0.7449266456460698
175.31531531531533,0.7514758701701434
175.39539539539538,0.758160816645532
175.4754754754755,0.7645314668732827
175.55555555555554,0.770990023259466
175.63563563563565,0.7770561838754093
175.7157157157157,0.7829993935528083
175.7957957957958,0.7879881686574453
175.87587587587586,0.792654991581616
175.95595595595597,0.7970326462490862
176.03603603603602,0.8016328499359335
176.11611611611613,0.8057984048059046
176.19619619619618,0.809753700591147
176.2762762762763,0.813134816067223
176.35635635635634,0.8162592346075249
176.43643643643645,0.8184290752098496
176.5165165165165,0.8202616701719601
176.5965965965966,0.8214951902641242
176.67667667667666,0.8225017599517406
176.75675675675677,0.8228209287030404
176.83683683683682,0.8226740071804484
176.91691691691693,0.8218976338171529
176.99699699699698,0.820997054464596
177.0770770770771,0.8194898099875317
177.15715715715714,0.8175713733844553
177.23723723723725,0.814892203388204
177.3173173173173,0.8119740266034853
177.3973973973974,0.8086117696643921
177.47747747747746,0.8050882227061745
177.55755755755757,0.8010317529467421
177.63763763763762,0.796730642214169
177.71771771771773,0.7919161420562741
177.79779779779778,0.786759067260823
177.8778778778779,0.7811759052847969
177.95795795795794,0.7754426470901338
178.03803803803805,0.769912643669757
178.1181181181181,0.7642088896143118
178.1981981981982,0.75833255945446
178.27827827827826,0.7521965273973346
178.35835835835837,0.7459170271214597
178.43843843843842,0.739600736563317
178.51851851851853,0.7332409783375737
178.59859859859858,0.7270947494470296
178.6786786786787,0.7208303191250442
178.75875875875874,0.7144204459113033
178.83883883883885,0.7079870806027986
178.9189189189189,0.7016390300867036
178.998998998999,0.6956583939181172
179.07907907907907,0.6897903806468637
179.15915915915917,0.6840257545909021
179.23923923923923,0.6779126638360825
179.31931931931933,0.671786748997639
179.39939939939939,0.6660129977650484
179.4794794794795,0.6605878924189721
179.55955955955955,0.6551701266957249
179.63963963963965,0.649352331794728
179.7197197197197,0.6437778164740285
179.7997997997998,0.6386525201402236
179.87987987987987,0.6337380592297432
179.95995995995997,0.6288417164498291
180.04004004004003,0.624091088385874
180.12012012012013,0.6197880669208282
180.2002002002002,0.6155472429454031
180.2802802802803,0.6111561801938165
180.36036036036035,0.6066634900030138
180.44044044044045,0.6025067105838134
180.5205205205205,0.5987857349416208
180.60060060060061,0.5949698079295962
180.68068068068067,0.5910571710542577
180.76076076076077,0.5871842634166906
180.84084084084083,0.5837329205231969
180.92092092092093,0.580658751096484
181.001001001001,0.5778141531438585
181.0810810810811,0.5748595655080704
181.16116116116115,0.5716717961292833
181.24124124124126,0.5687450139275828
181.3213213213213,0.5663305023006172
181.40140140140142,0.5642759423544919
181.48148148148147,0.5620828362611765
181.56156156156158,0.5596973704797769
181.64164164164163,0.5572986156764203
181.72172172172174,0.555096042182901
181.8018018018018,0.5533747830010898
181.8818818818819,0.5519288258758419
181.96196196196195,0.5505799508081328
182.04204204204206,0.5489923446217362
182.1221221221221,0.5474451093868077
182.20220220220222,0.5462078708768947
182.28228228228227,0.5450660112716313
182.36236236236238,0.5439316988651752
182.44244244244243,0.542747197367536
182.52252252252254,0.5419733107060467
182.6026026026026,0.541479472989164
182.6826826826827,0.5411077140630146
182.76276276276275,0.5407840608439669
182.84284284284286,0.5406446463838324
182.9229229229229,0.5405965222405054
183.00300300300302,0.5405888159612899
183.08308308308307,0.5406518385118452
183.16316316316318,0.5411624065744646
183.24324324324323,0.5419058835204782
183.32332332332334,0.5425497401310211
183.4034034034034,0.5430745864214026
183.4834834834835,0.5439745418964361
183.56356356356355,0.5452442068535577
183.64364364364366,0.5466157696951143
183.7237237237237,0.5479172437849141
183.80380380380382,0.5494047105863776
183.88388388388387,0.5510346608540955
183.96396396396398,0.5528065438653463
184.04404404404403,0.5544127144041932
184.12412412412414,0.5562718188494307
184.2042042042042,0.5584605590667588
184.2842842842843,0.5608373606615087
184.36436436436435,0.5634473412989962
184.44444444444446,0.5660419220065469
184.5245245245245,0.5690905279122558
184.60460460460462,0.5722514384164273
184.68468468468467,0.5755189321633305
184.76476476476478,0.5787118579204198
184.84484484484483,0.5819300700624382
184.92492492492494,0.5856547494079365
185.005005005005,0.5894040972232367
185.0850850850851,0.5935290796187243
185.16516516516515,0.5975073261271345
185.24524524524526,0.6018932937986595
185.3253253253253,0.6065558784864732
185.40540540540542,0.6115918937655493
185.48548548548547,0.6167561509554704
185.56556556556558,0.6217468165807352
185.64564564564563,0.6267829864771657
185.72572572572574,0.6320270921359311
185.8058058058058,0.6373472911199628
185.8858858858859,0.6427338902637065
185.96596596596595,0.6482419156517533
186.04604604604606,0.6541799471254172
186.1261261261261,0.6601885315987406
186.20620620620622,0.6665639891487555
186.28628628628627,0.6731943525652584
186.36636636636638,0.6797467925043857
186.44644644644643,0.6860220288165446
186.52652652652654,0.6919179820054729
186.6066066066066,0.6981395575652706
186.6866866866867,0.7047167518548505
186.76676676676675,0.711568034722586
186.84684684684686,0.7183960642581484
186.9269269269269,0.7249437496842188
187.00700700700702,0.7312503300486123
187.08708708708707,0.7373081740499449
187.16716716716718,0.7435547514410897
187.24724724724723,0.7497711382175156
187.32732732732734,0.7557949002271668
187.4074074074074,0.7616775927927769
187.4874874874875,0.7674195373577958
187.56756756756755,0.7731311277526598
187.64764764764766,0.7787039485297318
187.7277277277277,0.7837320426466284
187.80780780780782,0.7881910316986468
187.88788788788787,0.7920572227390468
187.96796796796798,0.795912653747558
188.04804804804803,0.7994903261657261
188.12812812812814,0.8028663798466408
188.2082082082082,0.8056688646814667
188.2882882882883,0.8078700604330145
188.36836836836835,0.8093772197267377
188.44844844844846,0.8105331744282782
188.5285285285285,0.8112779523482012
188.60860860860862,0.8116227641816048
188.68868868868867,0.8114434580225367
188.76876876876878,0.8107181439078018
188.84884884884883,0.8093854815555923
188.92892892892894,0.8075644805808506
189.009009009009,0.8053879454893395
189.0890890890891,0.8029919880567226
189.16916916916915,0.8003784872725789
189.24924924924926,0.7973730791222824
189.3293293293293,0.7937872556821155
189.40940940940942,0.789721452288415
189.48948948948947,0.7851791573812631
189.56956956956958,0.7805279175834906
189.64964964964963,0.7754549295635894
189.72972972972974,0.7702622534332986
189.8098098098098,0.764706619465908
189.8898898898899,0.7593563555084425
189.96996996996995,0.7541174736472811
190.05005005005006,0.7486423134238989
190.1301301301301,0.7426137625140585
190.21021021021022,0.7360934194050093
190.29029029029027,0.7297619598730398
190.37037037037038,0.7235728924785995
190.45045045045043,0.7173514719727239
190.53053053053054,0.710982548056775
190.6106106106106,0.7046623866945898
190.6906906906907,0.69868094978788
190.77077077077075,0.6926085005366339
190.85085085085086,0.6864261585765731
190.9309309309309,0.6805268394308737
191.01101101101102,0.6747433615419238
191.09109109109107,0.669162812063063
191.17117117117118,0.6632382373811486
191.25125125125123,0.6575701681256593
191.33133133133134,0.6519227759958287
191.41141141141142,0.6465927393224415
191.4914914914915,0.6412317635188469
191.57157157157158,0.6361057811426364
191.65165165165166,0.6309658751820443
191.73173173173174,0.6259466684117004
191.81181181181182,0.6208637004726585
191.8918918918919,0.6161377300659943
191.97197197197198,0.6115777919796914
192.05205205205206,0.6075385467753766
192.13213213213214,0.6033754408647851
192.21221221221222,0.5992639497840936
192.2922922922923,0.5950819606347358
192.37237237237238,0.5912117111650835
192.45245245245246,0.5874727794970928
192.53253253253254,0.5836933515011669
192.61261261261262,0.5800751005075057
192.6926926926927,0.5766898094728182
192.77277277277278,0.573653832389705
192.85285285285286,0.57067798840891
192.93293293293294,0.5677637509717328
193.01301301301302,0.5649581098071408
193.0930930930931,0.5622667448302722
193.17317317317318,0.5596328252233507
193.25325325325326,0.5569464941363219
193.33333333333334,0.5547449414534806
193.41341341341342,0.5529311174203393
193.4934934934935,0.5514222953887572
193.57357357357358,0.5496011817498048
193.65365365365366,0.547581014725958
193.73373373373374,0.5457310443235092
193.81381381381382,0.5441413123582105
193.8938938938939,0.5429530048561269
193.97397397397398,0.5419244353587142
194.05405405405406,0.5411506811556602
194.13413413413414,0.5405971706024857
194.21421421421422,0.5398791835917762
194.2942942942943,0.5390685100809046
194.37437437437438,0.5384255309602312
194.45445445445446,0.5382052413880261
194.53453453453454,0.5382521404588464
194.61461461461462,0.5380898400348535
194.6946946946947,0.5380084495305987
194.77477477477478,0.5378039545568214
194.85485485485486,0.5377356371708887
194.93493493493494,0.5377373133833887
195.01501501501502,0.5382429469342271
195.0950950950951,0.5391954040776225
195.17517517517518,0.5402219533078529
195.25525525525526,0.5411597519877223
195.33533533533534,0.5419837053142066
195.41541541541542,0.5430572397879238
195.4954954954955,0.5442218409023233
195.57557557557558,0.5451217569484594
195.65565565565566,0.546263520406488
195.73573573573574,0.5478354770945985
195.81581581581582,0.550101577663328
195.8958958958959,0.5523102397193858
195.97597597597598,0.554354950664733
196.05605605605606,0.5564357462265147
196.13613613613614,0.558534222994584
196.21621621621622,0.5610019508797635
196.2962962962963,0.5635136588479964
196.37637637637638,0.5666715778733289
196.45645645645646,0.5698144323608847
196.53653653653654,0.5729806482499786
196.61661661661662,0.5759640908634677
196.6966966966967,0.579328584665456
196.77677677677679,0.5827771031220194
196.85685685685687,0.5862380616915249
196.93693693693695,0.5899022422304679
197.01701701701703,0.5941876403916356
197.0970970970971,0.5984591095395992
197.17717717717719,0.6028486223048586
197.25725725725727,0.6070988890824589
197.33733733733735,0.6117303613969491
197.41741741741743,0.6164797025926463
197.4974974974975,0.6211575279355054
197.57757757757759,0.6261668826581256
197.65765765765767,0.6314326835254722
197.73773773773775,0.6370062361091235
197.81781781781783,0.6425053209029116
197.8978978978979,0.6480788574301269
197.977977977978,0.6538722307099005
198.05805805805807,0.6596234720771146
198.13813813813815,0.665587817228314
198.21821821821823,0.6714992458425302
198.2982982982983,0.6774600158382429
198.3783783783784,0.6833983818058147
198.45845845845847,0.6897879688565559
198.53853853853855,0.6962755205802409
198.61861861861863,0.7025947166907147
198.6986986986987,0.7088905579070948
198.7787787787788,0.7152581202446118
198.85885885885887,0.7216723373083545
198.93893893893895,0.7277846618675659
199.01901901901903,0.7341768056326462
199.0990990990991,0.7403779805741996
199.1791791791792,0.7463398468680409
199.25925925925927,0.7517886709271842
199.33933933933935,0.7573017546580312
199.41941941941943,0.7628081925190582
199.4994994994995,0.7680524724924349
199.5795795795796,0.7729921034396666
199.65965965965967,0.7775692793172381
199.73973973973975,0.7817633654268488
199.81981981981983,0.785349470975225
199.8998998998999,0.7885975863631606
199.97997997998,0.7916725620076531
200.06006006006007,0.7945320152936964
200.14014014014015,0.7967085307610012
200.22022022022023,0.798432254913822
200.3003003003003,0.7995612788487377
200.3803803803804,0.8003452438131137
200.46046046046047,0.8004761981423851
200.54054054054055,0.8002542935472382
200.62062062062063,0.7997132348035222
200.7007007007007,0.798882767796497
200.7807807807808,0.797416435607777
200.86086086086087,0.7951231211470263
200.94094094094095,0.7923951396010536
201.02102102102103,0.7892630957449623
201.1011011011011,0.7861395947351415
201.1811811811812,0.7824570266195622
201.26126126126127,0.7781743266901074
201.34134134134135,0.7736334419321887
201.42142142142143,0.7689105647947123
201.5015015015015,0.7641462267981424
201.5815815815816,0.7589727463659389
201.66166166166167,0.7535131419033704
201.74174174174175,0.7481795507400089
201.82182182182183,0.7423772339726796
201.9019019019019,0.7367933189013649
201.981981981982,0.7306207289315609
202.06206206206207,0.7246229413698515
202.14214214214215,0.7179876908482689
202.22222222222223,0.7118009307391107
202.3023023023023,0.7052936056983566
202.3823823823824,0.6993336064135955
202.46246246246247,0.6931395607426091
202.54254254254255,0.6873796560907158
202.62262262262263,0.6814140322838746
202.7027027027027,0.675471551294251
202.7827827827828,0.6690849264785937
202.86286286286287,0.6628724265844524
202.94294294294295,0.6566115153195133
203.02302302302303,0.6510879036037053
203.1031031031031,0.6460887189602911
203.1831831831832,0.6408382664993846
203.26326326326327,0.6353929531539072
203.34334334334335,0.6293896048267049
203.42342342342343,0.6237423895050614
203.5035035035035,0.6186425899342692
203.5835835835836,0.6136244986181969
203.66366366366367,0.6094426241897571
203.74374374374375,0.6049253991706766
203.82382382382383,0.6007820992810642
203.9039039039039,0.5959618708939781
203.983983983984,0.5915498505643494
204.06406406406407,0.587341240326208
204.14414414414415,0.5838584179241216
204.22422422422423,0.5802393509576663
204.3043043043043,0.5766849567748679
204.3843843843844,0.5729192934643368
204.46446446446447,0.5694070992980763
204.54454454454455,0.5658783948320618
204.62462462462463,0.5630078208403899
204.7047047047047,0.5602236740807037
204.7847847847848,0.5578127374721944
204.86486486486487,0.5547952222607427
204.94494494494495,0.5520415570345366
205.02502502502503,0.5494608025178276
205.1051051051051,0.5471767165420128
205.1851851851852,0.5451819991202322
205.26526526526527,0.5428297059570784
205.34534534534535,0.5412722581127655
205.42542542542543,0.5392644882554404
205.5055055055055,0.53806060814222
205.5855855855856,0.5364145584932931
205.66566566566567,0.5354419881984126
205.74574574574575,0.5338596329885403
205.82582582582583,0.5326648428223798
205.9059059059059,0.5317292320050926
205.985985985986,0.5317715286329635
206.06606606606607,0.5308094788018696
206.14614614614615,0.5304002660610129
206.22622622622623,0.5289664419850415
206.3063063063063,0.5293462486488573
206.3863863863864,0.5286087771696091
206.46646646646647,0.5294195857236227
206.54654654654655,0.5292493392989419
206.62662662662663,0.5302159559694202
206.7067067067067,0.5304324692880812
206.7867867867868,0.5312332013262943
206.86686686686687,0.5316383084973979
206.94694694694695,0.5325046661141444
207.02702702702703,0.5330494423051066
207.1071071071071,0.5344526852897807
207.1871871871872,0.5354756513118816
207.26726726726727,0.537060652114732
207.34734734734735,0.5380724794957741
207.42742742742743,0.5398260242961455
207.5075075075075,0.5418325294009955
207.5875875875876,0.5439311365831524
207.66766766766767,0.5458772850397328
207.74774774774775,0.5476144301778341
207.82782782782783,0.5500907722309127
207.9079079079079,0.5523015089694714
207.987987987988,0.5550542858216136
208.06806806806807,0.5573188974514383
208.14814814814815,0.5607728311101718
208.22822822822823,0.5634906198082357
208.3083083083083,0.5669638208074468
208.3883883883884,0.5697121589795621
208.46846846846847,0.573775303862218
208.54854854854855,0.57697999794642
208.62862862862863,0.5813878584782123
208.7087087087087,0.5844045037988823
208.7887887887888,0.5888451780124003
208.86886886886887,0.5921321701159811
208.94894894894895,0.5972735651667279
209.02902902902903,0.6009173527514701
209.1091091091091,0.6064060000826722
209.1891891891892,0.6104013032691056
209.26926926926927,0.6166102448365545
209.34934934934935,0.6206675309767838
209.42942942942943,0.626901236920877
209.5095095095095,0.6312310820137138
209.5895895895896,0.6377117914911014
209.66966966966967,0.6421453605648448
209.74974974974975,0.64832285472035
209.82982982982983,0.6534176260569868
209.9099099099099,0.660567260586181
209.98998998999,0.6659018783732891
210.07007007007007,0.6721567633052796
210.15015015015015,0.6770512051356532
210.23023023023023,0.684064832924767
210.3103103103103,0.6899006137562111
210.3903903903904,0.6973149531251106
210.47047047047047,0.7024927953880082
210.55055055055055,0.7092298930247677
210.63063063063063,0.7141426728464066
210.7107107107107,0.7206316406634399
210.7907907907908,0.7260291983107062
210.87087087087087,0.7329366406487041
210.95095095095095,0.7387131620514019
211.03103103103103,0.7449594634436516
211.11111111111111,0.7499968530034365
211.1911911911912,0.7552599914522505
211.27127127127127,0.7600650594703985
211.35135135135135,0.7650957503220226
211.43143143143143,0.7694633749753972
211.51151151151151,0.7735945652661186
211.5915915915916,0.7778013934828525
211.67167167167167,0.7817548566546271
211.75175175175175,0.7849377814716502
211.83183183183183,0.7871924288861254
211.91191191191191,0.7889699296633967
211.991991991992,0.7906559266595587
212.07207207207207,0.7925812084975984
212.15215215215215,0.7939104713159831
212.23223223223223,0.7951303120446066
212.31231231231232,0.7943845720526355
212.3923923923924,0.7940081431720268
212.47247247247248,0.791935101373856
212.55255255255256,0.7910990463115559
212.63263263263264,0.789173693043646
212.71271271271272,0.7874253271023153
212.7927927927928,0.7843644875492787
212.87287287287288,0.7811645933410457
212.95295295295296,0.7774136844942846
213.03303303303304,0.7734400790515216
213.11311311311312,0.7688836979473901
213.1931931931932,0.764480008804281
213.27327327327328,0.7592537898597931
213.35335335335336,0.7548201026265343
213.43343343343344,0.7490098757377897
213.51351351351352,0.7435492502959605
213.5935935935936,0.7371019065125114
213.67367367367368,0.7312255965134099
213.75375375375376,0.7255206381800712
213.83383383383384,0.7194850705583045
213.91391391391392,0.7134060834984975
213.993993993994,0.7070587452206714
214.07407407407408,0.7011909448881565
214.15415415415416,0.6946779157002135
214.23423423423424,0.6879059422366353
214.31431431431432,0.6812365529359664
214.3943943943944,0.6751553304367042
214.47447447447448,0.6688363152267394
214.55455455455456,0.66249511412371
214.63463463463464,0.6560950422336842
214.71471471471472,0.6503055112322412
214.7947947947948,0.6440194842564927
214.87487487487488,0.6379724938814083
214.95495495495496,0.6322359526698982
215.03503503503504,0.6273433508419347
215.11511511511512,0.6221134467592572
215.1951951951952,0.616390140932962
215.27527527527528,0.6107033522103693
215.35535535535536,0.605661154893126
215.43543543543544,0.6005571040741765
215.51551551551552,0.5965382713625402
215.5955955955956,0.5913810745444711
215.67567567567568,0.5873646534566463
215.75575575575576,0.5818108607679241
215.83583583583584,0.5778917535927098
215.91591591591592,0.5733488993319008
215.995995995996,0.570045210808588
216.07607607607608,0.5662857110338559
216.15615615615616,0.5630619394434669
216.23623623623624,0.5593012189646487
216.31631631631632,0.5560534215780513
216.3963963963964,0.5525604385765147
216.47647647647648,0.5501156378979263
216.55655655655656,0.5465021217810906
216.63663663663664,0.5433399208839492
216.71671671671672,0.5397014434117717
216.7967967967968,0.5376962784924708
216.87687687687688,0.5356601700247714
216.95695695695696,0.5338067347794675
217.03703703703704,0.531201863142324
217.11711711711712,0.5289987510842653
217.1971971971972,0.5267013777593603
217.27727727727728,0.5255399962458198
217.35735735735736,0.5235246310225546
217.43743743743744,0.522870254171465
217.51751751751752,0.5210139836640832
217.5975975975976,0.5203481523637244
217.67767767767768,0.5182797187644531
217.75775775775776,0.5176643437571722
217.83783783783784,0.516825512613578
217.91791791791792,0.5165479527376892
217.997997997998,0.5163646432341392
218.07807807807808,0.5159195876130883
218.15815815815816,0.515867313606854
218.23823823823824,0.5157579690997683
218.31831831831832,0.5158607999135282
218.3983983983984,0.5160675590507542
218.47847847847848,0.51594915681213
218.55855855855856,0.516608591281584
218.63863863863864,0.5173035365086325
218.71871871871872,0.5186746855029724
218.7987987987988,0.5191632888745574
218.87887887887888,0.5199808753412886
218.95895895895896,0.5211688313197077
219.03903903903904,0.5231618293206786
219.11911911911912,0.5248501059220142
219.1991991991992,0.526127149901812
219.27927927927928,0.5268566034097059
219.35935935935936,0.5283969575864774
219.43943943943944,0.5314163602083269
219.51951951951952,0.5338553557291242
219.5995995995996,0.5373660504193449
219.67967967967968,0.5383470421680728
219.75975975975976,0.5418315806159604
219.83983983983984,0.542613233953767
219.91991991991992,0.5462675917276133
220.0,0.5480420641678766
