freq,trans
140.0,0.7032217065670626
140.08008008008008,0.7056110913020472
140.16016016016016,0.7081497257075555
140.24024024024024,0.7132992063557155
140.32032032032032,0.7185417607390007
140.4004004004004,0.7253761704391406
140.48048048048048,0.7312890556967309
140.56056056056056,0.7372990128503956
140.64064064064064,0.7428037581113452
140.72072072072072,0.749008036830686
140.8008008008008,0.7560068745780838
140.88088088088088,0.7622077940064091
140.96096096096096,0.7690623741547175
141.04104104104104,0.7748414055898849
141.12112112112112,0.7812942203870109
141.2012012012012,0.7874230708026034
141.28128128128128,0.7940872765347721
141.36136136136136,0.8003863114442552
141.44144144144144,0.8076304391217743
141.52152152152152,0.8144623266124247
141.6016016016016,0.8217182487695734
141.68168168168168,0.8274287211275595
141.76176176176176,0.834631894014713
141.84184184184184,0.8405424497874011
141.92192192192192,0.8480194795969564
142.002002002002,0.8537274484922726
142.08208208208208,0.8607693574460084
142.16216216216216,0.866180288648554
142.24224224224224,0.8727142594155115
142.32232232232232,0.8775257953904194
142.4024024024024,0.8836027163199534
142.48248248248248,0.8878758063922734
142.56256256256256,0.8938997320731
142.64264264264264,0.8974844042239329
142.72272272272272,0.9028220184283078
142.8028028028028,0.9053338210607317
142.88288288288288,0.9107849235250562
142.96296296296296,0.9128809717208964
143.04304304304304,0.9170370853083228
143.12312312312312,0.9172863857505891
143.2032032032032,0.9205385372215035
143.28328328328328,0.921035562255624
143.36336336336336,0.923804806414284
143.44344344344344,0.923252860580344
143.52352352352352,0.9242735223654142
143.6036036036036,0.9234457941925026
143.68368368368368,0.9239440675542727
143.76376376376376,0.9220194346795677
143.84384384384384,0.9201960156620828
143.92392392392392,0.9174525984750463
144.004004004004,0.9153998761653799
144.08408408408408,0.9125881042881104
144.16416416416416,0.9092910659408053
144.24424424424424,0.9057379967927092
144.32432432432432,0.9012895254486919
144.4044044044044,0.8975421898437925
144.48448448448448,0.8919297858922361
144.56456456456456,0.8877439636430551
144.64464464464464,0.8815729594521082
144.72472472472472,0.8770282476153343
144.8048048048048,0.8696160068595941
144.88488488488488,0.8649359244197774
144.96496496496496,0.8579224419038433
145.04504504504504,0.8536923331709113
145.12512512512512,0.8463911676839082
145.2052052052052,0.8412720368005481
145.28528528528528,0.833579891463791
145.36536536536536,0.8278393100727274
145.44544544544544,0.8200955512432222
145.52552552552552,0.8143708753699056
145.6056056056056,0.8068632845449537
145.68568568568568,0.8011835240781296
145.76576576576576,0.793732719757692
145.84584584584584,0.7880759150623411
145.92592592592592,0.7810663859078607
146.006006006006,0.7751605397077732
146.08608608608608,0.7686762640207228
146.16616616616616,0.763211445414007
146.24624624624624,0.7572944271497631
146.32632632632632,0.7515335805791973
146.4064064064064,0.7452565902826038
146.48648648648648,0.7391766220299325
146.56656656656656,0.7328224909533647
146.64664664664664,0.7271325391694905
146.72672672672672,0.721653247701426
146.8068068068068,0.7163889594203396
146.88688688688688,0.7114659099181468
146.96696696696696,0.7062800877102755
147.04704704704704,0.7012902679705876
147.12712712712712,0.6961560812948344
147.2072072072072,0.6917934560740188
147.28728728728728,0.6873743838070343
147.36736736736736,0.6833520020278598
147.44744744744744,0.6788213024789205
147.52752752752752,0.6745404302622168
147.6076076076076,0.6702611915491965
147.68768768768768,0.6668344594256864
147.76776776776777,0.6625205269390982
147.84784784784785,0.6590476423404421
147.92792792792793,0.6549756826700909
148.008008008008,0.6522619276730993
148.08808808808809,0.6489997444144341
148.16816816816817,0.646752087329518
148.24824824824825,0.6439617845221763
148.32832832832833,0.6415073269716783
148.4084084084084,0.6383651017147958
148.48848848848849,0.635632760346061
148.56856856856857,0.6330339676266273
148.64864864864865,0.6311170517890673
148.72872872872873,0.6287092540565856
148.8088088088088,0.6263961399999156
148.88888888888889,0.6241544422683469
148.96896896896897,0.6224777164509446
149.04904904904905,0.621357093967384
149.12912912912913,0.6202115193550726
149.2092092092092,0.6195463127592062
149.2892892892893,0.6180130849660268
149.36936936936937,0.6168428718201812
149.44944944944945,0.6152361203325482
149.52952952952953,0.6142982182990293
149.6096096096096,0.6137539985327335
149.6896896896897,0.6131282366593361
149.76976976976977,0.6120552345551526
149.84984984984985,0.6109391533210302
149.92992992992993,0.610394074174892
150.01001001001,0.6108333713031958
150.0900900900901,0.611300232790015
150.17017017017017,0.6121080517297925
150.25025025025025,0.6122059595232677
150.33033033033033,0.6124478623093748
150.4104104104104,0.612786363420955
150.4904904904905,0.6134457017368072
150.57057057057057,0.6142756418481592
150.65065065065065,0.615118012912507
150.73073073073073,0.6158628613278294
150.8108108108108,0.6168520162314076
150.8908908908909,0.6178013556893787
150.97097097097097,0.6195185144205222
151.05105105105105,0.6211744851296357
151.13113113113113,0.623276548587081
151.2112112112112,0.6250213437847736
151.2912912912913,0.6272197124233113
151.37137137137137,0.629362435543491
151.45145145145145,0.6316933361934223
151.53153153153153,0.6339410758038247
151.6116116116116,0.6363326154662486
151.6916916916917,0.6386456299785379
151.77177177177177,0.6412693952605371
151.85185185185185,0.6444282562735693
151.93193193193193,0.6480516054700316
152.012012012012,0.651973278272017
152.0920920920921,0.6555489381094749
152.17217217217217,0.659318529834982
152.25225225225225,0.662638414418017
152.33233233233233,0.6666993890636428
152.4124124124124,0.6707474776305861
152.4924924924925,0.6753222644623865
152.57257257257257,0.6793864034419761
152.65265265265265,0.6837600938998352
152.73273273273273,0.6876498149497893
152.8128128128128,0.6921128815411942
152.8928928928929,0.6964919023040451
152.97297297297297,0.7023581692642262
153.05305305305305,0.7083015658587275
153.13313313313313,0.7145224827557992
153.2132132132132,0.7194545313103418
153.2932932932933,0.7247759325807057
153.37337337337337,0.7298125059338767
153.45345345345345,0.7360331796241523
153.53353353353353,0.7415292565465035
153.6136136136136,0.747920771483185
153.6936936936937,0.753722223224708
153.77377377377377,0.7602500744688837
153.85385385385385,0.7662721114753236
153.93393393393393,0.7726325116110422
154.014014014014,0.7791932824157575
154.0940940940941,0.7859526629349993
154.17417417417417,0.7924470276129516
154.25425425425425,0.7987044219763173
154.33433433433433,0.8048133489871673
154.4144144144144,0.811260134955027
154.4944944944945,0.8173458741205596
154.57457457457457,0.823642238613879
154.65465465465465,0.8298087814990622
154.73473473473473,0.8359430041874367
154.8148148148148,0.8421076607463138
154.8948948948949,0.8481794601303762
154.97497497497497,0.8545924248397019
155.05505505505505,0.8608681828034002
155.13513513513513,0.866680677568836
155.2152152152152,0.8717593146469574
155.2952952952953,0.8767732153219812
155.37537537537537,0.882022072461215
155.45545545545545,0.8874415272622181
155.53553553553553,0.8925283995543208
155.6156156156156,0.897309871455363
155.6956956956957,0.9016098333819773
155.77577577577577,0.9058555221545888
155.85585585585585,0.9094586692333487
155.93593593593593,0.9131528200864955
156.016016016016,0.9162410389113836
156.0960960960961,0.9193384125249644
156.17617617617617,0.9212086642795146
156.25625625625625,0.9229528258446481
156.33633633633633,0.9241534161925636
156.4164164164164,0.9258319617500093
156.4964964964965,0.9263834002931074
156.57657657657657,0.9267344698868635
156.65665665665665,0.9262534327650493
156.73673673673673,0.9262510017290005
156.8168168168168,0.925433167065397
156.8968968968969,0.9246228901093269
156.97697697697697,0.922838551278523
157.05705705705705,0.9209112156951434
157.13713713713713,0.9177909411763134
157.2172172172172,0.9146629296706129
157.2972972972973,0.9107912804681256
157.37737737737737,0.9073601592418123
157.45745745745745,0.9029617410928428
157.53753753753753,0.8988786383901771
157.6176176176176,0.893843905202707
157.6976976976977,0.8892540016997662
157.77777777777777,0.8837271096036342
157.85785785785785,0.878615075098048
157.93793793793793,0.872752144979366
158.018018018018,0.8672023366012023
158.0980980980981,0.8613775326922662
158.17817817817817,0.8555748642439555
158.25825825825825,0.8495814420008113
158.33833833833833,0.8433475040654317
158.4184184184184,0.8370067744551877
158.4984984984985,0.830288184581665
158.57857857857857,0.8239056400492706
158.65865865865865,0.8173016397427301
158.73873873873873,0.8111912195854716
158.8188188188188,0.8045210232573076
158.8988988988989,0.7979765009277083
158.97897897897897,0.7912206173378754
159.05905905905905,0.7849674331695544
159.13913913913913,0.7786819393468636
159.2192192192192,0.7723573894820439
159.2992992992993,0.765951241481512
159.37937937937937,0.7602487189601458
159.45945945945945,0.7546354781449242
159.53953953953953,0.7492607991397586
159.6196196196196,0.7434703083302576
159.6996996996997,0.7380103566549305
159.77977977977977,0.7324968002322998
159.85985985985985,0.7270170723477261
159.93993993993993,0.7217649843089907
160.02002002002,0.7165240946011363
160.1001001001001,0.7118377915848266
160.18018018018017,0.7069910891664187
160.26026026026025,0.702591604700202
160.34034034034033,0.6980652479663194
160.4204204204204,0.6937850018107046
160.5005005005005,0.6893913247322203
160.58058058058057,0.6851334023852709
160.66066066066065,0.6806206430607323
160.74074074074073,0.6764442496150707
160.8208208208208,0.6720934425364498
160.9009009009009,0.6686478114752871
160.98098098098097,0.6652123421004981
161.06106106106105,0.6623026315513422
161.14114114114113,0.6592360965564202
161.2212212212212,0.6562583280782084
161.3013013013013,0.6533986292434886
161.38138138138137,0.6503942155049655
161.46146146146145,0.6477960354893652
161.54154154154153,0.6453218744089394
161.6216216216216,0.6430467183413364
161.7017017017017,0.6407771842568135
161.78178178178177,0.6382225872558481
161.86186186186185,0.6362493096814078
161.94194194194193,0.6340113809163462
162.022022022022,0.6322179178570444
162.1021021021021,0.6302940229455887
162.18218218218217,0.6288215003363651
162.26226226226225,0.6275583896868875
162.34234234234233,0.6262176594177445
162.42242242242241,0.6252461898932212
162.5025025025025,0.6243732805515628
162.58258258258257,0.6235024917838667
162.66266266266265,0.6225394386724583
162.74274274274273,0.6214416461525984
162.82282282282281,0.6208660685854324
162.9029029029029,0.6206465241330684
162.98298298298297,0.6209626903567417
163.06306306306305,0.6214964480362107
163.14314314314313,0.6220144854397327
163.22322322322321,0.6227884809824026
163.3033033033033,0.6232243462410064
163.38338338338338,0.6239508377992696
163.46346346346346,0.6241922489098135
163.54354354354354,0.6249745072584806
163.62362362362362,0.6253527682296879
163.7037037037037,0.6264954890636187
163.78378378378378,0.6274017445825095
163.86386386386386,0.6292936697458699
163.94394394394394,0.6309033538462979
164.02402402402402,0.6330654277536099
164.1041041041041,0.6349463885675506
164.18418418418418,0.6373997664291792
164.26426426426426,0.6391389890556087
164.34434434434434,0.6415983918606274
164.42442442442442,0.6435615348129123
164.5045045045045,0.6466292040205661
164.58458458458458,0.6490567124079977
164.66466466466466,0.652418020144061
164.74474474474474,0.6552396128968827
164.82482482482482,0.6589196228627165
164.9049049049049,0.6624433768228263
164.98498498498498,0.6661489214546623
165.06506506506506,0.669175049279965
165.14514514514514,0.6726482034735819
165.22522522522522,0.6760352859018476
165.3053053053053,0.6801522635856461
165.38538538538538,0.6834354233286687
165.46546546546546,0.6875027536629335
165.54554554554554,0.6913223142092019
165.62562562562562,0.6961389701858027
165.7057057057057,0.7006403318134522
165.78578578578578,0.7051434122662413
165.86586586586586,0.709979366022998
165.94594594594594,0.71445768398396
166.02602602602602,0.7191373808821143
166.1061061061061,0.7236532556932027
166.18618618618618,0.728743493168767
166.26626626626626,0.7338598164459151
166.34634634634634,0.7391416085561188
166.42642642642642,0.7443525494313435
166.5065065065065,0.7500790673486412
166.58658658658658,0.7554284189556544
166.66666666666666,0.7613165700228466
166.74674674674674,0.7663313043323354
166.82682682682682,0.7725616327096171
166.9069069069069,0.7779313853499201
166.98698698698698,0.7842204910531289
167.06706706706706,0.78923738809024
167.14714714714714,0.7956081025718998
167.22722722722722,0.8008680828571164
167.3073073073073,0.8072932338071235
167.38738738738738,0.8127330325672839
167.46746746746746,0.8196812809187115
167.54754754754754,0.8253903060902108
167.62762762762762,0.8319956604417252
167.7077077077077,0.8370255617189898
167.78778778778778,0.8433271591059358
167.86786786786786,0.8488030274099966
167.94794794794794,0.8551694941938186
168.02802802802802,0.8602691471125214
168.1081081081081,0.8662963785348061
168.18818818818818,0.8717391474285644
168.26826826826826,0.8781110460317263
168.34834834834834,0.8834880865872502
168.42842842842842,0.8889484042440489
168.5085085085085,0.893314458203112
168.58858858858858,0.8978694547541114
168.66866866866866,0.9018997979468854
168.74874874874874,0.9061957384736247
168.82882882882882,0.9104227266569196
168.9089089089089,0.9149287681402998
168.98898898898898,0.9188845354355343
169.06906906906906,0.9218266252776313
169.14914914914914,0.9243490291368399
169.22922922922922,0.9263862277182644
169.3093093093093,0.9287866831028766
169.38938938938938,0.9302856936701179
169.46946946946946,0.9316547131638573
169.54954954954954,0.9324256374553842
169.62962962962962,0.9335018399955323
169.7097097097097,0.9334429711637495
169.78978978978978,0.9334733593535449
169.86986986986986,0.9325906920167872
169.94994994994994,0.9318187827748468
170.03003003003002,0.9296544283967747
170.1101101101101,0.9275515540396001
170.19019019019018,0.9246554679016736
170.27027027027026,0.922314207710439
170.35035035035034,0.919165087459371
170.43043043043042,0.9160239678958101
170.5105105105105,0.9117167525501505
170.59059059059058,0.9078000169635342
170.67067067067066,0.9031752751638028
170.75075075075074,0.8985799398813202
170.83083083083082,0.8931892725983012
170.9109109109109,0.8878645281060181
170.99099099099098,0.8822637496075917
171.07107107107106,0.8770104906527567
171.15115115115114,0.8715593905547703
171.23123123123122,0.8659691181469892
171.3113113113113,0.8601672332217224
171.39139139139138,0.8542646814054362
171.47147147147146,0.8479784104330973
171.55155155155154,0.8414902315132018
171.63163163163162,0.834969838876959
171.7117117117117,0.8285447190575657
171.79179179179178,0.822113087015116
171.87187187187186,0.8154816546433695
171.95195195195194,0.8092024491957213
172.03203203203202,0.8033498238090647
172.11211211211213,0.7977966148903156
172.19219219219218,0.7917933192240509
172.2722722722723,0.7857804495911778
172.35235235235234,0.7796502915423337
172.43243243243245,0.7737941759022542
172.5125125125125,0.767644727426661
172.5925925925926,0.7617504406275626
172.67267267267266,0.7561413404245824
172.75275275275277,0.750852338551015
172.83283283283282,0.7454090595705659
172.91291291291293,0.7400213246073305
172.99299299299298,0.7348548381631969
173.0730730730731,0.7300674997970004
173.15315315315314,0.7250923573069339
173.23323323323325,0.7201062676018363
173.3133133133133,0.715243217343472
173.3933933933934,0.7105797567222439
173.47347347347346,0.7059424097134481
173.55355355355357,0.7015743978149716
173.63363363363362,0.697476731320137
173.71371371371373,0.693631874731727
173.79379379379378,0.6898358243136187
173.8738738738739,0.686206344531714
173.95395395395394,0.6829102677527229
174.03403403403405,0.6797736044454762
174.1141141141141,0.6762164935101663
174.1941941941942,0.6724172941143164
174.27427427427426,0.6690470800851918
174.35435435435437,0.6663142543882865
174.43443443443442,0.6638325119383508
174.51451451451453,0.6612734459188588
174.59459459459458,0.6587505738852902
174.6746746746747,0.6564834982913044
174.75475475475474,0.6544408935948208
174.83483483483485,0.6525510785435916
174.9149149149149,0.6506350606539978
174.994994994995,0.6488081391127765
175.07507507507506,0.6470566546487684
175.15515515515517,0.6452222141381243
175.23523523523522,0.643786044818522
175.31531531531533,0.6428309009508757
175.39539539539538,0.642347841164495
175.4754754754755,0.6418716629503731
175.55555555555554,0.6414484988106512
175.63563563563565,0.6409362389901482
175.7157157157157,0.6404279233757622
175.7957957957958,0.6399263461253465
175.87587587587586,0.6395597415223682
175.95595595595597,0.6394554675700947
176.03603603603602,0.6396608485514507
176.11611611611613,0.6399136765082115
176.19619619619618,0.6403137474153276
176.2762762762763,0.6409963026889306
176.35635635635634,0.6420632782872453
176.43643643643645,0.6431597485530753
176.5165165165165,0.6441007567054159
176.5965965965966,0.6446994486537402
176.67667667667666,0.645452776694854
176.75675675675677,0.6464697561118079
176.83683683683682,0.647694102823654
176.91691691691693,0.6490238137422437
176.99699699699698,0.6507279360134867
177.0770770770771,0.6528028464439674
177.15715715715714,0.6550722705248492
177.23723723723725,0.6573903931552935
177.3173173173173,0.659490960109227
177.3973973973974,0.6614677143517494
177.47747747747746,0.6634573974612364
177.55755755755757,0.6655345440772081
177.63763763763762,0.6675785024863966
177.71771771771773,0.669788449606436
177.79779779779778,0.672307038892605
177.8778778778779,0.6749165797185136
177.95795795795794,0.677708366781498
178.03803803803805,0.680764679989944
178.1181181181181,0.6839574502403845
178.1981981981982,0.6871091392984005
178.27827827827826,0.6902016510447108
178.35835835835837,0.6934590293686368
178.43843843843842,0.6969066360209465
178.51851851851853,0.7005277086289102
178.59859859859858,0.7040291650742824
178.6786786786787,0.7074516655484095
178.75875875875874,0.7110168636901685
178.83883883883885,0.7148329053226178
178.9189189189189,0.7190675236462561
178.998998998999,0.7235556215964631
179.07907907907907,0.7281774684462834
179.15915915915917,0.732580094996632
179.23923923923923,0.7367906523864708
179.31931931931933,0.7412599614494421
179.39939939939939,0.7461982102978485
179.4794794794795,0.7514709171942586
179.55955955955955,0.7564042534807969
179.63963963963965,0.760959942434295
179.7197197197197,0.7657685701843012
179.7997997997998,0.771123603269529
179.87987987987987,0.7767191052876654
179.95995995995997,0.7823189072195111
180.04004004004003,0.7877657592730932
180.12012012012013,0.7932710405052782
180.2002002002002,0.798628811356994
180.2802802802803,0.8041020575596194
180.36036036036035,0.8096912937978026
180.44044044044045,0.8155186346685985
180.5205205205205,0.8213688987415879
180.60060060060061,0.827124510731637
180.68068068068067,0.8330479583535382
180.76076076076077,0.8391068969566767
180.84084084084083,0.8451030556252874
180.92092092092093,0.8510726751115343
181.001001001001,0.8568842221025151
181.0810810810811,0.8624755453740371
181.16116116116115,0.8677513841842674
181.24124124124126,0.8732875371304004
181.3213213213213,0.8790680706103285
181.40140140140142,0.8848472290714705
181.48148148148147,0.8900732930898227
181.56156156156158,0.894810318412075
181.64164164164163,0.8993874534913687
181.72172172172174,0.9038481941112316
181.8018018018018,0.9081858052259013
181.8818818818819,0.9121703317056259
181.96196196196195,0.9159965635355083
182.04204204204206,0.9194519842840632
182.1221221221221,0.9226940978627275
182.20220220220222,0.9257028431673235
182.28228228228227,0.9283526934705651
182.36236236236238,0.9303281864167849
182.44244244244243,0.931858092984649
182.52252252252254,0.9332401901835443
182.6026026026026,0.934396164126785
182.6826826826827,0.9351524047307039
182.76276276276275,0.9353603716004761
182.84284284284286,0.9351259621101299
182.9229229229229,0.9345303115689952
183.00300300300302,0.9335357629998918
183.08308308308307,0.9322578904932154
183.16316316316318,0.9306069321883891
183.24324324324323,0.9287989962792882
183.32332332332334,0.9264557331464223
183.4034034034034,0.923776737992596
183.4834834834835,0.9205801463948667
183.56356356356355,0.9170481309445235
183.64364364364366,0.913066574575285
183.7237237237237,0.908860544400261
183.80380380380382,0.9045965602617926
183.88388388388387,0.9001905811082598
183.96396396396398,0.8954616970261321
184.04404404404403,0.8904119329162794
184.12412412412414,0.8849931258828372
184.2042042042042,0.8795052625937743
184.2842842842843,0.8738674922080867
184.36436436436435,0.8681336240522136
184.44444444444446,0.8625302070172932
184.5245245245245,0.8567765210003241
184.60460460460462,0.8510691594402602
184.68468468468467,0.8449959373031029
184.76476476476478,0.8387905922878084
184.84484484484483,0.832318267776184
184.92492492492494,0.826213753473297
185.005005005005,0.8203977142278666
185.0850850850851,0.8146334110923815
185.16516516516515,0.8086117984591182
185.24524524524526,0.8023202839859905
185.3253253253253,0.7960102023552608
185.40540540540542,0.7902920390268667
185.48548548548547,0.7847771169599137
185.56556556556558,0.7793373572757033
185.64564564564563,0.7736635917097345
185.72572572572574,0.7681668729040884
185.8058058058058,0.7627789207417868
185.8858858858859,0.7574944251194061
185.96596596596595,0.7522664910146891
186.04604604604606,0.7471833534743303
186.1261261261261,0.74236191091988
186.20620620620622,0.7375332037190611
186.28628628628627,0.7330561075879453
186.36636636636638,0.7288913751180508
186.44644644644643,0.7250735518600291
186.52652652652654,0.7209189188437541
186.6066066066066,0.7165676680086965
186.6866866866867,0.7124119939588864
186.76676676676675,0.7086444454250748
186.84684684684686,0.7051908204079304
186.9269269269269,0.7020990310334413
187.00700700700702,0.6987292367182086
187.08708708708707,0.6951798244818751
187.16716716716718,0.6918118316672183
187.24724724724723,0.6890105551042257
187.32732732732734,0.6866448297681209
187.4074074074074,0.6842546234749204
187.4874874874875,0.6819267066767059
187.56756756756755,0.6794634148401221
187.64764764764766,0.6771360905322543
187.7277277277277,0.6748503936359656
187.80780780780782,0.6729489292007385
187.88788788788787,0.6712340793775503
187.96796796796798,0.6697514176216561
188.04804804804803,0.6682072175081262
188.12812812812814,0.6668849343776821
188.2082082082082,0.6656274828711103
188.2882882882883,0.664538129694955
188.36836836836835,0.663212290168096
188.44844844844846,0.6623029350595511
188.5285285285285,0.661386526243148
188.60860860860862,0.6606549301516699
188.68868868868867,0.6599470132847991
188.76876876876878,0.6594009954175836
188.84884884884883,0.6593246500252213
188.92892892892894,0.6592290853998637
189.009009009009,0.6590181611735044
189.0890890890891,0.6585803331811696
189.16916916916915,0.6582301804985277
189.24924924924926,0.6582845428765606
189.3293293293293,0.6585373779923434
189.40940940940942,0.6590767514065824
189.48948948948947,0.6595131804141513
189.56956956956958,0.6598055085970629
189.64964964964963,0.6602472488595906
189.72972972972974,0.6606585094705264
189.8098098098098,0.6616013228534274
189.8898898898899,0.6626542365934349
189.96996996996995,0.6638174606643867
190.05005005005006,0.664618692005972
190.1301301301301,0.6652722827909753
190.21021021021022,0.6663453284548054
190.29029029029027,0.6677964250469809
190.37037037037038,0.6694510919778514
190.45045045045043,0.6712057053506637
190.53053053053054,0.6727558240287678
190.6106106106106,0.6744499035167947
190.6906906906907,0.6759627541053194
190.77077077077075,0.6777076518153572
190.85085085085086,0.6796278126786153
190.9309309309309,0.6818096119424673
191.01101101101102,0.6843310556615307
191.09109109109107,0.6867579764920958
191.17117117117118,0.6893844956420738
191.25125125125123,0.6917516727841048
191.33133133133134,0.6943947516752911
191.41141141141142,0.6972705064685623
191.4914914914915,0.7002456876250329
191.57157157157158,0.7032084425665568
191.65165165165166,0.706334745452383
191.73173173173174,0.7097742888877663
191.81181181181182,0.7137741070065925
191.8918918918919,0.717789131176507
191.97197197197198,0.7218930060768866
192.05205205205206,0.7254206923366276
192.13213213213214,0.7291473135898335
192.21221221221222,0.7331610611631416
192.2922922922923,0.7377690646456873
192.37237237237238,0.7423688027345066
192.45245245245246,0.74704103792292
192.53253253253254,0.7513656558775171
192.61261261261262,0.7559791103738613
192.6926926926927,0.7604762109420407
192.77277277277278,0.7652984402645572
192.85285285285286,0.7700978322222457
192.93293293293294,0.7754351377407696
193.01301301301302,0.7808189906597096
193.0930930930931,0.7864370728142229
193.17317317317318,0.7920306167626404
193.25325325325326,0.797680771263019
193.33333333333334,0.8031282656514316
193.41341341341342,0.8085205797577816
193.4934934934935,0.8141286593328573
193.57357357357358,0.8198340447811869
193.65365365365366,0.8255632304656653
193.73373373373374,0.8311756007920656
193.81381381381382,0.8368027043154528
193.8938938938939,0.8424194035127814
193.97397397397398,0.8480112792429828
194.05405405405406,0.8536285273094624
194.13413413413414,0.8593144145519984
194.21421421421422,0.8650731078038945
194.2942942942943,0.8704492789663917
194.37437437437438,0.8757859162842978
194.45445445445446,0.8808873585522544
194.53453453453454,0.8862235968371088
194.61461461461462,0.8913093193469633
194.6946946946947,0.8962380300288636
194.77477477477478,0.9007372398703238
194.85485485485486,0.9049642773547691
194.93493493493494,0.9089839893608201
195.01501501501502,0.9128700652751407
195.0950950950951,0.9166414329532568
195.17517517517518,0.9200854305530916
195.25525525525526,0.9229502754319324
195.33533533533534,0.9253072865480065
195.41541541541542,0.9275808667460578
195.4954954954955,0.9296333015804578
195.57557557557558,0.9314150560856185
195.65565565565566,0.9329124171537979
195.73573573573574,0.933958218266138
195.81581581581582,0.9346815496837637
195.8958958958959,0.9351588124116771
195.97597597597598,0.9350517512285365
196.05605605605606,0.934683273067339
196.13613613613614,0.933591366262612
196.21621621621622,0.9325279815511752
196.2962962962963,0.9308829647797194
196.37637637637638,0.9293306076954407
196.45645645645646,0.926815401341399
196.53653653653654,0.9240547108429842
196.61661661661662,0.9207172678700488
196.6966966966967,0.9178494658249374
196.77677677677679,0.9143162662151839
196.85685685685687,0.9106517181108014
196.93693693693695,0.9064830825299639
197.01701701701703,0.9023843830116569
197.0970970970971,0.8977801420173451
197.17717717717719,0.8928258786901405
197.25725725725727,0.8875543606254386
197.33733733733735,0.8823699818553985
197.41741741741743,0.8771981909276336
197.4974974974975,0.8718941661161576
197.57757757757759,0.8666006792481176
197.65765765765767,0.861419084093687
197.73773773773775,0.8561736460046475
197.81781781781783,0.8506667806608849
197.8978978978979,0.8448686299121878
197.977977977978,0.8389659850876491
198.05805805805807,0.8331292826840594
198.13813813813815,0.8270666037994748
198.21821821821823,0.821430545934854
198.2982982982983,0.8157395978263381
198.3783783783784,0.8105734512960703
198.45845845845847,0.8052367928824545
198.53853853853855,0.8001932635787323
198.61861861861863,0.7948390788369597
198.6986986986987,0.7897704228162316
198.7787787787788,0.7847249027548123
198.85885885885887,0.7798601997200477
198.93893893893895,0.7746659381099835
199.01901901901903,0.7695148878542121
199.0990990990991,0.764721864454367
199.1791791791792,0.760173126526876
199.25925925925927,0.7559664022953205
199.33933933933935,0.7515667673855981
199.41941941941943,0.7474932252585076
199.4994994994995,0.7432743284442315
199.5795795795796,0.7395366113427607
199.65965965965967,0.7356919803491331
199.73973973973975,0.7322663759048412
199.81981981981983,0.7284761427383855
199.8998998998999,0.7246772069343441
199.97997997998,0.7206434782641488
200.06006006006007,0.717592820766362
200.14014014014015,0.7144777136781237
200.22022022022023,0.7118443198702052
200.3003003003003,0.7084546696220942
200.3803803803804,0.7056559050777006
200.46046046046047,0.7026013300941872
200.54054054054055,0.7000775652125668
200.62062062062063,0.6974224626226725
200.7007007007007,0.6953034681340903
200.7807807807808,0.6928428535757144
200.86086086086087,0.6906818598840828
200.94094094094095,0.6884201467720968
201.02102102102103,0.6866064887005265
201.1011011011011,0.6845710093964636
201.1811811811812,0.6824223937416362
201.26126126126127,0.6803199338234277
201.34134134134135,0.6784429685170249
201.42142142142143,0.6767129234509524
201.5015015015015,0.6752919023908499
201.5815815815816,0.6738891342659741
201.66166166166167,0.6728081206064425
201.74174174174175,0.6714305059049804
201.82182182182183,0.6702181741950337
201.9019019019019,0.6689454964009632
201.981981981982,0.6680702246766934
202.06206206206207,0.6676623858323726
202.14214214214215,0.6670021395485198
202.22222222222223,0.6665487534164195
202.3023023023023,0.6656019617166684
202.3823823823824,0.6653630000178146
202.46246246246247,0.6650992696426764
202.54254254254255,0.6650673510650792
202.62262262262263,0.665050203609774
202.7027027027027,0.665150870340508
202.7827827827828,0.6652203621789964
202.86286286286287,0.665491177549416
202.94294294294295,0.6654060549890594
203.02302302302303,0.6660818109931559
203.1031031031031,0.6667478712911924
203.1831831831832,0.6679589887035056
203.26326326326327,0.6687511327160034
203.34334334334335,0.6697170466894735
203.42342342342343,0.6707633664943538
203.5035035035035,0.6721657748913334
203.5835835835836,0.6731646865906272
203.66366366366367,0.675080762053593
203.74374374374375,0.6768567587144912
203.82382382382383,0.679079896582721
203.9039039039039,0.6805398404653121
203.983983983984,0.6824575747120324
204.06406406406407,0.6845471868915911
204.14414414414415,0.6872829897468783
204.22422422422423,0.6896326151024001
204.3043043043043,0.6922667594719439
204.3843843843844,0.69445257043808
204.46446446446447,0.6973494851056747
204.54454454454455,0.6997265908742304
204.62462462462463,0.7031445730862436
204.7047047047047,0.7066155577625352
204.7847847847848,0.7105127888765151
204.86486486486487,0.7134995369434678
204.94494494494495,0.7168499179736489
205.02502502502503,0.7202086225385951
205.1051051051051,0.7238768564638436
205.1851851851852,0.727594750373193
205.26526526526527,0.7313553927178775
205.34534534534535,0.7359259454083887
205.42542542542543,0.7401008583408962
205.5055055055055,0.744858414559862
205.5855855855856,0.749029379088564
205.66566566566567,0.7542577709999395
205.74574574574575,0.7586016287767613
205.82582582582583,0.7635799803107922
205.9059059059059,0.7681456685408576
205.985985985986,0.7734029357061156
206.06606606606607,0.7778449944477082
206.14614614614615,0.7831468140192032
206.22622622622623,0.788160613162513
206.3063063063063,0.7943738351218462
206.3863863863864,0.799224547576221
206.46646646646647,0.8056735687808954
206.54654654654655,0.810552510695878
206.62662662662663,0.8170357789359545
206.7067067067067,0.821486549134946
206.7867867867868,0.8278189478617606
206.86686686686687,0.8328824706633049
206.94694694694695,0.8393232458298833
207.02702702702703,0.8441270908664955
207.1071071071071,0.8504867014837311
207.1871871871872,0.8557974486655663
207.26726726726727,0.8614886512907043
207.34734734734735,0.865882230370293
207.42742742742743,0.8717182555695148
207.5075075075075,0.8771851924406799
207.5875875875876,0.8831154291167264
207.66766766766767,0.8876766709212975
207.74774774774775,0.8925861325346381
207.82782782782783,0.8974058507428742
207.9079079079079,0.9023271513718627
207.987987987988,0.9065133769347871
208.06806806806807,0.9104416251920472
208.14814814814815,0.9143151957095288
208.22822822822823,0.9182062359534141
208.3083083083083,0.9218909238767303
208.3883883883884,0.925198493212232
208.46846846846847,0.9283426421538677
208.54854854854855,0.9307305516880232
208.62862862862863,0.9331697656757822
208.7087087087087,0.9344841559018101
208.7887887887888,0.9361334283388186
208.86886886886887,0.9371677606446004
208.94894894894895,0.9383483391350639
209.02902902902903,0.937634716118248
209.1091091091091,0.9373936470039559
209.1891891891892,0.9368594616250386
209.26926926926927,0.9368185497985128
209.34934934934935,0.9356405666178406
209.42942942942943,0.9349573289759445
209.5095095095095,0.9335741689526063
209.5895895895896,0.932184030431154
209.66966966966967,0.9289307330574813
209.74974974974975,0.9263204652289958
209.82982982982983,0.9231030040993445
209.9099099099099,0.9207064111334747
209.98998998999,0.9166962106358691
210.07007007007007,0.913162957142207
210.15015015015015,0.909495914935546
210.23023023023023,0.9059817910592391
210.3103103103103,0.90159260358475
210.3903903903904,0.8962509385923401
210.47047047047047,0.8911606740618692
210.55055055055055,0.8863005478378392
210.63063063063063,0.8819503002428077
210.7107107107107,0.8768970181929595
210.7907907907908,0.8718578863630506
210.87087087087087,0.8671825328905808
210.95095095095095,0.8618622206294231
211.03103103103103,0.8564000642130672
211.11111111111111,0.8508496052272154
211.1911911911912,0.8458748513515154
211.27127127127127,0.841439036040977
211.35135135135135,0.8359062429230938
211.43143143143143,0.8306254234501991
211.51151151151151,0.8244194839902329
211.5915915915916,0.8195439617510777
211.67167167167167,0.8140756244490258
211.75175175175175,0.8090457932526196
211.83183183183183,0.8033294122878001
211.91191191191191,0.7990160683926175
211.991991991992,0.7940140837138022
212.07207207207207,0.7896409095619373
212.15215215215215,0.7834791227207046
212.23223223223223,0.7785689399323877
212.31231231231232,0.7730934873277814
212.3923923923924,0.7691447628045855
212.47247247247248,0.7640291576565671
212.55255255255256,0.7602030825795516
212.63263263263264,0.7551207963664531
212.71271271271272,0.7514001590691833
212.7927927927928,0.7459525988665147
212.87287287287288,0.7422688027739671
212.95295295295296,0.7377172659292366
213.03303303303304,0.7347356009908366
213.11311311311312,0.730815878525212
213.1931931931932,0.7273961982054185
213.27327327327328,0.723648434398735
213.35335335335336,0.7198094021987903
213.43343343343344,0.7153879142116345
213.51351351351352,0.711466276250354
213.5935935935936,0.7078452813062844
213.67367367367368,0.7057695665922864
213.75375375375376,0.7032644744043048
213.83383383383384,0.7005952610915155
213.91391391391392,0.6974655408834127
213.993993993994,0.6940457876625369
214.07407407407408,0.6916828161259992
214.15415415415416,0.6887521428827539
214.23423423423424,0.6869188382052829
214.31431431431432,0.6850726588290538
214.3943943943944,0.6832009069891306
214.47447447447448,0.681157183162646
214.55455455455456,0.6779982201002274
214.63463463463464,0.6759670193569582
214.71471471471472,0.6742073346386952
214.7947947947948,0.6731817832527898
214.87487487487488,0.67194984151534
214.95495495495496,0.6701374009589927
215.03503503503504,0.6693293757068223
215.11511511511512,0.667958904238853
215.1951951951952,0.6673694387498866
215.27527527527528,0.6660527553334513
215.35535535535536,0.6656161595509613
215.43543543543544,0.664826483239616
215.51551551551552,0.6647789470894392
215.5955955955956,0.6641546976719364
215.67567567567568,0.6645022339055745
215.75575575575576,0.663795934259954
215.83583583583584,0.6646748997705685
215.91591591591592,0.6639630092222288
215.995995995996,0.6651498630838055
216.07607607607608,0.6653198484130571
216.15615615615616,0.6674542726232258
216.23623623623624,0.6680689089167845
216.31631631631632,0.6692933712545535
216.3963963963964,0.6694686858639984
216.47647647647648,0.6711204666441951
216.55655655655656,0.6715434172053123
216.63663663663664,0.6735263912194877
216.71671671671672,0.6742196690319604
216.7967967967968,0.6767332488002791
216.87687687687688,0.6776595230542038
216.95695695695696,0.6801148188235968
217.03703703703704,0.6813092083358391
217.11711711711712,0.6840766342695274
217.1971971971972,0.6860502427602072
217.27727727727728,0.6886502579518703
217.35735735735736,0.6906638931190139
217.43743743743744,0.6937127964693346
217.51751751751752,0.6961650030622626
217.5975975975976,0.6996542360486683
217.67767767767768,0.7013434304825158
217.75775775775776,0.7047389723241625
217.83783783783784,0.7073069246583076
217.91791791791792,0.7116395762260567
217.997997997998,0.7149383605636334
218.07807807807808,0.7188275816785956
218.15815815815816,0.7228025248968705
218.23823823823824,0.726833948033164
218.31831831831832,0.731093666229954
218.3983983983984,0.7352680215153834
218.47847847847848,0.7392743649516218
218.55855855855856,0.7436982509840943
218.63863863863864,0.7474391673723881
218.71871871871872,0.751976162053304
218.7987987987988,0.7559600460879056
218.87887887887888,0.7617631625776561
218.95895895895896,0.7668333142824276
219.03903903903904,0.7723889416742099
219.11911911911912,0.7765240304862299
219.1991991991992,0.7814689112486001
219.27927927927928,0.7870787810528226
219.35935935935936,0.793444912987454
219.43943943943944,0.7989468966032189
219.51951951951952,0.8037214503758042
219.5995995995996,0.808048219734293
219.67967967967968,0.8136404005855795
219.75975975975976,0.8198708217392305
219.83983983983984,0.8263823113296722
219.91991991991992,0.8329780317588016
220.0,0.8384369017831947
