freq,trans
140.0,0.10381395328652603
140.08008008008008,0.10550584916042903
140.16016016016016,0.10772553440910952
140.24024024024024,0.11155928732503369
140.32032032032032,0.11561433124243574
140.4004004004004,0.11987421955095102
140.48048048048048,0.12426086806583808
140.56056056056056,0.1285240995314033
140.64064064064064,0.13224768705762222
140.72072072072072,0.13647508368990008
140.8008008008008,0.14081893921335734
140.88088088088088,0.1452224603985414
140.96096096096096,0.14854887257486696
141.04104104104104,0.15192765215288492
141.12112112112112,0.15462357139504812
141.2012012012012,0.1585608028871945
141.28128128128128,0.16086494274265564
141.36136136136136,0.16404238294397822
141.44144144144144,0.1657027147820831
141.52152152152152,0.1685229056419127
141.6016016016016,0.16976414988332097
141.68168168168168,0.17146367580684352
141.76176176176176,0.17224066744260738
141.84184184184184,0.1739749697370696
141.92192192192192,0.17462383149244365
142.002002002002,0.17512628323529827
142.08208208208208,0.1743022770243017
142.16216216216216,0.174082012755229
142.24224224224224,0.1732272942147082
142.32232232232232,0.17236910612860437
142.4024024024024,0.17035878423249573
142.48248248248248,0.16875523152377678
142.56256256256256,0.16726705279746704
142.64264264264264,0.1651534395643254
142.72272272272272,0.16278314750555625
142.8028028028028,0.1592937106526912
142.88288288288288,0.15715523559278685
142.96296296296296,0.15401052861530914
143.04304304304304,0.15177845768442902
143.12312312312312,0.14816303921761118
143.2032032032032,0.14555566710509804
143.28328328328328,0.14153364280488612
143.36336336336336,0.13866005823525532
143.44344344344344,0.13436562909330405
143.52352352352352,0.13200762520277445
143.6036036036036,0.12804809040321724
143.68368368368368,0.12565836976473424
143.76376376376376,0.12104249607400176
143.84384384384384,0.11803875038240852
143.92392392392392,0.11389832269148081
144.004004004004,0.11110414972559694
144.08408408408408,0.1071860641801958
144.16416416416416,0.1036512543953732
144.24424424424424,0.09978655625955404
144.32432432432432,0.09639248940167802
144.4044044044044,0.09303603193938607
144.48448448448448,0.08966089642829651
144.56456456456456,0.08634208824036747
144.64464464464464,0.08327766305411048
144.72472472472472,0.08057441362784239
144.8048048048048,0.0773349662573896
144.88488488488488,0.07474185865552077
144.96496496496496,0.07143873244428371
145.04504504504504,0.06918139760453361
145.12512512512512,0.0662384313487418
145.2052052052052,0.06434943004429058
145.28528528528528,0.06162641464883538
145.36536536536536,0.059778638250500435
145.44544544544544,0.05753981509561401
145.52552552552552,0.055943573905650475
145.6056056056056,0.053739183433967615
145.68568568568568,0.05223273266869652
145.76576576576576,0.05029181097156
145.84584584584584,0.04913999080347592
145.92592592592592,0.04726204438205377
146.006006006006,0.04604603408981552
146.08608608608608,0.044464379983014626
146.16616616616616,0.04362203099427841
146.24624624624624,0.04264576357391749
146.32632632632632,0.04187373403947757
146.4064064064064,0.04057423339872758
146.48648648648648,0.039508179954057976
146.56656656656656,0.038430378235754084
146.64664664664664,0.03781437128941682
146.72672672672672,0.037072779560746734
146.8068068068068,0.03645732463753771
146.88688688688688,0.03587605096938067
146.96696696696696,0.0352679282374573
147.04704704704704,0.034866977771811455
147.12712712712712,0.0342453191472959
147.2072072072072,0.03409245566647333
147.28728728728728,0.03375127275228961
147.36736736736736,0.03369914347100145
147.44744744744744,0.033411952426133214
147.52752752752752,0.03326791586068009
147.6076076076076,0.03304251398763559
147.68768768768768,0.03301126086063299
147.76776776776777,0.03297565772341956
147.84784784784785,0.03317099488331196
147.92792792792793,0.03332048846591553
148.008008008008,0.03363926838797958
148.08808808808809,0.03384631072715715
148.16816816816817,0.034337134518268704
148.24824824824825,0.034777280145578966
148.32832832832833,0.03536941969841509
148.4084084084084,0.03573059485869847
148.48848848848849,0.036235571491450694
148.56856856856857,0.03685362326330214
148.64864864864865,0.03758387984528596
148.72872872872873,0.03814231773410556
148.8088088088088,0.03876161466501448
148.88888888888889,0.03959288775244261
148.96896896896897,0.04066225162624332
149.04904904904905,0.04161129405074877
149.12912912912913,0.042661514786119445
149.2092092092092,0.043789915677301075
149.2892892892893,0.045170542724630336
149.36936936936937,0.046305931564721625
149.44944944944945,0.04753783941684636
149.52952952952953,0.04888582696244664
149.6096096096096,0.05069976776430474
149.6896896896897,0.05242085867635299
149.76976976976977,0.054088091903547235
149.84984984984985,0.0558808034052632
149.92992992992993,0.05796783199016909
150.01001001001,0.06031938565057522
150.0900900900901,0.062536909404561
150.17017017017017,0.0649471575636205
150.25025025025025,0.06728307870079664
150.33033033033033,0.0699814816349209
150.4104104104104,0.07273679374966367
150.4904904904905,0.07581397069217088
150.57057057057057,0.07890094865874075
150.65065065065065,0.08212345609138552
150.73073073073073,0.08524826128204346
150.8108108108108,0.08868982777905232
150.8908908908909,0.09228025152595502
150.97097097097097,0.09641626472315498
151.05105105105105,0.10057643720820499
151.13113113113113,0.10501711904668871
151.2112112112112,0.10940361044942061
151.2912912912913,0.11420350201992889
151.37137137137137,0.11902130903264056
151.45145145145145,0.1237326536601909
151.53153153153153,0.1286417101403003
151.6116116116116,0.13356391362311562
151.6916916916917,0.13938678793617498
151.77177177177177,0.14510477445878475
151.85185185185185,0.1512364251592114
151.93193193193193,0.1566441103871802
152.012012012012,0.16261312188038782
152.0920920920921,0.16835906009136367
152.17217217217217,0.1748127350840896
152.25225225225225,0.18083861127815615
152.33233233233233,0.18714353424771318
152.4124124124124,0.19286777206626451
152.4924924924925,0.19869719684371118
152.57257257257257,0.20407828760397326
152.65265265265265,0.21039716440579698
152.73273273273273,0.2161045998697499
152.8128128128128,0.22212710854901016
152.8928928928929,0.22672907371968914
152.97297297297297,0.231891309188957
153.05305305305305,0.2363435347105288
153.13313313313313,0.241418467674779
153.2132132132132,0.24548776685625642
153.2932932932933,0.24985320777282694
153.37337337337337,0.253129616124232
153.45345345345345,0.25638830203594276
153.53353353353353,0.2587434346211625
153.6136136136136,0.2611624157759642
153.6936936936937,0.2633808782309998
153.77377377377377,0.26504950894547274
153.85385385385385,0.26641592955720456
153.93393393393393,0.26721268805368475
154.014014014014,0.2686050580717835
154.0940940940941,0.26930636721519996
154.17417417417417,0.27043225535619236
154.25425425425425,0.27013387015313955
154.33433433433433,0.27029209994911674
154.4144144144144,0.26919184476189967
154.4944944944945,0.26853018542700624
154.57457457457457,0.2665559746237158
154.65465465465465,0.2651519868355865
154.73473473473473,0.26287607738962576
154.8148148148148,0.26145483706524564
154.8948948948949,0.2596680471598553
154.97497497497497,0.2584413204939141
155.05505505505505,0.25631132738289564
155.13513513513513,0.25400257781505026
155.2152152152152,0.2505578846630717
155.2952952952953,0.24777733407358465
155.37537537537537,0.2441946132152994
155.45545545545545,0.24139115863743657
155.53553553553553,0.23787761387710157
155.6156156156156,0.2347672778303659
155.6956956956957,0.23132275145157719
155.77577577577577,0.22848834272883134
155.85585585585585,0.22511540046051198
155.93593593593593,0.22152885808879344
156.016016016016,0.21718096134801737
156.0960960960961,0.2128509929428364
156.17617617617617,0.2084894306772689
156.25625625625625,0.20443082418219602
156.33633633633633,0.2002895169396413
156.4164164164164,0.19617032189134492
156.4964964964965,0.1918996523026714
156.57657657657657,0.1875917211390539
156.65665665665665,0.18350000443280828
156.73673673673673,0.17927824532091005
156.8168168168168,0.17520808791702816
156.8968968968969,0.17053958150503343
156.97697697697697,0.16631879025821752
157.05705705705705,0.16145462203177643
157.13713713713713,0.15721869629770951
157.2172172172172,0.1528842850042111
157.2972972972973,0.1492317280889592
157.37737737737737,0.14512381667654237
157.45745745745745,0.14123466694037445
157.53753753753753,0.1369997043302666
157.6176176176176,0.1330376071970046
157.6976976976977,0.12900407887796767
157.77777777777777,0.1252182677712206
157.85785785785785,0.12127111158461294
157.93793793793793,0.11768345323155799
158.018018018018,0.1141373579403408
158.0980980980981,0.11111755891008641
158.17817817817817,0.10810342984166632
158.25825825825825,0.10529557085313374
158.33833833833833,0.1024055439426671
158.4184184184184,0.09968391250058084
158.4984984984985,0.0970175977979117
158.57857857857857,0.09429476696183771
158.65865865865865,0.0916381003323672
158.73873873873873,0.0892009193451277
158.8188188188188,0.08699976693324629
158.8988988988989,0.08500633243360363
158.97897897897897,0.08305932891962826
159.05905905905905,0.08126507262678077
159.13913913913913,0.07972117440311069
159.2192192192192,0.07824276203392545
159.2992992992993,0.07679332453970908
159.37937937937937,0.07506255212566267
159.45945945945945,0.07376230357696721
159.53953953953953,0.072550669508517
159.6196196196196,0.0717460676486086
159.6996996996997,0.07077622441327976
159.77977977977977,0.07023144726825968
159.85985985985985,0.06970207502090427
159.93993993993993,0.06924531950641338
160.02002002002,0.06872038085547282
160.1001001001001,0.06842999121752977
160.18018018018017,0.06831632552044924
160.26026026026025,0.06844025688094184
160.34034034034033,0.06842841126309966
160.4204204204204,0.06837602132139417
160.5005005005005,0.06847490376902479
160.58058058058057,0.06868624269211172
160.66066066066065,0.06931590281621797
160.74074074074073,0.06985682035030559
160.8208208208208,0.0706382472681451
160.9009009009009,0.0712175388349398
160.98098098098097,0.07205826204111934
161.06106106106105,0.07280119151408418
161.14114114114113,0.07401341189871107
161.2212212212212,0.07543351388874725
161.3013013013013,0.07718877189929325
161.38138138138137,0.0787784284224122
161.46146146146145,0.08055203439148192
161.54154154154153,0.08249100671112945
161.6216216216216,0.08476033340069548
161.7017017017017,0.08696396592013143
161.78178178178177,0.08923429979546973
161.86186186186185,0.09163000372478876
161.94194194194193,0.0944567617862128
162.022022022022,0.09751328603988182
162.1021021021021,0.10062721663734309
162.18218218218217,0.10387378344190659
162.26226226226225,0.10717650144619621
162.34234234234233,0.11062875605961772
162.42242242242241,0.11406152409668702
162.5025025025025,0.11757361182834436
162.58258258258257,0.12145176549793885
162.66266266266265,0.12560706781655753
162.74274274274273,0.12996517979389038
162.82282282282281,0.1346933893405959
162.9029029029029,0.1397123077382517
162.98298298298297,0.14524135908098507
163.06306306306305,0.15068148518354693
163.14314314314313,0.15644664351583804
163.22322322322321,0.16212055464990618
163.3033033033033,0.1684265681563695
163.38338338338338,0.17468423991276177
163.46346346346346,0.18128177860357356
163.54354354354354,0.1878900625177009
163.62362362362362,0.19483110777004453
163.7037037037037,0.2018548781349371
163.78378378378378,0.20893484710640786
163.86386386386386,0.21611652394145273
163.94394394394394,0.22346199345355547
164.02402402402402,0.23063661492639237
164.1041041041041,0.23750703031177092
164.18418418418418,0.2441870404918659
164.26426426426426,0.25104991705177626
164.34434434434434,0.25786354732527766
164.42442442442442,0.2645029737055748
164.5045045045045,0.27082701382313246
164.58458458458458,0.2771544333006769
164.66466466466466,0.28351794508287315
164.74474474474474,0.2893451931018571
164.82482482482482,0.29506422506325825
164.9049049049049,0.3006327457391695
164.98498498498498,0.3059993580753444
165.06506506506506,0.31031356806616933
165.14514514514514,0.31402447264525707
165.22522522522522,0.3176085910262362
165.3053053053053,0.3211396481323629
165.38538538538538,0.32376591007736927
165.46546546546546,0.3261212646809654
165.54554554554554,0.32859842316054394
165.62562562562562,0.33126118741495747
165.7057057057057,0.3330828951593407
165.78578578578578,0.33395540608970103
165.86586586586586,0.33479302278065265
165.94594594594594,0.3358720847056226
166.02602602602602,0.3367038799590638
166.1061061061061,0.33706681704400115
166.18618618618618,0.336700318120269
166.26626626626626,0.3362686649185291
166.34634634634634,0.33572487102001375
166.42642642642642,0.3352773866981371
166.5065065065065,0.33486251353813895
166.58658658658658,0.3340778556259412
166.66666666666666,0.3333666337287228
166.74674674674674,0.33190330697962467
166.82682682682682,0.3303513613004371
166.9069069069069,0.3281417215491742
166.98698698698698,0.3264281200495462
167.06706706706706,0.32468130547500446
167.14714714714714,0.32341509718825395
167.22722722722722,0.3213045278431792
167.3073073073073,0.3192262847119893
167.38738738738738,0.31670294705019775
167.46746746746746,0.314953939552255
167.54754754754754,0.31282563038611355
167.62762762762762,0.31116159902879953
167.7077077077077,0.30868726579686806
167.78778778778778,0.3064390375661942
167.86786786786786,0.30406895885096763
167.94794794794794,0.3023175564798203
168.02802802802802,0.30016689856882317
168.1081081081081,0.2976995018067214
168.18818818818818,0.2948766643054318
168.26826826826826,0.2924011619963968
168.34834834834834,0.28989879552132686
168.42842842842842,0.2872484201588706
168.5085085085085,0.28416085320355344
168.58858858858858,0.28102834188262993
168.66866866866866,0.2782234505850162
168.74874874874874,0.27534240873257837
168.82882882882882,0.27250908279004876
168.9089089089089,0.26936768957650253
168.98898898898898,0.2665618109961871
169.06906906906906,0.2632282895618479
169.14914914914914,0.25992089055667295
169.22922922922922,0.25617600226425125
169.3093093093093,0.25307209347143145
169.38938938938938,0.24926991457850953
169.46946946946946,0.24533949623723425
169.54954954954954,0.2408667850817286
169.62962962962962,0.23728210778895562
169.7097097097097,0.23340739630578775
169.78978978978978,0.2296558075136727
169.86986986986986,0.2251805514697406
169.94994994994994,0.2210578303855371
170.03003003003002,0.21665800458070994
170.1101101101101,0.21252116619290026
170.19019019019018,0.208085599233759
170.27027027027026,0.20401704181940988
170.35035035035034,0.19988144006654993
170.43043043043042,0.19603283530828733
170.5105105105105,0.19174908091709286
170.59059059059058,0.18781653112779123
170.67067067067066,0.183884101681856
170.75075075075074,0.18040807126392835
170.83083083083082,0.17665665160386662
170.9109109109109,0.1728081957914172
170.99099099099098,0.16894413799993727
171.07107107107106,0.16545045361547586
171.15115115115114,0.16224698796528897
171.23123123123122,0.15926992552633254
171.3113113113113,0.15630074879466133
171.39139139139138,0.15339633528422486
171.47147147147146,0.15050706632571667
171.55155155155154,0.14777052835392138
171.63163163163162,0.1450867773949852
171.7117117117117,0.1425407779686089
171.79179179179178,0.14023781776148625
171.87187187187186,0.13812453454397994
171.95195195195194,0.13625606409844485
172.03203203203202,0.13447893377799366
172.11211211211213,0.1331240717163754
172.19219219219218,0.1318412912185705
172.2722722722723,0.1307553615534974
172.35235235235234,0.12965530824459828
172.43243243243245,0.12873291242351048
172.5125125125125,0.12777100239951011
172.5925925925926,0.12729917447575123
172.67267267267266,0.12687973105635475
172.75275275275277,0.1268992489082354
172.83283283283282,0.12699137858501214
172.91291291291293,0.1275312724479659
172.99299299299298,0.12785726128956232
173.0730730730731,0.12826412017091635
173.15315315315314,0.12871272203755163
173.23323323323325,0.1298382232455125
173.3133133133133,0.1310654516614846
173.3933933933934,0.13240206919905576
173.47347347347346,0.13380004501663745
173.55355355355357,0.13586909883074333
173.63363363363362,0.13822471346645546
173.71371371371373,0.14085992035411976
173.79379379379378,0.14338605216247688
173.8738738738739,0.14629140569759017
173.95395395395394,0.1494045440505173
174.03403403403405,0.15262056222936868
174.1141141141141,0.15563444728942766
174.1941941941942,0.1588652748263651
174.27427427427426,0.16267368703337357
174.35435435435437,0.16702526879756568
174.43443443443442,0.17144040182340264
174.51451451451453,0.1760424626995266
174.59459459459458,0.18086017802703594
174.6746746746747,0.1861663119253007
174.75475475475474,0.1914908862370915
174.83483483483485,0.19672392029282107
174.9149149149149,0.20210800261561243
174.994994994995,0.2077700835822734
175.07507507507506,0.21412877076977374
175.15515515515517,0.2204316890320942
175.23523523523522,0.22736881174104095
175.31531531531533,0.23475688834166153
175.39539539539538,0.24266334180805652
175.4754754754755,0.24986574022863173
175.55555555555554,0.2566355571042934
175.63563563563565,0.2635337593463448
175.7157157157157,0.27122121886428785
175.7957957957958,0.2789190879313809
175.87587587587586,0.28616205161800207
175.95595595595597,0.2930262597660593
176.03603603603602,0.300465051451239
176.11611611611613,0.30778325481420943
176.19619619619618,0.3147803595768437
176.2762762762763,0.3210838759679323
176.35635635635634,0.3274987573104225
176.43643643643645,0.3336965795286944
176.5165165165165,0.33932666395061273
176.5965965965966,0.3445250491250855
176.67667667667666,0.34965268464807703
176.75675675675677,0.35487003507480025
176.83683683683682,0.35937686413969067
176.91691691691693,0.363001313227806
176.99699699699698,0.3665449623353879
177.0770770770771,0.3699942834299157
177.15715715715714,0.3733952793367398
177.23723723723725,0.37609809470524336
177.3173173173173,0.37814470599033495
177.3973973973974,0.3796216818760718
177.47747747747746,0.3808687000996711
177.55755755755757,0.38198758538071814
177.63763763763762,0.3826087416814519
177.71771771771773,0.3826384339523563
177.79779779779778,0.38230150683458286
177.8778778778779,0.3819435947655877
177.95795795795794,0.38156264068041534
178.03803803803805,0.38097873019981815
178.1181181181181,0.379827891712641
178.1981981981982,0.3785878081452171
178.27827827827826,0.377461509099755
178.35835835835837,0.3765426331190263
178.43843843843842,0.37556671496940125
178.51851851851853,0.3741506182749574
178.59859859859858,0.3721938481004222
178.6786786786787,0.37011037523300117
178.75875875875874,0.36839179334845146
178.83883883883885,0.3670486688613946
178.9189189189189,0.36554144648982295
178.998998998999,0.3637674718300906
179.07907907907907,0.3620734658880074
179.15915915915917,0.360393242735751
179.23923923923923,0.358411096625847
179.31931931931933,0.3563654686462539
179.39939939939939,0.3548586087943841
179.4794794794795,0.3538378357903726
179.55955955955955,0.3525239290076986
179.63963963963965,0.3504189251091445
179.7197197197197,0.3483842832031763
179.7997997997998,0.3469926948584051
179.87987987987987,0.3458344633161939
179.95995995995997,0.3445420187681622
180.04004004004003,0.3430998240996599
180.12012012012013,0.34182878238613523
180.2002002002002,0.34062656248378026
180.2802802802803,0.3394076444935023
180.36036036036035,0.3382013173070702
180.44044044044045,0.3371446625766194
180.5205205205205,0.33621069053006064
180.60060060060061,0.33495044299658966
180.68068068068067,0.3334458598736236
180.76076076076077,0.3319438021552918
180.84084084084083,0.3308436722142328
180.92092092092093,0.3301965451327661
181.001001001001,0.32924433585461416
181.0810810810811,0.3277564629091997
181.16116116116115,0.3259129678761062
181.24124124124126,0.32467741400898403
181.3213213213213,0.32405650198075053
181.40140140140142,0.32332347130496747
181.48148148148147,0.3219386142732992
181.56156156156158,0.32006371367767916
181.64164164164163,0.31823890315578085
181.72172172172174,0.31642728137805903
181.8018018018018,0.3146802241161861
181.8818818818819,0.3130727021652642
181.96196196196195,0.31145625738350924
182.04204204204206,0.3095040787728432
182.1221221221221,0.3070557402773614
182.20220220220222,0.3045986189009561
182.28228228228227,0.30233763869738717
182.36236236236238,0.3000257459622079
182.44244244244243,0.29752484116906397
182.52252252252254,0.29484265577065233
182.6026026026026,0.29218074582507886
182.6826826826827,0.28930566017596887
182.76276276276275,0.28616434779627803
182.84284284284286,0.2828883254024263
182.9229229229229,0.27972662775369234
183.00300300300302,0.27680979255939825
183.08308308308307,0.2739116142720735
183.16316316316318,0.27103505850411913
183.24324324324323,0.26810346167266846
183.32332332332334,0.26491867547128395
183.4034034034034,0.2616150418045988
183.4834834834835,0.2584600005615761
183.56356356356355,0.25552679661983263
183.64364364364366,0.2524073570653229
183.7237237237237,0.24920481615897755
183.80380380380382,0.24624587818706403
183.88388388388387,0.24358907506783037
183.96396396396398,0.24090258068894388
184.04404404404403,0.23800543839273097
184.12412412412414,0.2353645562579943
184.2042042042042,0.23292617750779548
184.2842842842843,0.2306307494898914
184.36436436436435,0.22837887805317522
184.44444444444446,0.22641804040854965
184.5245245245245,0.22473359918273342
184.60460460460462,0.22335890281481693
184.68468468468467,0.2221203784317816
184.76476476476478,0.22106762857194864
184.84484484484483,0.22000097718629516
184.92492492492494,0.21933491624111298
185.005005005005,0.21880705651269955
185.0850850850851,0.21848041621586117
185.16516516516515,0.21799636293758912
185.24524524524526,0.21796938733863
185.3253253253253,0.21854411519718306
185.40540540540542,0.21987957864483304
185.48548548548547,0.2211054747120757
185.56556556556558,0.22224785024799198
185.64564564564563,0.22352521851152576
185.72572572572574,0.22515653045499667
185.8058058058058,0.2270791497478273
185.8858858858859,0.2292183192835647
185.96596596596595,0.23156830056627323
186.04604604604606,0.23432263530031838
186.1261261261261,0.2378735171057891
186.20620620620622,0.24210831014915687
186.28628628628627,0.246519314370389
186.36636636636638,0.2506931375386727
186.44644644644643,0.25503040307483216
186.52652652652654,0.2596420964270625
186.6066066066066,0.26460896816216567
186.6866866866867,0.2696445657910303
186.76676676676675,0.2751149697140876
186.84684684684686,0.281110276915297
186.9269269269269,0.287677023215462
187.00700700700702,0.29386801248777084
187.08708708708707,0.2996112067660886
187.16716716716718,0.30566281392009653
187.24724724724723,0.3126692896037903
187.32732732732734,0.31977769681228435
187.4074074074074,0.32637355949873886
187.4874874874875,0.3325877989857758
187.56756756756755,0.3391678834989486
187.64764764764766,0.34614513113342754
187.7277277277277,0.35294841765447
187.80780780780782,0.3595201892627084
187.88788788788787,0.3659580585205707
187.96796796796798,0.37247781424164
188.04804804804803,0.37874663889559385
188.12812812812814,0.3848372634632912
188.2082082082082,0.3903516048330464
188.2882882882883,0.3954733720930257
188.36836836836835,0.39982096040792053
188.44844844844846,0.40415250035649064
188.5285285285285,0.4082054376241814
188.60860860860862,0.41216268949343327
188.68868868868867,0.41581654437359405
188.76876876876878,0.41892228790939484
188.84884884884883,0.42157317785276305
188.92892892892894,0.4233174019409918
189.009009009009,0.4243945596191535
189.0890890890891,0.42515955641552633
189.16916916916915,0.42577857462002355
189.24924924924926,0.4262991697631505
189.3293293293293,0.4265308281713003
189.40940940940942,0.4262919111579065
189.48948948948947,0.42570448611062145
189.56956956956958,0.424831633719152
189.64964964964963,0.42402793496738406
189.72972972972974,0.42287628126125393
189.8098098098098,0.4212811213296123
189.8898898898899,0.41934659538014624
189.96996996996995,0.4173393152677234
190.05005005005006,0.4151785769158605
190.1301301301301,0.4121410733285888
190.21021021021022,0.4089059716419574
190.29029029029027,0.4062367746495826
190.37037037037038,0.4042715456030145
190.45045045045043,0.40259716339824797
190.53053053053054,0.4002024747876976
190.6106106106106,0.3974125489034046
190.6906906906907,0.3943192795604332
190.77077077077075,0.3913602832426814
190.85085085085086,0.3887938312571302
190.9309309309309,0.38626920374149726
191.01101101101102,0.38413988158062173
191.09109109109107,0.3820313231879324
191.17117117117118,0.37996451100690704
191.25125125125123,0.37735004247451714
191.33133133133134,0.37488916603154565
191.41141141141142,0.37304977051666244
191.4914914914915,0.37151043024824
191.57157157157158,0.3696125047142824
191.65165165165166,0.3670975523883514
191.73173173173174,0.36484241949254503
191.81181181181182,0.36355105693811485
191.8918918918919,0.36255789480262557
191.97197197197198,0.36142742450444576
192.05205205205206,0.3595782175789799
192.13213213213214,0.357835145795172
192.21221221221222,0.3567961322272893
192.2922922922923,0.3562706742641402
192.37237237237238,0.3554531209775642
192.45245245245246,0.35426822392707136
192.53253253253254,0.353110672785254
192.61261261261262,0.3524385077415885
192.6926926926927,0.35200454905293826
192.77277277277278,0.35131128730210115
192.85285285285286,0.35100862296731744
192.93293293293294,0.35089779154725814
193.01301301301302,0.35117926240310976
193.0930930930931,0.3511150902608821
193.17317317317318,0.35094269388622246
193.25325325325326,0.3508056587060619
193.33333333333334,0.35097564384073854
193.41341341341342,0.35108035794695525
193.4934934934935,0.35121805370926085
193.57357357357358,0.3515148282500984
193.65365365365366,0.3520383747207974
193.73373373373374,0.3525211861506491
193.81381381381382,0.35262256299434946
193.8938938938939,0.3527297092999349
193.97397397397398,0.3530901482412171
194.05405405405406,0.35411257194629414
194.13413413413414,0.3548871737058711
194.21421421421422,0.35536362078524836
194.2942942942943,0.35533615835203475
194.37437437437438,0.35564677340447126
194.45445445445446,0.3562147910672567
194.53453453453454,0.3566332273551034
194.61461461461462,0.35677300684054264
194.6946946946947,0.357165613145544
194.77477477477478,0.3574244881540563
194.85485485485486,0.3576619670728036
194.93493493493494,0.3575101175737677
195.01501501501502,0.3575278094021285
195.0950950950951,0.357498888947961
195.17517517517518,0.35717983618011506
195.25525525525526,0.35664395810666105
195.33533533533534,0.35615659087833246
195.41541541541542,0.356154624090295
195.4954954954955,0.35593645937973273
195.57557557557558,0.35512279195451824
195.65565565565566,0.35401419192450656
195.73573573573574,0.35347575192431213
195.81581581581582,0.3530980473755263
195.8958958958959,0.3524411919881416
195.97597597597598,0.3513222890398619
196.05605605605606,0.3505698878282958
196.13613613613614,0.3499188976621742
196.21621621621622,0.34932480309217223
196.2962962962963,0.3483857466980149
196.37637637637638,0.347787892549919
196.45645645645646,0.34715314475975273
196.53653653653654,0.34685068055931595
196.61661661661662,0.3455277149003643
196.6966966966967,0.3443719296355988
196.77677677677679,0.3432643862621003
196.85685685685687,0.3431914433543657
196.93693693693695,0.34257247656563755
197.01701701701703,0.34178819270006827
197.0970970970971,0.3411852881833407
197.17717717717719,0.34145938433399314
197.25725725725727,0.34164174928088353
197.33733733733735,0.34165204632911494
197.41741741741743,0.3418512713283624
197.4974974974975,0.34282434329342387
197.57757757757759,0.3437216608238922
197.65765765765767,0.3445481917531795
197.73773773773775,0.34542312762309907
197.81781781781783,0.3474752853902677
197.8978978978979,0.34981928727310113
197.977977977978,0.35211802866573466
198.05805805805807,0.3539051987233967
198.13813813813815,0.356321941239868
198.21821821821823,0.35935616247450697
198.2982982982983,0.3629385877184033
198.3783783783784,0.3660907676926143
198.45845845845847,0.3696607660546987
198.53853853853855,0.3735047503950781
198.61861861861863,0.3781382097491438
198.6986986986987,0.38264288108010286
198.7787787787788,0.38742762555481813
198.85885885885887,0.3924470853351116
198.93893893893895,0.3976133554472484
199.01901901901903,0.40297796945996106
199.0990990990991,0.4079512433927577
199.1791791791792,0.41309285831895987
199.25925925925927,0.41849806593170813
199.33933933933935,0.4239082383022873
199.41941941941943,0.4291259830900787
199.4994994994995,0.4340496437296044
199.5795795795796,0.4396749920437347
199.65965965965967,0.44520402561600025
199.73973973973975,0.4503725264115402
199.81981981981983,0.45450846881707696
199.8998998998999,0.4587054281415925
199.97997997998,0.4623255072350217
200.06006006006007,0.46612333987110754
200.14014014014015,0.4694321864592182
200.22022022022023,0.47240251347534157
200.3003003003003,0.4749554134006266
200.3803803803804,0.4773964927369058
200.46046046046047,0.4796592533130042
200.54054054054055,0.4816575069339769
200.62062062062063,0.48295514190289374
200.7007007007007,0.4837762939951105
200.7807807807808,0.48331854837433513
200.86086086086087,0.48226484022228316
200.94094094094095,0.4814472267453504
201.02102102102103,0.4804430549017211
201.1011011011011,0.4792834249722666
201.1811811811812,0.4770922846841092
201.26126126126127,0.47525639749534787
201.34134134134135,0.4732013224705564
201.42142142142143,0.47015091978851076
201.5015015015015,0.466495388389931
201.5815815815816,0.46257249073215806
201.66166166166167,0.4596380659898621
201.74174174174175,0.4565793084690727
201.82182182182183,0.4531375266373883
201.9019019019019,0.4493998110475501
201.981981981982,0.44543804504361706
202.06206206206207,0.44199893502142673
202.14214214214215,0.4381326400409332
202.22222222222223,0.4348746811513629
202.3023023023023,0.4305504813151551
202.3823823823824,0.4270820183539027
202.46246246246247,0.4231391916673559
202.54254254254255,0.4196689184472677
202.62262262262263,0.4158714010227765
202.7027027027027,0.41189444016293003
202.7827827827828,0.4077610017365
202.86286286286287,0.4038946167094873
202.94294294294295,0.3999521740592945
203.02302302302303,0.3969132032813461
203.1031031031031,0.3937133976094064
203.1831831831832,0.3912986617181796
203.26326326326327,0.38813612540080383
203.34334334334335,0.3849671709666035
203.42342342342343,0.3819266199190223
203.5035035035035,0.3792312270763506
203.5835835835836,0.3763238463307913
203.66366366366367,0.3738434731195422
203.74374374374375,0.37144344003822644
203.82382382382383,0.37016419750641444
203.9039039039039,0.36818000178030946
203.983983983984,0.3666058150436307
204.06406406406407,0.3644589375899372
204.14414414414415,0.36318028053513124
204.22422422422423,0.36173808648873584
204.3043043043043,0.3605300596755276
204.3843843843844,0.35905241495586215
204.46446446446447,0.3577741350776473
204.54454454454455,0.3565455981275494
204.62462462462463,0.3561081907745682
204.7047047047047,0.3557182521121715
204.7847847847848,0.355465752890763
204.86486486486487,0.35459713722568603
204.94494494494495,0.35432936512568775
205.02502502502503,0.35368280658392903
205.1051051051051,0.3537162476143906
205.1851851851852,0.35359781243070026
205.26526526526527,0.35384458849824674
205.34534534534535,0.3542448072241291
205.42542542542543,0.3542814044567749
205.5055055055055,0.3548586486010426
205.5855855855856,0.3553494899926208
205.66566566566567,0.3568309021707491
205.74574574574575,0.35744681279009355
205.82582582582583,0.3586415593221646
205.9059059059059,0.3594448624948828
205.985985985986,0.3613791717427988
206.06606606606607,0.3622842483350173
206.14614614614615,0.36420730916647154
206.22622622622623,0.36499673527792886
206.3063063063063,0.367847728733017
206.3863863863864,0.3690666198751045
206.46646646646647,0.37229342809234106
206.54654654654655,0.3733568126791441
206.62662662662663,0.3766861175187474
206.7067067067067,0.3779703637818148
206.7867867867868,0.3806723099177791
206.86686686686687,0.3819536840195157
206.94694694694695,0.3843906379975295
207.02702702702703,0.38653653228018
207.1071071071071,0.3902129674053125
207.1871871871872,0.3927953940709476
207.26726726726727,0.395383206270924
207.34734734734735,0.39758455660022823
207.42742742742743,0.4011441046771097
207.5075075075075,0.40391674308383324
207.5875875875876,0.4067000239839107
207.66766766766767,0.40907464244494496
207.74774774774775,0.4119753798207297
207.82782782782783,0.41439411407733684
207.9079079079079,0.4168756639596414
207.987987987988,0.419708997985382
208.06806806806807,0.4235621601303195
208.14814814814815,0.42723414131746484
208.22822822822823,0.42947343203721317
208.3083083083083,0.431875968706218
208.3883883883884,0.43434337489216046
208.46846846846847,0.43865381161359124
208.54854854854855,0.4408171135785703
208.62862862862863,0.4441103061758652
208.7087087087087,0.445810137350423
208.7887887887888,0.4499486714603706
208.86886886886887,0.4523615454097539
208.94894894894895,0.45553181492982386
209.02902902902903,0.45690168807145576
209.1091091091091,0.46057048166769654
209.1891891891892,0.46297645544685495
209.26926926926927,0.46672270978598485
209.34934934934935,0.46748697783485993
209.42942942942943,0.47136643415655116
209.5095095095095,0.47325097541207056
209.5895895895896,0.4782260222062306
209.66966966966967,0.47943583010715707
209.74974974974975,0.48320021024983845
209.82982982982983,0.48522014609963804
209.9099099099099,0.4900714544749859
209.98998998999,0.49180201219990627
210.07007007007007,0.49509421393610414
210.15015015015015,0.497319349774291
210.23023023023023,0.5026113227568892
210.3103103103103,0.5056726000458092
210.3903903903904,0.5098856121185933
210.47047047047047,0.5116400399022534
210.55055055055055,0.5163596017356757
210.63063063063063,0.5188087088510765
210.7107107107107,0.5232537869320218
210.7907907907908,0.5260966955245415
210.87087087087087,0.5311134522330638
210.95095095095095,0.534359796180173
211.03103103103103,0.5381755220073581
211.11111111111111,0.5415563987848683
211.1911911911912,0.5457189051388736
211.27127127127127,0.5497222680617205
211.35135135135135,0.5529382902879308
211.43143143143143,0.5552245437688124
211.51151151151151,0.5570736160738559
211.5915915915916,0.5594045486946972
211.67167167167167,0.561893539941469
211.75175175175175,0.5642271667206759
211.83183183183183,0.564944082490625
211.91191191191191,0.566042505944216
211.991991991992,0.5654216611560605
212.07207207207207,0.5672125468668758
212.15215215215215,0.5664656728114308
212.23223223223223,0.5673129611125366
212.31231231231232,0.5653052356212717
212.3923923923924,0.564279225766074
212.47247247247248,0.5618634852666248
212.55255255255256,0.5607153314572959
212.63263263263264,0.5580050756931094
212.71271271271272,0.5562178538643263
212.7927927927928,0.5519030912285073
212.87287287287288,0.5487014453197955
212.95295295295296,0.543821438321426
213.03303303303304,0.5409427763009501
213.11311311311312,0.5367378840486211
213.1931931931932,0.5324999449575133
213.27327327327328,0.5274753710120925
213.35335335335336,0.5224227020483089
213.43343343343344,0.516021224535762
213.51351351351352,0.5097516418825535
213.5935935935936,0.5033214904120494
213.67367367367368,0.4991572585467961
213.75375375375376,0.49356036602894104
213.83383383383384,0.4878610658907758
213.91391391391392,0.48136182942660655
213.993993993994,0.47586255891256213
214.07407407407408,0.4706824168042535
214.15415415415416,0.4646147483401029
214.23423423423424,0.45890047838177417
214.31431431431432,0.45366078817001504
214.3943943943944,0.4483947720687971
214.47447447447448,0.4429047846761727
214.55455455455456,0.4368978099890349
214.63463463463464,0.43162293070820007
214.71471471471472,0.4267326119457163
214.7947947947948,0.4216801653855927
214.87487487487488,0.4172443561008253
214.95495495495496,0.4122880781541115
215.03503503503504,0.4085727023083933
215.11511511511512,0.403802393919389
215.1951951951952,0.40009866771630115
215.27527527527528,0.3957310188018073
215.35535535535536,0.3919390843109421
215.43543543543544,0.3877855178854887
215.51551551551552,0.3843864742978272
215.5955955955956,0.3807202709732009
215.67567567567568,0.37820146020835854
215.75575575575576,0.37454682544568635
215.83583583583584,0.3725888576692887
215.91591591591592,0.369073849477475
215.995995995996,0.3673449964769755
216.07607607607608,0.3649660162964838
216.15615615615616,0.36382583451501777
216.23623623623624,0.36193126768173717
216.31631631631632,0.36024495221727554
216.3963963963964,0.35862831301314535
216.47647647647648,0.3573684009648127
216.55655655655656,0.3556771187438836
216.63663663663664,0.35482515216813526
216.71671671671672,0.35318955908151545
216.7967967967968,0.35261796941223045
216.87687687687688,0.3510261543131764
216.95695695695696,0.3503400463700869
217.03703703703704,0.3490893301333974
217.11711711711712,0.3491481741921125
217.1971971971972,0.3492899223488464
217.27727727727728,0.34989015359548215
217.35735735735736,0.34942381363262665
217.43743743743744,0.3502023639180863
217.51751751751752,0.3501191687152741
217.5975975975976,0.35115220537568465
217.67767767767768,0.3503788499591659
217.75775775775776,0.351824373278134
217.83783783783784,0.35223957699874686
217.91791791791792,0.35408920757186535
217.997997997998,0.35467731229600236
218.07807807807808,0.35631955130497067
218.15815815815816,0.35777876804227415
218.23823823823824,0.3596453058397194
218.31831831831832,0.36129456779284724
218.3983983983984,0.3631725583162454
218.47847847847848,0.3648118819873271
218.55855855855856,0.3675064238118582
218.63863863863864,0.36943905178345177
218.71871871871872,0.3720379631215467
218.7987987987988,0.37415689601210417
218.87887887887888,0.3779803596134265
218.95895895895896,0.38133456553621214
219.03903903903904,0.38408571025981847
219.11911911911912,0.38635455584879175
219.1991991991992,0.38911029953955456
219.27927927927928,0.3941030795877896
219.35935935935936,0.39968984991656953
219.43943943943944,0.4037796772629036
219.51951951951952,0.4067304598357697
219.5995995995996,0.40887768659072976
219.67967967967968,0.4121020054644181
219.75975975975976,0.4160120120699817
219.83983983983984,0.4198198861239238
219.91991991991992,0.4259806864052493
220.0,0.4314027356211431
