freq,trans_dB
140.0,-0.30801580240965604
140.08008008008008,-0.22547977290846277
140.16016016016016,-0.19893661195774381
140.24024024024024,-0.13217931662237659
140.32032032032032,-0.10111406571596121
140.4004004004004,-0.009629598283648766
140.48048048048048,-0.011584678393511908
140.56056056056056,0.003010009394919402
140.64064064064064,0.005272053030167758
140.72072072072072,0.023012915655571054
140.8008008008008,0.04836386710254243
140.88088088088088,0.06028951270676233
140.96096096096096,0.04471724405860002
141.04104104104104,0.02811006353658587
141.12112112112112,-0.0033844489793207443
141.2012012012012,-0.019129544465449545
141.28128128128128,-0.06500840716004236
141.36136136136136,-0.10033353693558986
141.44144144144144,-0.12552753317771345
141.52152152152152,-0.18523983000602778
141.6016016016016,-0.2529227850518238
141.68168168168168,-0.3216982982679661
141.76176176176176,-0.36887903935352595
141.84184184184184,-0.44174923827883206
141.92192192192192,-0.5113961918701657
142.002002002002,-0.6042529073138502
142.08208208208208,-0.6814591989593857
142.16216216216216,-0.7511773044616649
142.24224224224224,-0.8358786435281093
142.32232232232232,-0.933102390996789
142.4024024024024,-1.0153761381280961
142.48248248248248,-1.1141565082850011
142.56256256256256,-1.1952294783382142
142.64264264264264,-1.3131521481567905
142.72272272272272,-1.3860887015141383
142.8028028028028,-1.4947725850947762
142.88288288288288,-1.542034299265237
142.96296296296296,-1.6621835722621787
143.04304304304304,-1.7484424479085263
143.12312312312312,-1.8566068602004784
143.2032032032032,-1.9106774934207698
143.28328328328328,-2.044786402348402
143.36336336336336,-2.0992138811518415
143.44344344344344,-2.213676010567123
143.52352352352352,-2.259544225989797
143.6036036036036,-2.3763277211682095
143.68368368368368,-2.4382719085854396
143.76376376376376,-2.5672832653880544
143.84384384384384,-2.6187328022921714
143.92392392392392,-2.7125185550814677
144.004004004004,-2.7853131418182455
144.08408408408408,-2.8514257750749725
144.16416416416416,-2.9146449757331796
144.24424424424424,-2.9861006911171244
144.32432432432432,-3.047728243007304
144.4044044044044,-3.1071910508008362
144.48448448448448,-3.1889233804736916
144.56456456456456,-3.236690136840297
144.64464464464464,-3.2917056463716867
144.72472472472472,-3.3670568103229823
144.8048048048048,-3.4390977237934783
144.88488488488488,-3.436991741805617
144.96496496496496,-3.5222656483305346
145.04504504504504,-3.532908159211782
145.12512512512512,-3.6134978493077106
145.2052052052052,-3.6351279332513595
145.28528528528528,-3.699280224074346
145.36536536536536,-3.697591211509085
145.44544544544544,-3.7623371408939184
145.52552552552552,-3.786946943188076
145.6056056056056,-3.825261349636434
145.68568568568568,-3.838670425252417
145.76576576576576,-3.903539638875399
145.84584584584584,-3.889709628067677
145.92592592592592,-3.92070608775539
146.006006006006,-3.928331817836784
146.08608608608608,-3.9411425869839096
146.16616616616616,-3.9539620103904034
146.24624624624624,-3.9688369831878574
146.32632632632632,-3.960312977258817
146.4064064064064,-3.993818807606849
146.48648648648648,-4.018039805774366
146.56656656656656,-4.003981373714028
146.64664664664664,-3.986431957127842
146.72672672672672,-3.996459722896254
146.8068068068068,-4.005533692368614
146.88688688688688,-3.988148044827023
146.96696696696696,-3.999422413717712
147.04704704704704,-3.95528777762336
147.12712712712712,-3.952346019691806
147.2072072072072,-3.9521871583346058
147.28728728728728,-3.9018527857322263
147.36736736736736,-3.8841648164408173
147.44744744744744,-3.8906614623890867
147.52752752752752,-3.8492759498163016
147.6076076076076,-3.821593487189104
147.68768768768768,-3.777084894765596
147.76776776776777,-3.785477120257144
147.84784784784785,-3.7175329352096513
147.92792792792793,-3.7152502442359454
148.008008008008,-3.6420111398908013
148.08808808808809,-3.589335224948289
148.16816816816817,-3.563816965282393
148.24824824824825,-3.523034830879734
148.32832832832833,-3.465615246377
148.4084084084084,-3.423516887353518
148.48848848848849,-3.3643261043323953
148.56856856856857,-3.296709161258744
148.64864864864865,-3.267165993881452
148.72872872872873,-3.2292917716275946
148.8088088088088,-3.149082144141707
148.88888888888889,-3.0961483797683176
148.96896896896897,-3.009060617838714
149.04904904904905,-2.931560954186191
149.12912912912913,-2.8892915002091732
149.2092092092092,-2.80882198023549
149.2892892892893,-2.745300956256923
149.36936936936937,-2.677278404748828
149.44944944944945,-2.605499160224013
149.52952952952953,-2.509849810120573
149.6096096096096,-2.4461669692572685
149.6896896896897,-2.385011976740581
149.76976976976977,-2.290953418656731
149.84984984984985,-2.218186695310928
149.92992992992993,-2.1324732655293808
150.01001001001,-2.026944069385682
150.0900900900901,-1.9509599352839653
150.17017017017017,-1.8703657447123376
150.25025025025025,-1.7834949907170685
150.33033033033033,-1.688429972833935
150.4104104104104,-1.6067736652566793
150.4904904904905,-1.518189465833863
150.57057057057057,-1.4412677736446988
150.65065065065065,-1.3712109008756166
150.73073073073073,-1.2788698825682863
150.8108108108108,-1.1875468474042807
150.8908908908909,-1.1038383816249944
150.97097097097097,-1.0096483757648627
151.05105105105105,-0.9250990977219579
151.13113113113113,-0.8544159522178119
151.2112112112112,-0.7748783985719888
151.2912912912913,-0.6865805959906556
151.37137137137137,-0.6152806092739035
151.45145145145145,-0.5346510278905543
151.53153153153153,-0.469122952983231
151.6116116116116,-0.4134995281791977
151.6916916916917,-0.34306895494448303
151.77177177177177,-0.279206550039649
151.85185185185185,-0.21840928715673505
151.93193193193193,-0.17047445468851005
152.012012012012,-0.11654992921232785
152.0920920920921,-0.0936426702382242
152.17217217217217,-0.045091643247323024
152.25225225225225,-0.012361719176522155
152.33233233233233,0.01964494493839463
152.4124124124124,0.03037931600696305
152.4924924924925,0.035088173242392724
152.57257257257257,0.04382808736944655
152.65265265265265,0.04562474526016777
152.73273273273273,0.03583611383216252
152.8128128128128,0.0325091413423914
152.8928928928929,0.016001485462456454
152.97297297297297,-0.006758297768350765
153.05305305305305,-0.05158917240896267
153.13313313313313,-0.08371369723135735
153.2132132132132,-0.12587930372860495
153.2932932932933,-0.1669744530693817
153.37337337337337,-0.2213912533099235
153.45345345345345,-0.2811675029230365
153.53353353353353,-0.33082373996239256
153.6136136136136,-0.40331384822866534
153.6936936936937,-0.4727333686274789
153.77377377377377,-0.5492259347466892
153.85385385385385,-0.626280083299124
153.93393393393393,-0.7168001538788701
154.014014014014,-0.7921502823513991
154.0940940940941,-0.8747064467454417
154.17417417417417,-0.9582415128871434
154.25425425425425,-1.0411805193481534
154.33433433433433,-1.123338706130881
154.4144144144144,-1.221575919175287
154.4944944944945,-1.2941943241655793
154.57457457457457,-1.3909575480582608
154.65465465465465,-1.502887478839507
154.73473473473473,-1.575105299615008
154.8148148148148,-1.6587017850828087
154.8948948948949,-1.7550711069754534
154.97497497497497,-1.837378150038178
155.05505505505505,-1.9207666572481534
155.13513513513513,-1.9981313731416146
155.2152152152152,-2.0908526931753357
155.2952952952953,-2.164147358563443
155.37537537537537,-2.2653447338108967
155.45545545545545,-2.3342609632725795
155.53553553553553,-2.3964458883152875
155.6156156156156,-2.4904874611494563
155.6956956956957,-2.5545490143557044
155.77577577577577,-2.614967856350192
155.85585585585585,-2.715239245490183
155.93593593593593,-2.7570228438769635
156.016016016016,-2.8191708941571583
156.0960960960961,-2.8890044649896636
156.17617617617617,-2.949780538420143
156.25625625625625,-2.9987177854402605
156.33633633633633,-3.0748170304171247
156.4164164164164,-3.1332705315328413
156.4964964964965,-3.1626886009010766
156.57657657657657,-3.2278602918270676
156.65665665665665,-3.2809389506000213
156.73673673673673,-3.3077605359514655
156.8168168168168,-3.3707694449469314
156.8968968968969,-3.407203857344116
156.97697697697697,-3.4288661863480714
157.05705705705705,-3.4804991811994586
157.13713713713713,-3.518776167966948
157.2172172172172,-3.5473961059276253
157.2972972972973,-3.589592764622629
157.37737737737737,-3.621526963250934
157.45745745745745,-3.64257570263536
157.53753753753753,-3.671892095995233
157.6176176176176,-3.69567424020419
157.6976976976977,-3.7018572156294605
157.77777777777777,-3.7272970634493627
157.85785785785785,-3.7550476268780892
157.93793793793793,-3.7503793271619177
158.018018018018,-3.7614793348613733
158.0980980980981,-3.776142206490754
158.17817817817817,-3.76102852621148
158.25825825825825,-3.782983737943899
158.33833833833833,-3.797068130724475
158.4184184184184,-3.7807071168887303
158.4984984984985,-3.776727221032237
158.57857857857857,-3.777177551104507
158.65865865865865,-3.77418509534065
158.73873873873873,-3.7466019508131665
158.8188188188188,-3.7590892398755686
158.8988988988989,-3.729816165969201
158.97897897897897,-3.7157739721114944
159.05905905905905,-3.720375423787551
159.13913913913913,-3.6897607696167953
159.2192192192192,-3.6643205908924474
159.2992992992993,-3.6358535993882177
159.37937937937937,-3.6000597686661853
159.45945945945945,-3.5652131962332416
159.53953953953953,-3.547285608072707
159.6196196196196,-3.5203814134440434
159.6996996996997,-3.4799407335098596
159.77977977977977,-3.458219412389125
159.85985985985985,-3.41386117285929
159.93993993993993,-3.3562476842633076
160.02002002002,-3.314860935898179
160.1001001001001,-3.254988762503754
160.18018018018017,-3.223419191905851
160.26026026026025,-3.1798757686202115
160.34034034034033,-3.1342310978634282
160.4204204204204,-3.0746800896254536
160.5005005005005,-3.019873391134486
160.58058058058057,-2.9762250975278417
160.66066066066065,-2.9031328388076987
160.74074074074073,-2.8408860207078828
160.8208208208208,-2.788993305440931
160.9009009009009,-2.7188615833186662
160.98098098098097,-2.6554889166841655
161.06106106106105,-2.592671791497579
161.14114114114113,-2.5238682196094357
161.2212212212212,-2.4356397602645274
161.3013013013013,-2.3744469379485635
161.38138138138137,-2.303608186634132
161.46146146146145,-2.223797468127423
161.54154154154153,-2.1546050034553956
161.6216216216216,-2.077210226363442
161.7017017017017,-1.9993218271382756
161.78178178178177,-1.924752975813194
161.86186186186185,-1.8316203173279988
161.94194194194193,-1.7554995423136082
162.022022022022,-1.6641845624395835
162.1021021021021,-1.5994081287909774
162.18218218218217,-1.5034171168861015
162.26226226226225,-1.4347092470865024
162.34234234234233,-1.3497971867994976
162.42242242242241,-1.267032293924546
162.5025025025025,-1.1807109282168067
162.58258258258257,-1.1037021895839958
162.66266266266265,-1.0166511063917192
162.74274274274273,-0.9433700961811297
162.82282282282281,-0.8579360716096116
162.9029029029029,-0.7812320269422921
162.98298298298297,-0.6995228570336527
163.06306306306305,-0.6317671918862447
163.14314314314313,-0.5448684452008529
163.22322322322321,-0.4831491782089793
163.3033033033033,-0.4116207523638284
163.38338338338338,-0.35802276683992623
163.46346346346346,-0.2883222884920442
163.54354354354354,-0.2411720858828659
163.62362362362362,-0.1880690584908967
163.7037037037037,-0.13539584381151112
163.78378378378378,-0.09491591515501091
163.86386386386386,-0.055931793268548816
163.94394394394394,-0.020003656957402197
164.02402402402402,0.008289149536568213
164.1041041041041,0.026848339666935003
164.18418418418418,0.0504024395841627
164.26426426426426,0.06891176231799094
164.34434434434434,0.07423379775734947
164.42442442442442,0.07750963760786513
164.5045045045045,0.07043704339344181
164.58458458458458,0.054625367150982825
164.66466466466466,0.040249717167346585
164.74474474474474,0.011323797931849029
164.82482482482482,-0.015243078689666694
164.9049049049049,-0.04749586546810891
164.98498498498498,-0.08697919339758542
165.06506506506506,-0.13571097682492259
165.14514514514514,-0.18276954874728513
165.22522522522522,-0.23376532033233713
165.3053053053053,-0.29367334881344037
165.38538538538538,-0.35782951556338677
165.46546546546546,-0.4232118001904458
165.54554554554554,-0.4908050248982954
165.62562562562562,-0.5701863271060397
165.7057057057057,-0.6401664853805265
165.78578578578578,-0.7261673347072862
165.86586586586586,-0.7959577830934099
165.94594594594594,-0.873086727098368
166.02602602602602,-0.9587591504487283
166.1061061061061,-1.041400091978915
166.18618618618618,-1.112598026645869
166.26626626626626,-1.2064976573969646
166.34634634634634,-1.285278411007886
166.42642642642642,-1.3737756898124178
166.5065065065065,-1.455048787371865
166.58658658658658,-1.5446147441196818
166.66666666666666,-1.6069140086550766
166.74674674674674,-1.6948669275444233
166.82682682682682,-1.7688741423328709
166.9069069069069,-1.8505473542990134
166.98698698698698,-1.928314497749464
167.06706706706706,-2.0116373150880236
167.14714714714714,-2.079548249475687
167.22722722722722,-2.1668873224495955
167.3073073073073,-2.2357684699509566
167.38738738738738,-2.3056215073069852
167.46746746746746,-2.366338533241114
167.54754754754754,-2.442239881233426
167.62762762762762,-2.4981312726001175
167.7077077077077,-2.5637728361123657
167.78778778778778,-2.6332998438185196
167.86786786786786,-2.6834867141662615
167.94794794794794,-2.740097315136303
168.02802802802802,-2.7988398452781764
168.1081081081081,-2.8546529725674996
168.18818818818818,-2.9070462184536643
168.26826826826826,-2.960643827554156
168.34834834834834,-2.992830086589265
168.42842842842842,-3.0419325039088756
168.5085085085085,-3.0891910588779767
168.58858858858858,-3.139095880842797
168.66866866866866,-3.167502944720129
168.74874874874874,-3.2284840814928506
168.82882882882882,-3.253232931708734
168.9089089089089,-3.297318286126483
168.98898898898898,-3.316432853671786
169.06906906906906,-3.3556547850035936
169.14914914914914,-3.3672969036816087
169.22922922922922,-3.4081501257853466
169.3093093093093,-3.422560324943374
169.38938938938938,-3.4605437293597214
169.46946946946946,-3.4681374466848287
169.54954954954954,-3.4999947581231274
169.62962962962962,-3.49878637647953
169.7097097097097,-3.539551520389947
169.78978978978978,-3.538194196558077
169.86986986986986,-3.5588172377298073
169.94994994994994,-3.5522887223603363
170.03003003003002,-3.5571583363461
170.1101101101101,-3.553692894166624
170.19019019019018,-3.5536979777276057
170.27027027027026,-3.5517529139959088
170.35035035035034,-3.5501185579487045
170.43043043043042,-3.5420652449797534
170.5105105105105,-3.548074312354922
170.59059059059058,-3.534265846386678
170.67067067067066,-3.5274229241955983
170.75075075075074,-3.5045316561282718
170.83083083083082,-3.480931454304203
170.9109109109109,-3.474243089161542
170.99099099099098,-3.4535438246537518
171.07107107107106,-3.436944371522624
171.15115115115114,-3.407942136379264
171.23123123123122,-3.3920926217080325
171.3113113113113,-3.347291647849968
171.39139139139138,-3.328641028370628
171.47147147147146,-3.2943528973182152
171.55155155155154,-3.2614623232385385
171.63163163163162,-3.2338083706856446
171.7117117117117,-3.1975292150089234
171.79179179179178,-3.144344945972643
171.87187187187186,-3.103577560323657
171.95195195195194,-3.0501949169043012
172.03203203203202,-3.010406615651222
172.11211211211213,-2.9551310525452856
172.19219219219218,-2.9303287120891266
172.2722722722723,-2.8665233827372925
172.35235235235234,-2.8248101560812215
172.43243243243245,-2.7605492731267254
172.5125125125125,-2.7051248138822643
172.5925925925926,-2.6347285149322786
172.67267267267266,-2.579594596166701
172.75275275275277,-2.5144945696594045
172.83283283283282,-2.4508174249121994
172.91291291291293,-2.3840831595322878
172.99299299299298,-2.327436900428206
173.0730730730731,-2.2495448702943
173.15315315315314,-2.1921743634339745
173.23323323323325,-2.118703847051979
173.3133133133133,-2.0480062148987304
173.3933933933934,-1.958613074915258
173.47347347347346,-1.8931965138007643
173.55355355355357,-1.817907927095471
173.63363363363362,-1.7372058404452977
173.71371371371373,-1.6516626744836274
173.79379379379378,-1.5739533988845658
173.8738738738739,-1.4993103000138974
173.95395395395394,-1.4224910616392208
174.03403403403405,-1.3338889134009848
174.1141141141141,-1.25952638936222
174.1941941941942,-1.185458945369324
174.27427427427426,-1.1130978571334245
174.35435435435437,-1.0240443041062286
174.43443443443442,-0.9528142318141459
174.51451451451453,-0.8739210217100782
174.59459459459458,-0.7961289419767693
174.6746746746747,-0.7208017755754977
174.75475475475474,-0.648371820523428
174.83483483483485,-0.5884035763210123
174.9149149149149,-0.5217519082495649
174.994994994995,-0.45658231289450696
175.07507507507506,-0.38782651116659933
175.15515515515517,-0.3311181255517694
175.23523523523522,-0.2696275340292368
175.31531531531533,-0.21105507190669684
175.39539539539538,-0.16382241734975522
175.4754754754755,-0.12940103872024036
175.55555555555554,-0.08904200880270441
175.63563563563565,-0.053268030183303866
175.7157157157157,-0.019292053867277326
175.7957957957958,0.006601803715108894
175.87587587587586,0.03887923723936082
175.95595595595597,0.05480677243116279
176.03603603603602,0.07396922602845393
176.11611611611613,0.07114176258249691
176.19619619619618,0.06677331282454797
176.2762762762763,0.06365104507961176
176.35635635635634,0.06164617585889676
176.43643643643645,0.030994722269580506
176.5165165165165,0.0053759365700338
176.5965965965966,-0.013711893732478856
176.67667667667666,-0.03779837581325157
176.75675675675677,-0.07614530206380177
176.83683683683682,-0.11825502582699035
176.91691691691693,-0.17099315868910606
176.99699699699698,-0.21542990421086916
177.0770770770771,-0.27191717016940664
177.15715715715714,-0.3320803872877218
177.23723723723725,-0.3875958677699921
177.3173173173173,-0.44390153291080864
177.3973973973974,-0.5174614980050476
177.47747747747746,-0.5831391880758205
177.55755755755757,-0.6538238345915491
177.63763763763762,-0.7281187473555046
177.71771771771773,-0.8011397768818053
177.79779779779778,-0.8742053998475805
177.8778778778779,-0.9548220075394579
177.95795795795794,-1.0305307151746657
178.03803803803805,-1.1009555694765947
178.1181181181181,-1.1843486201280589
178.1981981981982,-1.2563413746710117
178.27827827827826,-1.326057404569399
178.35835835835837,-1.409214188081427
178.43843843843842,-1.4782880901832354
178.51851851851853,-1.5462385576576931
178.59859859859858,-1.6242328073643046
178.6786786786787,-1.6986674117498426
178.75875875875874,-1.7722230235635639
178.83883883883885,-1.8463597089617496
178.9189189189189,-1.9189199999806212
178.998998998999,-1.98616486842846
179.07907907907907,-2.0535861319439674
179.15915915915917,-2.117653603191375
179.23923923923923,-2.1808802828832836
179.31931931931933,-2.2491965747650715
179.39939939939939,-2.306533051597543
179.4794794794795,-2.3641123297169635
179.55955955955955,-2.4394822249314996
179.63963963963965,-2.5037794528849524
179.7197197197197,-2.550813049938056
179.7997997997998,-2.5934061871239384
179.87987987987987,-2.6449869250068776
179.95995995995997,-2.697103963074811
180.04004004004003,-2.746310218137901
180.12012012012013,-2.7982009643859818
180.2002002002002,-2.8449285323982236
180.2802802802803,-2.8883861478780375
180.36036036036035,-2.9357077151370903
180.44044044044045,-2.970317868269653
180.5205205205205,-3.0088237201692887
180.60060060060061,-3.0514570090813757
180.68068068068067,-3.0843164993086765
180.76076076076077,-3.114497269655529
180.84084084084083,-3.1424320529908343
180.92092092092093,-3.1689682221357254
181.001001001001,-3.190125902333643
181.0810810810811,-3.2236314940492297
181.16116116116115,-3.2483991223621307
181.24124124124126,-3.265700059197639
181.3213213213213,-3.2827869377066436
181.40140140140142,-3.2974918713372317
181.48148148148147,-3.3211947088629654
181.56156156156158,-3.3347516342328736
181.64164164164163,-3.3477152029018464
181.72172172172174,-3.354223020987678
181.8018018018018,-3.3567983351255677
181.8818818818819,-3.3655894914892217
181.96196196196195,-3.372813244756935
182.04204204204206,-3.3829308301126164
182.1221221221221,-3.3775453968490563
182.20220220220222,-3.368101965549492
182.28228228228227,-3.3565406957217903
182.36236236236238,-3.3529814139835845
182.44244244244243,-3.3549021062037467
182.52252252252254,-3.3443482680715397
182.6026026026026,-3.3277048142129235
182.6826826826827,-3.3194721940575134
182.76276276276275,-3.304633154938758
182.84284284284286,-3.2808176604629167
182.9229229229229,-3.2605945505658918
183.00300300300302,-3.240043246133673
183.08308308308307,-3.209168625010032
183.16316316316318,-3.182503029517074
183.24324324324323,-3.151828018191027
183.32332332332334,-3.1249463788101957
183.4034034034034,-3.0970715792493606
183.4834834834835,-3.052842815120249
183.56356356356355,-3.014991980916061
183.64364364364366,-2.975013913169071
183.7237237237237,-2.942045903027425
183.80380380380382,-2.9010463725150055
183.88388388388387,-2.8550525050727855
183.96396396396398,-2.815623180271893
184.04404404404403,-2.7645966798041863
184.12412412412414,-2.7084320629393117
184.2042042042042,-2.6556870298827966
184.2842842842843,-2.6002377609930107
184.36436436436435,-2.5494413944940777
184.44444444444446,-2.495740887867767
184.5245245245245,-2.4351810672414453
184.60460460460462,-2.370602011317408
184.68468468468467,-2.3160198774356813
184.76476476476478,-2.248255909769275
184.84484484484483,-2.1764925444044407
184.92492492492494,-2.1193653324167774
185.005005005005,-2.0566756138478515
185.0850850850851,-1.987425118725531
185.16516516516515,-1.91870812592386
185.24524524524526,-1.8370183754456786
185.3253253253253,-1.7612706008334216
185.40540540540542,-1.6859974667503697
185.48548548548547,-1.6203822863055957
185.56556556556558,-1.5470320261987778
185.64564564564563,-1.4685253109744552
185.72572572572574,-1.3941380997642085
185.8058058058058,-1.316595335630686
185.8858858858859,-1.245487655514011
185.96596596596595,-1.1685661062400259
186.04604604604606,-1.0963423299156008
186.1261261261261,-1.0269101040584991
186.20620620620622,-0.958762818522137
186.28628628628627,-0.8844972561030626
186.36636636636638,-0.811018807610821
186.44644644644643,-0.73577966295274
186.52652652652654,-0.6620376353064595
186.6066066066066,-0.600829211573946
186.6866866866867,-0.5373131621134596
186.76676676676675,-0.4767354059856585
186.84684684684686,-0.42156806015064185
186.9269269269269,-0.3593785519785094
187.00700700700702,-0.3062430885702248
187.08708708708707,-0.2589374892441512
187.16716716716718,-0.20314601686955616
187.24724724724723,-0.1563742295097792
187.32732732732734,-0.12977686180559933
187.4074074074074,-0.08977328963523137
187.4874874874875,-0.06393577465068624
187.56756756756755,-0.042864799449197015
187.64764764764766,-0.009389823047437417
187.7277277277277,0.01374174883580378
187.80780780780782,0.02341995603060676
187.88788788788787,0.036522234321105
187.96796796796798,0.03802152145263056
188.04804804804803,0.023488854396494507
188.12812812812814,0.017607322579420312
188.2082082082082,0.010923185661032987
188.2882882882883,-0.005685928827235636
188.36836836836835,-0.019512032915684145
188.44844844844846,-0.04270708227759726
188.5285285285285,-0.08313475082746863
188.60860860860862,-0.11959573324943412
188.68868868868867,-0.15168011015958696
188.76876876876878,-0.20414355214603946
188.84884884884883,-0.2464347056853562
188.92892892892894,-0.29076928275504044
189.009009009009,-0.35270644640874393
189.0890890890891,-0.41099462015537325
189.16916916916915,-0.4573097979420684
189.24924924924926,-0.5282114069004777
189.3293293293293,-0.5894100035199584
189.40940940940942,-0.6456318810108411
189.48948948948947,-0.7218914576568722
189.56956956956958,-0.7763928686666844
189.64964964964963,-0.8409105824960789
189.72972972972974,-0.9200407495671972
189.8098098098098,-0.9932080915607053
189.8898898898899,-1.0560598077669725
189.96996996996995,-1.129702132519832
190.05005005005006,-1.200410377815298
190.1301301301301,-1.2659185543715943
190.21021021021022,-1.343673921393892
190.29029029029027,-1.4099773503015995
190.37037037037038,-1.475337917779312
190.45045045045043,-1.5577473619205482
190.53053053053054,-1.6223840559359632
190.6106106106106,-1.6832798611424915
190.6906906906907,-1.7513161567043976
190.77077077077075,-1.8178309118793954
190.85085085085086,-1.877490844059797
190.9309309309309,-1.941058919245534
191.01101101101102,-2.0043166194209014
191.09109109109107,-2.0665308768874784
191.17117117117118,-2.134898646252756
191.25125125125123,-2.192628488811902
191.33133133133134,-2.2326359691787303
191.41141141141142,-2.289928766917776
191.4914914914915,-2.3508780695145863
191.57157157157158,-2.40160166360224
191.65165165165166,-2.4609331655901414
191.73173173173174,-2.5102446117293318
191.81181181181182,-2.5523772999715577
191.8918918918919,-2.596959344289555
191.97197197197198,-2.6418427898812014
192.05205205205206,-2.673059328418744
192.13213213213214,-2.7305233661979678
192.21221221221222,-2.779380617615472
192.2922922922923,-2.810504530545999
192.37237237237238,-2.8498909927785427
192.45245245245246,-2.88610723789669
192.53253253253254,-2.9117759496427356
192.61261261261262,-2.9582324245470755
192.6926926926927,-2.9795392146312
192.77277277277278,-3.004083999547309
192.85285285285286,-3.033547692244654
192.93293293293294,-3.0656207371310877
193.01301301301302,-3.074783686870749
193.0930930930931,-3.0981939552041653
193.17317317317318,-3.126127105749163
193.25325325325326,-3.1419403443090546
193.33333333333334,-3.1514287516460566
193.41341341341342,-3.1657506718252004
193.4934934934935,-3.172180084569153
193.57357357357358,-3.1868217085340538
193.65365365365366,-3.2012357295537455
193.73373373373374,-3.2043321594086653
193.81381381381382,-3.209877855194137
193.8938938938939,-3.2188513513132464
193.97397397397398,-3.2142765865617724
194.05405405405406,-3.199742397219355
194.13413413413414,-3.203710925079227
194.21421421421422,-3.197292365098135
194.2942942942943,-3.1891954159208264
194.37437437437438,-3.173903901646976
194.45445445445446,-3.1597651227863714
194.53453453453454,-3.148310470693603
194.61461461461462,-3.137928337912658
194.6946946946947,-3.1003893175934945
194.77477477477478,-3.0846823292342855
194.85485485485486,-3.0700342081505276
194.93493493493494,-3.0507168340104203
195.01501501501502,-3.0212599083508263
195.0950950950951,-2.99096179593162
195.17517517517518,-2.950361743892603
195.25525525525526,-2.92115104804895
195.33533533533534,-2.893556815051795
195.41541541541542,-2.8562376706820136
195.4954954954955,-2.815770656348234
195.57557557557558,-2.7992287379776695
195.65565565565566,-2.7555755490426783
195.73573573573574,-2.705543058496517
195.81581581581582,-2.6589106084566962
195.8958958958959,-2.6112973514102724
195.97597597597598,-2.5696947861056376
196.05605605605606,-2.5145169669976566
196.13613613613614,-2.4654462139429536
196.21621621621622,-2.4150971646962183
196.2962962962963,-2.370284873272096
196.37637637637638,-2.304749479749891
196.45645645645646,-2.2466355073599193
196.53653653653654,-2.1860241469918003
196.61661661661662,-2.131355957545737
196.6966966966967,-2.066098299277562
196.77677677677679,-2.001972313406616
196.85685685685687,-1.9340015320709067
196.93693693693695,-1.879860103555697
197.01701701701703,-1.8089635791899803
197.0970970970971,-1.7439432540776079
197.17717717717719,-1.6775636082236394
197.25725725725727,-1.6157740718943747
197.33733733733735,-1.5430781601724546
197.41741741741743,-1.4592656682462102
197.4974974974975,-1.394409863351725
197.57757757757759,-1.3268501834325515
197.65765765765767,-1.2600772393039803
197.73773773773775,-1.1973226177501288
197.81781781781783,-1.1231319807826512
197.8978978978979,-1.044485820550252
197.977977977978,-0.9800041786902615
198.05805805805807,-0.9122158701543065
198.13813813813815,-0.8383480125318706
198.21821821821823,-0.7792941325113698
198.2982982982983,-0.7102335885962301
198.3783783783784,-0.6454163685543812
198.45845845845847,-0.5900297436355572
198.53853853853855,-0.5247189346506416
198.61861861861863,-0.47284932182592065
198.6986986986987,-0.41967885171574953
198.7787787787788,-0.3624147607984271
198.85885885885887,-0.3101396004140821
198.93893893893895,-0.273744651228591
199.01901901901903,-0.23082337324891586
199.0990990990991,-0.18101830670574073
199.1791791791792,-0.1560811100443806
199.25925925925927,-0.12120183057094519
199.33933933933935,-0.09070280511562397
199.41941941941943,-0.06684728853122476
199.4994994994995,-0.041436797331374675
199.5795795795796,-0.02330571423386001
199.65965965965967,-0.022593511810598058
199.73973973973975,-0.018768629480597664
199.81981981981983,-0.008856690102785801
199.8998998998999,-0.009959001361638612
199.97997997998,-0.021686193497563518
200.06006006006007,-0.027509148756339155
200.14014014014015,-0.04185225311815139
200.22022022022023,-0.07985345041050158
200.3003003003003,-0.09287091232160956
200.3803803803804,-0.12622071018590753
200.46046046046047,-0.15590932459873771
200.54054054054055,-0.18062883673353375
200.62062062062063,-0.21811545999030663
200.7007007007007,-0.2707719928116388
200.7807807807808,-0.3079774551649784
200.86086086086087,-0.3618552378639356
200.94094094094095,-0.4110332596828147
201.02102102102103,-0.4640018550405773
201.1011011011011,-0.521203006664261
201.1811811811812,-0.5780175597669828
201.26126126126127,-0.6371266497511464
201.34134134134135,-0.698201753523394
201.42142142142143,-0.7684949052063649
201.5015015015015,-0.821750241261599
201.5815815815816,-0.8821156755482148
201.66166166166167,-0.9564938771329143
201.74174174174175,-1.0123682857291048
201.82182182182183,-1.089975254683312
201.9019019019019,-1.149593755752477
201.981981981982,-1.2224900113603498
202.06206206206207,-1.27574087273774
202.14214214214215,-1.343235047269416
202.22222222222223,-1.3982470341875939
202.3023023023023,-1.4767152911268913
202.3823823823824,-1.544967296744384
202.46246246246247,-1.5995671419589452
202.54254254254255,-1.664679450008838
202.62262262262263,-1.724374442100825
202.7027027027027,-1.7962610319481367
202.7827827827828,-1.8648003167160427
202.86286286286287,-1.9285048671688472
202.94294294294295,-1.9840800343387504
203.02302302302303,-2.041222038267572
203.1031031031031,-2.0973259843865213
203.1831831831832,-2.165971898175485
203.26326326326327,-2.2072073829224563
203.34334334334335,-2.2623022516322213
203.42342342342343,-2.3196804726763505
203.5035035035035,-2.367799154511719
203.5835835835836,-2.4350075307799495
203.66366366366367,-2.472793026915651
203.74374374374375,-2.5333494665875373
203.82382382382383,-2.5807225251127845
203.9039039039039,-2.6193420358631156
203.983983983984,-2.657488229958537
204.06406406406407,-2.699636512709384
204.14414414414415,-2.7569591046199426
204.22422422422423,-2.7865989602610695
204.3043043043043,-2.8161884223177887
204.3843843843844,-2.858374892218027
204.46446446446447,-2.873544411850628
204.54454454454455,-2.9288126384942545
204.62462462462463,-2.947911120681745
204.7047047047047,-2.9719794107391975
204.7847847847848,-2.997504559396508
204.86486486486487,-3.0300774791476015
204.94494494494495,-3.041041953644067
205.02502502502503,-3.0561820140661067
205.1051051051051,-3.0881648511603013
205.1851851851852,-3.1008871510707303
205.26526526526527,-3.116499180698868
205.34534534534535,-3.1260240149753455
205.42542542542543,-3.1432689587739513
205.5055055055055,-3.1526171050387344
205.5855855855856,-3.1662207385565244
205.66566566566567,-3.1558299665942418
205.74574574574575,-3.182711848578638
205.82582582582583,-3.1627903617871835
205.9059059059059,-3.181869092528114
205.985985985986,-3.160533235978615
206.06606606606607,-3.1902756686787708
206.14614614614615,-3.15740944365481
206.22622622622623,-3.161120641600353
206.3063063063063,-3.1309355662307627
206.3863863863864,-3.136941432113268
206.46646646646647,-3.1125298767333964
206.54654654654655,-3.1081950471381683
206.62662662662663,-3.077140117215776
206.7067067067067,-3.086159092294151
206.7867867867868,-3.029257294928243
206.86686686686687,-3.0238058808201087
206.94694694694695,-2.9879262470883345
207.02702702702703,-2.9744366788987526
207.1071071071071,-2.9136055475379496
207.1871871871872,-2.9041160367968177
207.26726726726727,-2.8748262464667627
207.34734734734735,-2.8349593883840467
207.42742742742743,-2.793611633824727
207.5075075075075,-2.7526453654615533
207.5875875875876,-2.716901187525053
207.66766766766767,-2.684056722753581
207.74774774774775,-2.630797033089822
207.82782782782783,-2.5730255077648767
207.9079079079079,-2.539545555536262
207.987987987988,-2.4817607914764914
208.06806806806807,-2.4286634069350765
208.14814814814815,-2.3638595130122293
208.22822822822823,-2.335755004500758
208.3083083083083,-2.236871436516426
208.3883883883884,-2.220814623396861
208.46846846846847,-2.1249899555533
208.54854854854855,-2.09576979182955
208.62862862862863,-2.0162909645434013
208.7087087087087,-1.9905891974434426
208.7887887887888,-1.8839404735630545
208.86886886886887,-1.8504300237155256
208.94894894894895,-1.7637287649316757
209.02902902902903,-1.720681060950967
209.1091091091091,-1.6223878468824675
209.1891891891892,-1.5851628377633404
209.26926926926927,-1.4702956438387949
209.34934934934935,-1.46584197960349
209.42942942942943,-1.335313736497832
209.5095095095095,-1.3087581146267708
209.5895895895896,-1.196138302928106
209.66966966966967,-1.1838956655320443
209.74974974974975,-1.0540273720895057
209.82982982982983,-1.0278908592627354
209.9099099099099,-0.9162432885735856
209.98998998999,-0.8963060267279115
210.07007007007007,-0.7876073364593745
210.15015015015015,-0.7588525836946343
210.23023023023023,-0.6517256995308516
210.3103103103103,-0.6363477401289265
210.3903903903904,-0.5504015208352201
210.47047047047047,-0.513737545505155
210.55055055055055,-0.42662346287821623
210.63063063063063,-0.413540117165384
210.7107107107107,-0.3443634354826378
210.7907907907908,-0.3210363022384594
210.87087087087087,-0.25804057561813115
210.95095095095095,-0.2362242544345826
211.03103103103103,-0.18500654328419372
211.11111111111111,-0.16733345349270162
211.1911911911912,-0.11283825877106662
211.27127127127127,-0.092815780138549
211.35135135135135,-0.07722849122599693
211.43143143143143,-0.07158181227407018
211.51151151151151,-0.04533207207985154
211.5915915915916,-0.03879322297588168
211.67167167167167,-0.03370158053709936
211.75175175175175,-0.04859790198773485
211.83183183183183,-0.05064329974061349
211.91191191191191,-0.03430071335706229
211.991991991992,-0.07819413924459129
212.07207207207207,-0.08627806226237152
212.15215215215215,-0.12584174053600594
212.23223223223223,-0.13388579275536064
212.31231231231232,-0.17671628729048272
212.3923923923924,-0.19812650217155192
212.47247247247248,-0.25108531956169616
212.55255255255256,-0.27209533193833085
212.63263263263264,-0.32448546260478434
212.71271271271272,-0.3625319452079675
212.7927927927928,-0.43147098776428416
212.87287287287288,-0.46879738881082605
212.95295295295296,-0.5140033828000055
213.03303303303304,-0.564288162478369
213.11311311311312,-0.6246478969580419
213.1931931931932,-0.6838395466402606
213.27327327327328,-0.7483889266750545
213.35335335335336,-0.8173651208529193
213.43343343343344,-0.8738387418706074
213.51351351351352,-0.9328025752498711
213.5935935935936,-0.9953166532101523
213.67367367367368,-1.03890887773226
213.75375375375376,-1.1124295367911243
213.83383383383384,-1.1980066031630563
213.91391391391392,-1.239678452025026
213.993993993994,-1.3001262082365528
214.07407407407408,-1.373818693305372
214.15415415415416,-1.434344968673243
214.23423423423424,-1.5113837165845732
214.31431431431432,-1.553027856221119
214.3943943943944,-1.621508328256301
214.47447447447448,-1.6868567475470884
214.55455455455456,-1.7699867778227243
214.63463463463464,-1.8140432732508824
214.71471471471472,-1.8605264994352921
214.7947947947948,-1.943960082583886
214.87487487487488,-2.001627556541185
214.95495495495496,-2.038308984404624
215.03503503503504,-2.1191739127385745
215.11511511511512,-2.170570864449477
215.1951951951952,-2.210931484329525
215.27527527527528,-2.2766079881526218
215.35535535535536,-2.3260349544399026
215.43543543543544,-2.382864105024931
215.51551551551552,-2.4345569050019615
215.5955955955956,-2.487603929308536
215.67567567567568,-2.5143341607042577
215.75575575575576,-2.588294919443719
215.83583583583584,-2.604244088180902
215.91591591591592,-2.6449111504025664
215.995995995996,-2.695847297560335
216.07607607607608,-2.7315326173608807
216.15615615615616,-2.7524019032759353
216.23623623623624,-2.826347714795917
216.31631631631632,-2.828560737336718
216.3963963963964,-2.8661043430018216
216.47647647647648,-2.8932843897600895
216.55655655655656,-2.951840232269247
216.63663663663664,-2.9436219141865156
216.71671671671672,-3.0052884682020844
216.7967967967968,-3.015672304720221
216.87687687687688,-3.0330170584645613
216.95695695695696,-3.070549278983484
217.03703703703704,-3.0804199194895894
217.11711711711712,-3.0559951271482815
217.1971971971972,-3.1037231108460897
217.27727727727728,-3.112840336354254
217.35735735735736,-3.1126503468353706
217.43743743743744,-3.103929560757313
217.51751751751752,-3.1383765104448096
217.5975975975976,-3.1209703171152876
217.67767767767768,-3.14118849364884
217.75775775775776,-3.13139174518988
217.83783783783784,-3.118226166120218
217.91791791791792,-3.1205764153991398
217.997997997998,-3.1312168805327287
218.07807807807808,-3.1015670783088405
218.15815815815816,-3.10243048727857
218.23823823823824,-3.0733262210927985
218.31831831831832,-3.0608180923340953
218.3983983983984,-3.0455534102501813
218.47847847847848,-3.056015390242894
218.55855855855856,-2.990371344246107
218.63863863863864,-3.008465058322542
218.71871871871872,-2.9815380266419735
218.7987987987988,-2.9345249101309623
218.87887887887888,-2.8904281584488385
218.95895895895896,-2.8962752632176834
219.03903903903904,-2.867456936383982
219.11911911911912,-2.836725319944274
219.1991991991992,-2.7881450118199207
219.27927927927928,-2.6976188335536833
219.35935935935936,-2.6804866223582353
219.43943943943944,-2.6925379626882227
219.51951951951952,-2.612242485911562
219.5995995995996,-2.623751149624181
219.67967967967968,-2.535555015745855
219.75975975975976,-2.512444343354987
219.83983983983984,-2.4343415178268364
219.91991991991992,-2.4001389898937644
220.0,-2.3024903964243
