freq,trans_dB
140.0,-2.998195001394656
140.08008008008008,-2.955442364299361
140.16016016016016,-2.926635302675786
140.24024024024024,-2.866407360194977
140.32032032032032,-2.8140414715045328
140.4004004004004,-2.7419889697462034
140.48048048048048,-2.6812357687728956
140.56056056056056,-2.622461945034711
140.64064064064064,-2.5708806635477575
140.72072072072072,-2.5136128517887912
140.8008008008008,-2.444122024215029
140.88088088088088,-2.3839432181737563
140.96096096096096,-2.316306998675253
141.04104104104104,-2.2587915086718873
141.12112112112112,-2.1949306693005273
141.2012012012012,-2.1356810472189967
141.28128128128128,-2.0741123634455367
141.36136136136136,-2.0156067621432423
141.44144144144144,-1.9478294376844654
141.52152152152152,-1.8859182724474397
141.6016016016016,-1.817931969590861
141.68168168168168,-1.7674772027650765
141.76176176176176,-1.7046059684322017
141.84184184184184,-1.6565201480939182
141.92192192192192,-1.5916930671584855
142.002002002002,-1.545480443160238
142.08208208208208,-1.4865385229787207
142.16216216216216,-1.4472995081892395
142.24224224224224,-1.391344896547324
142.32232232232232,-1.3530189828422117
142.4024024024024,-1.2977704555569358
142.48248248248248,-1.265979013292439
142.56256256256256,-1.219087231929766
142.64264264264264,-1.19681283599258
142.72272272272272,-1.1550423643277032
142.8028028028028,-1.1399359754509197
142.88288288288288,-1.090954221584546
142.96296296296296,-1.0721484926378857
143.04304304304304,-1.0298775957513435
143.12312312312312,-1.032064298480205
143.2032032032032,-1.004374149848619
143.28328328328328,-1.005671703672313
143.36336336336336,-0.9795739569165212
143.44344344344344,-0.9913610138051132
143.52352352352352,-0.9814261278927477
143.6036036036036,-0.9927424103216226
143.68368368368368,-0.9873241603455617
143.76376376376376,-1.0100064609900306
143.84384384384384,-1.0241571836589085
143.92392392392392,-1.0486163948646121
144.004004004004,-1.0597699853361469
144.08408408408408,-1.0838705328118758
144.16416416416416,-1.1086052869127918
144.24424424424424,-1.1389001023451513
144.32432432432432,-1.1719093741636173
144.4044044044044,-1.2040640226813653
144.48448448448448,-1.249871933853249
144.56456456456456,-1.2877458473913101
144.64464464464464,-1.341113713240202
144.72472472472472,-1.3812352175417955
144.8048048048048,-1.441544015093337
144.88488488488488,-1.4768989984504926
144.96496496496496,-1.5349179728116042
145.04504504504504,-1.572673952683701
145.12512512512512,-1.6413762163530075
145.2052052052052,-1.6887602291861237
145.28528528528528,-1.7583787746143162
145.36536536536536,-1.8050556963758273
145.44544544544544,-1.870783973346362
145.52552552552552,-1.92006568036452
145.6056056056056,-1.9925397108610556
145.68568568568568,-2.0489637127234404
145.76576576576576,-2.124061467611176
145.84584584584584,-2.177094016531942
145.92592592592592,-2.2447737809945365
146.006006006006,-2.2980793922290443
146.08608608608608,-2.361663689925166
146.16616616616616,-2.4140679702965397
146.24624624624624,-2.4750801611227518
146.32632632632632,-2.5301819615863907
146.4064064064064,-2.592936093712745
146.48648648648648,-2.6533466002852517
146.56656656656656,-2.7217292643645883
146.64664664664664,-2.781457922058031
146.72672672672672,-2.837670206840017
146.8068068068068,-2.8913816095200784
146.88688688688688,-2.9449163430974705
146.96696696696696,-3.0023188717418465
147.04704704704704,-3.057294328279213
147.12712712712712,-3.1113216095522502
147.2072072072072,-3.161156655957799
147.28728728728728,-3.2085376021687586
147.36736736736736,-3.250681963743151
147.44744744744744,-3.298777846244682
147.52752752752752,-3.344377396343294
147.6076076076076,-3.3956632589570868
147.68768768768768,-3.4321969187035988
147.76776776776777,-3.4812462754357125
147.84784784784785,-3.5181772069907695
147.92792792792793,-3.5653480201886985
148.008008008008,-3.6003909137019683
148.08808808808809,-3.641811182859541
148.16816816816817,-3.672008458117754
148.24824824824825,-3.70440513724573
148.32832832832833,-3.731899492865115
148.4084084084084,-3.7651431038480694
148.48848848848849,-3.79293159948879
148.56856856856857,-3.820483341898157
148.64864864864865,-3.8425332927270563
148.72872872872873,-3.8746302155196424
148.8088088088088,-3.9034901952111616
148.88888888888889,-3.9283327017781313
148.96896896896897,-3.9464405434725327
149.04904904904905,-3.9563279183373106
149.12912912912913,-3.972284263061706
149.2092092092092,-3.9812904345195244
149.2892892892893,-4.001647157078803
149.36936936936937,-4.014095022918364
149.44944944944945,-4.033292800224153
149.52952952952953,-4.043664323731948
149.6096096096096,-4.051228544575658
149.6896896896897,-4.059485262825635
149.76976976976977,-4.075807482655545
149.84984984984985,-4.087092908808753
149.92992992992993,-4.096356617878033
150.01001001001,-4.087778921823588
150.0900900900901,-4.081781730765232
150.17017017017017,-4.067660662958676
150.25025025025025,-4.066381659051439
150.33033033033033,-4.06573166066439
150.4104104104104,-4.059904936569021
150.4904904904905,-4.051050656069461
150.57057057057057,-4.040688558511662
150.65065065065065,-4.033971829339814
150.73073073073073,-4.029699259312558
150.8108108108108,-4.017584131573907
150.8908908908909,-4.007396828368536
150.97097097097097,-3.9848425120281887
151.05105105105105,-3.962014692496068
151.13113113113113,-3.9323189698339815
151.2112112112112,-3.909966459403999
151.2912912912913,-3.8861029556997106
151.37137137137137,-3.862935227405138
151.45145145145145,-3.8359681300333084
151.53153153153153,-3.8075966344590766
151.6116116116116,-3.781724868852825
151.6916916916917,-3.7617751774666903
151.77177177177177,-3.733394948058169
151.85185185185185,-3.696478587089434
151.93193193193193,-3.650374938056622
152.012012012012,-3.604866375936917
152.0920920920921,-3.567137465236192
152.17217217217217,-3.529351952288258
152.25225225225225,-3.497123508686798
152.33233233233233,-3.451724668841942
152.4124124124124,-3.4076238665345118
152.4924924924925,-3.353953239263578
152.57257257257257,-3.3091358007019402
152.65265265265265,-3.26186750286789
152.73273273273273,-3.217883074544215
152.8128128128128,-3.1654449638058413
152.8928928928929,-3.1117020720859125
152.97297297297297,-3.0533512666788787
153.05305305305305,-3.001476507338811
153.13313313313313,-2.947360511567669
153.2132132132132,-2.8979770298651255
153.2932932932933,-2.8398550754698375
153.37337337337337,-2.7823307855429675
153.45345345345345,-2.715811499411149
153.53353353353353,-2.655887055098127
153.6136136136136,-2.5981010405171023
153.6936936936937,-2.5484762084558845
153.77377377377377,-2.4930906973643423
153.85385385385385,-2.4331431374481736
153.93393393393393,-2.3701029569684406
154.014014014014,-2.3067252934332934
154.0940940940941,-2.245904834998926
154.17417417417417,-2.185452774095145
154.25425425425425,-2.127616234911802
154.33433433433433,-2.068480408314061
154.4144144144144,-2.010709947229318
154.4944944944945,-1.9516560510248189
154.57457457457457,-1.8955441227587206
154.65465465465465,-1.8411119508178269
154.73473473473473,-1.7878452646491094
154.8148148148148,-1.7340517398970365
154.8948948948949,-1.6831748633978107
154.97497497497497,-1.6347610378967912
155.05505505505505,-1.5843385522796876
155.13513513513513,-1.5331472438799647
155.2152152152152,-1.482544261561223
155.2952952952953,-1.4353669266686715
155.37537537537537,-1.3946489939880409
155.45545545545545,-1.3586674880775325
155.53553553553553,-1.3223269686763606
155.6156156156156,-1.285328128835454
155.6956956956957,-1.2469115346198048
155.77577577577577,-1.2153700329075174
155.85585585585585,-1.188248881516231
155.93593593593593,-1.1600874184989922
156.016016016016,-1.1317830590144375
156.0960960960961,-1.1088432655980194
156.17617617617617,-1.0927915480795907
156.25625625625625,-1.0786379975068578
156.33633633633633,-1.066560983537755
156.4164164164164,-1.0594578394881877
156.4964964964965,-1.0559428693187762
156.57657657657657,-1.0552116539392338
156.65665665665665,-1.0569951722855147
156.73673673673673,-1.0593859252600144
156.8168168168168,-1.067655394693181
156.8968968968969,-1.0800762848242687
156.97697697697697,-1.096437806392621
157.05705705705705,-1.1136769096659744
157.13713713713713,-1.1343810900974982
157.2172172172172,-1.1588549790150349
157.2972972972973,-1.1884527456711473
157.37737737737737,-1.2168804137627067
157.45745745745745,-1.254302045586697
157.53753753753753,-1.2864151865022968
157.6176176176176,-1.3258908480859082
157.6976976976977,-1.359830934532098
157.77777777777777,-1.4002271372331763
157.85785785785785,-1.4377012164641014
157.93793793793793,-1.481458184054215
158.018018018018,-1.5258692133507805
158.0980980980981,-1.5732846651175625
158.17817817817817,-1.6226496539240491
158.25825825825825,-1.6741403719325358
158.33833833833833,-1.729442971583228
158.4184184184184,-1.7826833357277665
158.4984984984985,-1.8379537368391339
158.57857857857857,-1.889640723823405
158.65865865865865,-1.947626847750326
158.73873873873873,-2.0006457962626305
158.8188188188188,-2.061363908802896
158.8988988988989,-2.1207827275636544
158.97897897897897,-2.1841325763184014
159.05905905905905,-2.2392625570056004
159.13913913913913,-2.2964093420507594
159.2192192192192,-2.354389395743713
159.2992992992993,-2.4170246296795574
159.37937937937937,-2.473582200387033
159.45945945945945,-2.5284333742807075
159.53953953953953,-2.5784835091987364
159.6196196196196,-2.633476664615945
159.6996996996997,-2.6849158004256855
159.77977977977977,-2.737715196547151
159.85985985985985,-2.7915274911474253
159.93993993993993,-2.8446005602250484
160.02002002002,-2.900573485571505
160.1001001001001,-2.9509573649860865
160.18018018018017,-3.0049479303497724
160.26026026026025,-3.050700721447134
160.34034034034033,-3.09879025381306
160.4204204204204,-3.14498163952105
160.5005005005005,-3.195382573281959
160.58058058058057,-3.2421367002299464
160.66066066066065,-3.2908353158126373
160.74074074074073,-3.337515027105963
160.8208208208208,-3.390113121391224
160.9009009009009,-3.4300446341763977
160.98098098098097,-3.4662661153035863
161.06106106106105,-3.4975935586941085
161.14114114114113,-3.5371122652903533
161.2212212212212,-3.5762014283982024
161.3013013013013,-3.6119323779278476
161.38138138138137,-3.64608093642541
161.46146146146145,-3.677826881811184
161.54154154154153,-3.7076646445352686
161.6216216216216,-3.737301992762363
161.7017017017017,-3.7662460552137094
161.78178178178177,-3.7982852204998534
161.86186186186185,-3.822123137894059
161.94194194194193,-3.8497796663996824
162.022022022022,-3.8709189221645577
162.1021021021021,-3.895967687678611
162.18218218218217,-3.918630870442239
162.26226226226225,-3.9420144736154032
162.34234234234233,-3.96456112953568
162.42242242242241,-3.9824495571785943
162.5025025025025,-3.994887902248808
162.58258258258257,-4.00405392731849
162.66266266266265,-4.012693870746892
162.74274274274273,-4.027089630270575
162.82282282282281,-4.039292130483005
162.9029029029029,-4.047798040974583
162.98298298298297,-4.047993816351187
163.06306306306305,-4.045331096495188
163.14314314314313,-4.041729670067541
163.22322322322321,-4.0365758149342685
163.3033033033033,-4.034075068658383
163.38338338338338,-4.031343496401626
163.46346346346346,-4.034392163899824
163.54354354354354,-4.031017480713489
163.62362362362362,-4.031105613720031
163.7037037037037,-4.019953996225687
163.78378378378378,-4.010831439216346
163.86386386386386,-3.9890153259492562
163.94394394394394,-3.974788949720062
164.02402402402402,-3.9523673963504344
164.1041041041041,-3.93712818944719
164.18418418418418,-3.9127158422975916
164.26426426426426,-3.8961105471459296
164.34434434434434,-3.8668002837340745
164.42442442442442,-3.8475362046773514
164.5045045045045,-3.8164658536562315
164.58458458458458,-3.7924801284992466
164.66466466466466,-3.751080929894471
164.74474474474474,-3.718964200219025
164.82482482482482,-3.6765459969670196
164.9049049049049,-3.643499804502535
164.98498498498498,-3.60387852334867
165.06506506506506,-3.5751091397779415
165.14514514514514,-3.5392502954824883
165.22522522522522,-3.5025076803688884
165.3053053053053,-3.4567332179275128
165.38538538538538,-3.4215992317772606
165.46546546546546,-3.3796765445669683
165.54554554554554,-3.3390449160669307
165.62562562562562,-3.289005468219629
165.7057057057057,-3.2454781494582545
165.78578578578578,-3.1993268275990863
165.86586586586586,-3.1500022180281766
165.94594594594594,-3.1019004699922075
166.02602602602602,-3.0547777404092984
166.1061061061061,-3.0102239415150005
166.18618618618618,-2.9594114082489074
166.26626626626626,-2.907390767706779
166.34634634634634,-2.854855623663834
166.42642642642642,-2.8079497031785663
166.5065065065065,-2.754696170900837
166.58658658658658,-2.7046729951587087
166.66666666666666,-2.6475925663809834
166.74674674674674,-2.596430969530245
166.82682682682682,-2.538066891750461
166.9069069069069,-2.4946562502831373
166.98698698698698,-2.4415372485518048
167.06706706706706,-2.396310664581409
167.14714714714714,-2.3340915317923194
167.22722722722722,-2.2830967344788022
167.3073073073073,-2.22265075184121
167.38738738738738,-2.1752972829566724
167.46746746746746,-2.1153807687959296
167.54754754754754,-2.067880729179945
167.62762762762762,-2.011200606853919
167.7077077077077,-1.9647967908821626
167.78778778778778,-1.906188959888771
167.86786786786786,-1.858418289856488
167.94794794794794,-1.8027642777459507
168.02802802802802,-1.7589297133141966
168.1081081081081,-1.7071973464037802
168.18818818818818,-1.665008891291288
168.26826826826826,-1.6136479607244847
168.34834834834834,-1.5736714228983173
168.42842842842842,-1.5298235247152394
168.5085085085085,-1.4948255966117698
168.58858858858858,-1.4538276314282084
168.66866866866866,-1.4190984255859682
168.74874874874874,-1.3814171117537475
168.82882882882882,-1.3512647307112835
168.9089089089089,-1.3193328790483791
168.98898898898898,-1.291521922787421
169.06906906906906,-1.2696952596178799
169.14914914914914,-1.2503765941039817
169.22922922922922,-1.233103247414257
169.3093093093093,-1.2125960674430636
169.38938938938938,-1.2022710338092888
169.46946946946946,-1.1908246715432294
169.54954954954954,-1.1833216974719925
169.62962962962962,-1.1712769835724508
169.7097097097097,-1.1703358792670562
169.78978978978978,-1.1694898003732612
169.86986986986986,-1.1769825826326994
169.94994994994994,-1.1772331894334829
170.03003003003002,-1.1889439100109014
170.1101101101101,-1.201464329026482
170.19019019019018,-1.2236817565586233
170.27027027027026,-1.2396146585521381
170.35035035035034,-1.2627606541044054
170.43043043043042,-1.2813159929579403
170.5105105105105,-1.3082237044204565
170.59059059059058,-1.3330334312698073
170.67067067067066,-1.3666874939658105
170.75075075075074,-1.3988502166879646
170.83083083083082,-1.4365302943363694
170.9109109109109,-1.4733265784143434
170.99099099099098,-1.5139373095950832
171.07107107107106,-1.5526075410206628
171.15115115115114,-1.5947413234504868
171.23123123123122,-1.6377491350115947
171.3113113113113,-1.6832519164615976
171.39139139139138,-1.7283503566438654
171.47147147147146,-1.7753398233486584
171.55155155155154,-1.8247793201510298
171.63163163163162,-1.8783655948878881
171.7117117117117,-1.9298368388735814
171.79179179179178,-1.9831882359825936
171.87187187187186,-2.0387576495110418
171.95195195195194,-2.094713267182573
172.03203203203202,-2.147970101888086
172.11211211211213,-2.1990942120769534
172.19219219219218,-2.2529814476637533
172.2722722722723,-2.3061700000083394
172.35235235235234,-2.3592306030749994
172.43243243243245,-2.411282204274179
172.5125125125125,-2.471042951385935
172.5925925925926,-2.530321049532384
172.67267267267266,-2.583670216754035
172.75275275275277,-2.6306104406086455
172.83283283283282,-2.679322418727609
172.91291291291293,-2.732334840997689
172.99299299299298,-2.787981007820108
173.0730730730731,-2.8434133508775488
173.15315315315314,-2.897830186897709
173.23323323323325,-2.9478557824691554
173.3133133133133,-2.996362404502546
173.3933933933934,-3.0449513884969535
173.47347347347346,-3.0964582914890815
173.55355355355357,-3.145813713085347
173.63363363363362,-3.189578856085532
173.71371371371373,-3.2266528357099595
173.79379379379378,-3.265425558767702
173.8738738738739,-3.3091453322573914
173.95395395395394,-3.3520284620238177
174.03403403403405,-3.3893360485176816
174.1141141141141,-3.4233417452294463
174.1941941941942,-3.45992822098157
174.27427427427426,-3.4966458434571304
174.35435435435437,-3.5328280008332595
174.43443443443442,-3.5703066525205442
174.51451451451453,-3.606660136954193
174.59459459459458,-3.6395252702276357
174.6746746746747,-3.66217123357251
174.75475475475474,-3.6846550224970485
174.83483483483485,-3.7112153058774866
174.9149149149149,-3.7448605098134866
174.994994994995,-3.775937744737254
175.07507507507506,-3.8003399093887884
175.15515515515517,-3.8210144453659383
175.23523523523522,-3.8373223634242835
175.31531531531533,-3.855885708131347
175.39539539539538,-3.875093184320865
175.4754754754755,-3.892650591687291
175.55555555555554,-3.904390572533537
175.63563563563565,-3.910999601068239
175.7157157157157,-3.919360543711282
175.7957957957958,-3.932633816160466
175.87587587587586,-3.94633738921208
175.95595595595597,-3.9573718045919706
176.03603603603602,-3.957474785107642
176.11611611611613,-3.9539964585989584
176.19619619619618,-3.9484114117422644
176.2762762762763,-3.945252262002688
176.35635635635634,-3.9405516907137774
176.43643643643645,-3.9328946537411245
176.5165165165165,-3.926537557251955
176.5965965965966,-3.9217199046976052
176.67667667667666,-3.9142559357700226
176.75675675675677,-3.905436478068102
176.83683683683682,-3.8958475389648024
176.91691691691693,-3.885701767320189
176.99699699699698,-3.869518724066032
177.0770770770771,-3.851138201332787
177.15715715715714,-3.8311975561462526
177.23723723723725,-3.810609984292093
177.3173173173173,-3.7908220976646194
177.3973973973974,-3.769473029401582
177.47747747747746,-3.747846831912029
177.55755755755757,-3.727346050505822
177.63763763763762,-3.7066246481738845
177.71771771771773,-3.6854476286624633
177.79779779779778,-3.6608705809829023
177.8778778778779,-3.6336822396736284
177.95795795795794,-3.6040868196041447
178.03803803803805,-3.571830853126487
178.1181181181181,-3.5394475885940837
178.1981981981982,-3.506342704921567
178.27827827827826,-3.4754597542067667
178.35835835835837,-3.442685903016515
178.43843843843842,-3.408925073259305
178.51851851851853,-3.373609623286877
178.59859859859858,-3.3385642802479847
178.6786786786787,-3.3036266817292663
178.75875875875874,-3.269625724888705
178.83883883883885,-3.2327900152473297
178.9189189189189,-3.190881092117343
178.998998998999,-3.1460400675124327
179.07907907907907,-3.103473936862594
179.15915915915917,-3.06147511980105
179.23923923923923,-3.0196191153741587
179.31931931931933,-2.976170807370589
179.39939939939939,-2.93024729870048
179.4794794794795,-2.8845540072280587
179.55955955955955,-2.8388374015450637
179.63963963963965,-2.7919320329309403
179.7197197197197,-2.7410322737056347
179.7997997997998,-2.686444553783544
179.87987987987987,-2.634383299751111
179.95995995995997,-2.5843885735969025
180.04004004004003,-2.5371960798362254
180.12012012012013,-2.4860597746920168
180.2002002002002,-2.4345743922298984
180.2802802802803,-2.382209738796311
180.36036036036035,-2.3299364753970377
180.44044044044045,-2.2790571941527302
180.5205205205205,-2.2300087307233114
180.60060060060061,-2.1813572960754404
180.68068068068067,-2.1304753406961154
180.76076076076077,-2.078877366796672
180.84084084084083,-2.029047316563218
180.92092092092093,-1.9787036098900836
181.001001001001,-1.930245507467901
181.0810810810811,-1.8814655236317919
181.16116116116115,-1.8342988578145756
181.24124124124126,-1.7881826901295288
181.3213213213213,-1.7425365246256375
181.40140140140142,-1.6982740869339905
181.48148148148147,-1.656321133661115
181.56156156156158,-1.614400645619796
181.64164164164163,-1.5731291401325571
181.72172172172174,-1.5346843524299554
181.8018018018018,-1.499970499412178
181.8818818818819,-1.4676175305503287
181.96196196196195,-1.4388056344929865
182.04204204204206,-1.414203198336622
182.1221221221221,-1.3896483869714538
182.20220220220222,-1.3630696504971294
182.28228228228227,-1.3364809189172153
182.36236236236238,-1.3148068569375215
182.44244244244243,-1.2976694892422973
182.52252252252254,-1.2822761088078898
182.6026026026026,-1.2678781342582108
182.6826826826827,-1.2590293409121371
182.76276276276275,-1.2541962649699783
182.84284284284286,-1.2510084909858272
182.9229229229229,-1.2477070858617212
183.00300300300302,-1.2482518372619886
183.08308308308307,-1.2511367597713332
183.16316316316318,-1.2574356005497345
183.24324324324323,-1.2656294663458059
183.32332332332334,-1.2794229415505045
183.4034034034034,-1.2966135176189868
183.4834834834835,-1.3164954220296943
183.56356356356355,-1.3351220515016258
183.64364364364366,-1.3553321623595407
183.7237237237237,-1.3791417209439585
183.80380380380382,-1.4066441896129434
183.88388388388387,-1.436832595512309
183.96396396396398,-1.4719820735022227
184.04404404404403,-1.5094452454897516
184.12412412412414,-1.5479939794467863
184.2042042042042,-1.5858899161528308
184.2842842842843,-1.6250582519402033
184.36436436436435,-1.666984107572371
184.44444444444446,-1.7096751329824669
184.5245245245245,-1.7548412657983006
184.60460460460462,-1.7976957358973045
184.68468468468467,-1.8412141119327166
184.76476476476478,-1.8843353391056992
184.84484484484483,-1.931694741466092
184.92492492492494,-1.9811160087832023
185.005005005005,-2.0312338890371127
185.0850850850851,-2.080896003695332
185.16516516516515,-2.1312857170881205
185.24524524524526,-2.1828716113414655
185.3253253253253,-2.2354108846682803
185.40540540540542,-2.2842916466445518
185.48548548548547,-2.335703531440075
185.56556556556558,-2.3858610642540463
185.64564564564563,-2.4379994806716847
185.72572572572574,-2.487374892640599
185.8058058058058,-2.5377547243921064
185.8858858858859,-2.589195970539823
185.96596596596595,-2.640807107586227
186.04604604604606,-2.6914826800167853
186.1261261261261,-2.7405094742649596
186.20620620620622,-2.7907229724931715
186.28628628628627,-2.8406872673639176
186.36636636636638,-2.8876553013221216
186.44644644644643,-2.932989804087294
186.52652652652654,-2.977390422899004
186.6066066066066,-3.022448988267034
186.6866866866867,-3.066943421872949
186.76676676676675,-3.1125718200218584
186.84684684684686,-3.1566487612800356
186.9269269269269,-3.1960420566235443
187.00700700700702,-3.2346314313679385
187.08708708708707,-3.2739837708238597
187.16716716716718,-3.3135933315546695
187.24724724724723,-3.348642163217309
187.32732732732734,-3.381099278979782
187.4074074074074,-3.4148480032277915
187.4874874874875,-3.448804214751241
187.56756756756755,-3.479040887986629
187.64764764764766,-3.5076483746702305
187.7277277277277,-3.5370142195606364
187.80780780780782,-3.5663263909201834
187.88788788788787,-3.59301302779114
187.96796796796798,-3.618831296612299
188.04804804804803,-3.646014829362463
188.12812812812814,-3.670802932054098
188.2082082082082,-3.69039122408456
188.2882882882883,-3.7031905787544233
188.36836836836835,-3.717527348284227
188.44844844844846,-3.732270907040521
188.5285285285285,-3.7485647014652757
188.60860860860862,-3.763679417535957
188.68868868868867,-3.77717138129944
188.76876876876878,-3.788286079929603
188.84884884884883,-3.7942552195286745
188.92892892892894,-3.804459199964463
189.009009009009,-3.816483393356739
189.0890890890891,-3.828299830828673
189.16916916916915,-3.8358810671507753
189.24924924924926,-3.8409908687692544
189.3293293293293,-3.841823691338766
189.40940940940942,-3.839718629941721
189.48948948948947,-3.836695615257586
189.56956956956958,-3.835446336426578
189.64964964964963,-3.8338175749922434
189.72972972972974,-3.8334471763790012
189.8098098098098,-3.830381123729223
189.8898898898899,-3.8276604739067923
189.96996996996995,-3.8245376084572915
190.05005005005006,-3.8196313110665057
190.1301301301301,-3.814171674005909
190.21021021021022,-3.8074874872054316
190.29029029029027,-3.7980302794972616
190.37037037037038,-3.787777815303874
190.45045045045043,-3.7757919111425937
190.53053053053054,-3.7617243289433415
190.6106106106106,-3.741522352915421
190.6906906906907,-3.7217422676160052
190.77077077077075,-3.7032255871268767
190.85085085085086,-3.686953594009068
190.9309309309309,-3.666597944872787
191.01101101101102,-3.641541317121126
191.09109109109107,-3.6142007057798513
191.17117117117118,-3.585944386042905
191.25125125125123,-3.559096986358895
191.33133133133134,-3.5289632904494703
191.41141141141142,-3.496896485007306
191.4914914914915,-3.462207027123519
191.57157157157158,-3.427238070031261
191.65165165165166,-3.394552806486518
191.73173173173174,-3.3648042708147097
191.81181181181182,-3.332996272842932
191.8918918918919,-3.2985811959034264
191.97197197197198,-3.2582960505267295
192.05205205205206,-3.2170542726196816
192.13213213213214,-3.178629209411669
192.21221221221222,-3.143774380044755
192.2922922922923,-3.107826072507462
192.37237237237238,-3.0673751990316838
192.45245245245246,-3.0241578946372947
192.53253253253254,-2.979304181502728
192.61261261261262,-2.936549663580527
192.6926926926927,-2.8909197307157877
192.77277277277278,-2.843937239808913
192.85285285285286,-2.794235951231151
192.93293293293294,-2.7466013194153085
193.01301301301302,-2.697919716305533
193.0930930930931,-2.650279893706768
193.17317317317318,-2.603332752859053
193.25325325325326,-2.553966235308416
193.33333333333334,-2.501372305136914
193.41341341341342,-2.4470395177602877
193.4934934934935,-2.3971166700970787
193.57357357357358,-2.348080884011629
193.65365365365366,-2.3022481258935694
193.73373373373374,-2.252793732845126
193.81381381381382,-2.204190706858354
193.8938938938939,-2.152162959783106
193.97397397397398,-2.101302252329625
194.05405405405406,-2.048641340224718
194.13413413413414,-2.0027443322591685
194.21421421421422,-1.9551746614191023
194.2942942942943,-1.909667687330485
194.37437437437438,-1.86064041974072
194.45445445445446,-1.8159963251075362
194.53453453453454,-1.7708455028453474
194.61461461461462,-1.7298082084894897
194.6946946946947,-1.6863309898563348
194.77477477477478,-1.6464477885923579
194.85485485485486,-1.6071489455443912
194.93493493493494,-1.5720704195993662
195.01501501501502,-1.5367960721611362
195.0950950950951,-1.503086851252367
195.17517517517518,-1.469217555771853
195.25525525525526,-1.4396200132867534
195.33533533533534,-1.4138523513541492
195.41541541541542,-1.3932412716869818
195.4954954954955,-1.3753504699883836
195.57557557557558,-1.360002779127379
195.65565565565566,-1.3462765658618483
195.73573573573574,-1.3318053805997445
195.81581581581582,-1.3221626153069475
195.8958958958959,-1.315159702358161
195.97597597597598,-1.3125083149449366
196.05605605605606,-1.3079293222066681
196.13613613613614,-1.3068307170184505
196.21621621621622,-1.3063939101989928
196.2962962962963,-1.3121804124119048
196.37637637637638,-1.3171121287559076
196.45645645645646,-1.3287169568559487
196.53653653653654,-1.3367719267013487
196.61661661661662,-1.351887607091188
196.6966966966967,-1.3649943536827285
196.77677677677679,-1.3846100204494254
196.85685685685687,-1.4063101507614353
196.93693693693695,-1.4343291574514812
197.01701701701703,-1.4620557293174368
197.0970970970971,-1.4911445285055274
197.17717717717719,-1.5186855832796655
197.25725725725727,-1.549643889430798
197.33733733733735,-1.5818475260356797
197.41741741741743,-1.6186173523330771
197.4974974974975,-1.6552431428520271
197.57757757757759,-1.6928326817020583
197.65765765765767,-1.7314111806556858
197.73773773773775,-1.7707340263267382
197.81781781781783,-1.8137103814051552
197.8978978978979,-1.855173720613521
197.977977977978,-1.9003948452072055
198.05805805805807,-1.9477673369014281
198.13813813813815,-1.997793930476129
198.21821821821823,-2.047373809931838
198.2982982982983,-2.0898731743778627
198.3783783783784,-2.1353881485415265
198.45845845845847,-2.177470588438386
198.53853853853855,-2.2257326592651157
198.61861861861863,-2.2744940084115517
198.6986986986987,-2.3224600325357985
198.7787787787788,-2.37016583118458
198.85885885885887,-2.4182814395690126
198.93893893893895,-2.4715448280103556
199.01901901901903,-2.521979276946601
199.0990990990991,-2.562336010159351
199.1791791791792,-2.605914089869448
199.25925925925927,-2.651158661920809
199.33933933933935,-2.7063271310268138
199.41941941941943,-2.7535834159412245
199.4994994994995,-2.799738940430615
199.5795795795796,-2.841851382596977
199.65965965965967,-2.888046626115546
199.73973973973975,-2.9290812523611254
199.81981981981983,-2.9741672225971727
199.8998998998999,-3.0157725569557337
199.97997997998,-3.0617104268624766
200.06006006006007,-3.0965861269217547
200.14014014014015,-3.1325353671291127
200.22022022022023,-3.1707326819066557
200.3003003003003,-3.215700924342565
200.3803803803804,-3.2593971823590335
200.46046046046047,-3.2938616566779864
200.54054054054055,-3.321181019534781
200.62062062062063,-3.347080553950125
200.7007007007007,-3.376208951268667
200.7807807807808,-3.411792650536872
200.86086086086087,-3.4463052068093667
200.94094094094095,-3.479280281822561
201.02102102102103,-3.5084341627935123
201.1011011011011,-3.5344625424557474
201.1811811811812,-3.5619982178979743
201.26126126126127,-3.590792251214583
201.34134134134135,-3.620640779702008
201.42142142142143,-3.6484957313341173
201.5015015015015,-3.6727766322160895
201.5815815815816,-3.6943433111206523
201.66166166166167,-3.7118779284778642
201.74174174174175,-3.728687145632979
201.82182182182183,-3.75010009003832
201.9019019019019,-3.766362817550005
201.981981981982,-3.77909596218778
202.06206206206207,-3.7868350179235075
202.14214214214215,-3.807336746704319
202.22222222222223,-3.820014018106406
202.3023023023023,-3.84105921141549
202.3823823823824,-3.84133212515507
202.46246246246247,-3.8477630209198836
202.54254254254255,-3.8420882984148856
202.62262262262263,-3.845653707758534
202.7027027027027,-3.8508185932706853
202.7827827827828,-3.8607015341694733
202.86286286286287,-3.86649615560058
202.94294294294295,-3.865697370587393
203.02302302302303,-3.85715687529189
203.1031031031031,-3.851537208746672
203.1831831831832,-3.847525397092712
203.26326326326327,-3.846036729150116
203.34334334334335,-3.843675862236955
203.42342342342343,-3.837577723987296
203.5035035035035,-3.8261817397771996
203.5835835835836,-3.814032787413839
203.66366366366367,-3.7992866628203785
203.74374374374375,-3.7894167925655693
203.82382382382383,-3.7743073208039135
203.9039039039039,-3.760185669140457
203.983983983984,-3.7377392662662823
204.06406406406407,-3.715549665610662
204.14414414414415,-3.692999356635744
204.22422422422423,-3.6683962453788426
204.3043043043043,-3.6465523617755724
204.3843843843844,-3.6209042509931777
204.46446446446447,-3.596352023593841
204.54454454454455,-3.571806852688126
204.62462462462463,-3.541535272815392
204.7047047047047,-3.5062505107672584
204.7847847847848,-3.4680895585887113
204.86486486486487,-3.440602723893838
204.94494494494495,-3.410269087066011
205.02502502502503,-3.3809886548124015
205.1051051051051,-3.3436451036564523
205.1851851851852,-3.3067941870447335
205.26526526526527,-3.269663331044727
205.34534534534535,-3.226028170679413
205.42542542542543,-3.1844554030960146
205.5055055055055,-3.1347007999637304
205.5855855855856,-3.097724964607666
205.66566566566567,-3.0535491554116727
205.74574574574575,-3.017847474957184
205.82582582582583,-2.9677990713248796
205.9059059059059,-2.9295752208912758
205.985985985986,-2.873946920724649
206.06606606606607,-2.836826707098322
206.14614614614615,-2.782359911431924
206.22622622622623,-2.747041513010378
206.3063063063063,-2.687350142133578
206.3863863863864,-2.647249840136387
206.46646646646647,-2.5873222941086955
206.54654654654655,-2.549957148832631
206.62662662662663,-2.490656016525849
206.7067067067067,-2.452561264017836
206.7867867867868,-2.4010211263356287
206.86686686686687,-2.3684335747152705
206.94694694694695,-2.3181036717553813
207.02702702702703,-2.274170558794542
207.1071071071071,-2.211059238764297
207.1871871871872,-2.167024662033797
207.26726726726727,-2.1119964521211303
207.34734734734735,-2.0753674572989342
207.42742742742743,-2.018518238447223
207.5075075075075,-1.9794960306133835
207.5875875875876,-1.930274010110772
207.66766766766767,-1.898647994806229
207.74774774774775,-1.8515321066905992
207.82782782782783,-1.8151550663532636
207.9079079079079,-1.7693231487925103
207.987987987988,-1.7348531869492074
208.06806806806807,-1.6914987364720606
208.14814814814815,-1.6541674903360875
208.22822822822823,-1.6174458161508927
208.3083083083083,-1.5877766994776605
208.3883883883884,-1.5532399716102536
208.46846846846847,-1.524570030537832
208.54854854854855,-1.5023843010650209
208.62862862862863,-1.4861593858605744
208.7087087087087,-1.4700112070198665
208.7887887887888,-1.4502462863776995
208.86886886886887,-1.4356429580905608
208.94894894894895,-1.4164100048632933
209.02902902902903,-1.404945890263285
209.1091091091091,-1.3869776371514584
209.1891891891892,-1.3789239915302314
209.26926926926927,-1.3677476089910876
209.34934934934935,-1.3712280021305852
209.42942942942943,-1.3667514355002908
209.5095095095095,-1.3742791687420035
209.5895895895896,-1.3718873877904485
209.66966966966967,-1.383220318152464
209.74974974974975,-1.3877172691416002
209.82982982982983,-1.4061701676175218
209.9099099099099,-1.4138089295162544
209.98998998999,-1.4365021568569922
210.07007007007007,-1.4489754973509192
210.15015015015015,-1.4753271402844104
210.23023023023023,-1.493754894220206
210.3103103103103,-1.5238915111407543
210.3903903903904,-1.5451513056346848
210.47047047047047,-1.5775537272641846
210.55055055055055,-1.6038712616214514
210.63063063063063,-1.6451736886368176
210.7107107107107,-1.6811932672457142
210.7907907907908,-1.725124955225243
210.87087087087087,-1.7598893692418665
210.95095095095095,-1.8004508651891
211.03103103103103,-1.832223555830611
211.11111111111111,-1.8703058011061031
211.1911911911912,-1.9062673926705274
211.27127127127127,-1.9510665108255034
211.35135135135135,-1.9954426567025971
211.43143143143143,-2.0447142180572366
211.51151151151151,-2.0908629741344273
211.5915915915916,-2.1342286916953417
211.67167167167167,-2.1759902497084345
211.75175175175175,-2.2191795918082002
211.83183183183183,-2.263075013188355
211.91191191191191,-2.3034080717325756
211.991991991992,-2.3539073637100856
212.07207207207207,-2.3985028052294073
212.15215215215215,-2.4484967490637737
212.23223223223223,-2.481419106249718
212.31231231231232,-2.5268648122483564
212.3923923923924,-2.5675014209826337
212.47247247247248,-2.6249198179506736
212.55255255255256,-2.674766606360437
212.63263263263264,-2.7302284234321217
212.71271271271272,-2.76854985702925
212.7927927927928,-2.819518740473373
212.87287287287288,-2.8591065738941155
212.95295295295296,-2.9051153253273485
213.03303303303304,-2.9389718037041392
213.11311311311312,-2.985730950489226
213.1931931931932,-3.0383039173118886
213.27327327327328,-3.093815317010018
213.35335335335336,-3.136519673844202
213.43343343343344,-3.175275595767571
213.51351351351352,-3.2118972162331034
213.5935935935936,-3.251926856616159
213.67367367367368,-3.285197194258294
213.75375375375376,-3.3319233854999863
213.83383383383384,-3.377112374240049
213.91391391391392,-3.420253317814609
213.993993993994,-3.44849971378807
214.07407407407408,-3.4690710540257843
214.15415415415416,-3.5011169759026934
214.23423423423424,-3.5338952376095225
214.31431431431432,-3.5726511942954104
214.3943943943944,-3.6068470516725757
214.47447447447448,-3.631423419701875
214.55455455455456,-3.6572553075748355
214.63463463463464,-3.675491229583471
214.71471471471472,-3.6978320674259333
214.7947947947948,-3.7229409945203096
214.87487487487488,-3.7459189171912883
214.95495495495496,-3.7705157379984007
215.03503503503504,-3.7821073513569683
215.11511511511512,-3.8034079596928003
215.1951951951952,-3.8178288161751968
215.27527527527528,-3.8407143908410344
215.35535535535536,-3.8514718502444185
215.43543543543544,-3.8658996553354217
215.51551551551552,-3.8747799645260104
215.5955955955956,-3.8929228995724716
215.67567567567568,-3.9020651699350464
215.75575575575576,-3.9170420164175956
215.83583583583584,-3.9188715888554024
215.91591591591592,-3.9272178850318173
215.995995995996,-3.9247566862496317
216.07607607607608,-3.92888930186733
216.15615615615616,-3.929230943266291
216.23623623623624,-3.939593596913946
216.31631631631632,-3.9390418707316086
216.3963963963964,-3.9364024758797753
216.47647647647648,-3.920960345063266
216.55655655655656,-3.9234280701941238
216.63663663663664,-3.91701251744721
216.71671671671672,-3.923147974562144
216.7967967967968,-3.9085995189883063
216.87687687687688,-3.893834123912564
216.95695695695696,-3.86862570806846
217.03703703703704,-3.853924058709516
217.11711711711712,-3.839995751475346
217.1971971971972,-3.829325027139746
217.27727727727728,-3.8128352567046964
217.35735735735736,-3.7958411516019557
217.43743743743744,-3.76756785758578
217.51751751751752,-3.7479588506463863
217.5975975975976,-3.7136775272357316
217.67767767767768,-3.695283283583139
217.75775775775776,-3.6641320858769153
217.83783783783784,-3.64288568064477
217.91791791791792,-3.6112253655370763
217.997997997998,-3.5857178602977635
218.07807807807808,-3.5536681686349336
218.15815815815816,-3.5158258557535516
218.23823823823824,-3.4749601761991435
218.31831831831832,-3.43202855687218
218.3983983983984,-3.3966298513343127
218.47847847847848,-3.3648132949495344
218.55855855855856,-3.3268270310371166
218.63863863863864,-3.291918020784004
218.71871871871872,-3.2433679050234754
218.7987987987988,-3.201882530498668
218.87887887887888,-3.1508032837102666
218.95895895895896,-3.11102599560439
219.03903903903904,-3.0692528165248687
219.11911911911912,-3.0275389132805604
219.1991991991992,-2.981339187978334
219.27927927927928,-2.9270432929653074
219.35935935935936,-2.8839584592415313
219.43943943943944,-2.8349664782614648
219.51951951951952,-2.7942941815795757
219.5995995995996,-2.7449264401223297
219.67967967967968,-2.692738585972323
219.75975975975976,-2.651507122888902
219.83983983983984,-2.599431807986858
219.91991991991992,-2.560986430658006
220.0,-2.506424758331539
