freq,trans
140.0,0.7419540693884956
140.08008008008008,0.7491005486886352
140.16016016016016,0.7538244687861483
140.24024024024024,0.7654219489372277
140.32032032032032,0.7744189393776988
140.4004004004004,0.7862618159811295
140.48048048048048,0.7941141551345956
140.56056056056056,0.8020419301135261
140.64064064064064,0.8047781992456133
140.72072072072072,0.8084971345857804
140.8008008008008,0.811628784604794
140.88088088088088,0.8150491372860009
140.96096096096096,0.8159454167921388
141.04104104104104,0.8152584353446138
141.12112112112112,0.8124149343120097
141.2012012012012,0.8100666661497375
141.28128128128128,0.8045905753673362
141.36136136136136,0.7978722036916246
141.44144144144144,0.7901554911682129
141.52152152152152,0.7832178180589918
141.6016016016016,0.7746906912498963
141.68168168168168,0.7638518851351371
141.76176176176176,0.7530145769326767
141.84184184184184,0.7411308264952305
141.92192192192192,0.7301300214113071
142.002002002002,0.7158986244965908
142.08208208208208,0.7030128983542957
142.16216216216216,0.6891286619070445
142.24224224224224,0.6765138222054072
142.32232232232232,0.6621729643195167
142.4024024024024,0.6478261218639864
142.48248248248248,0.6327982534188684
142.56256256256256,0.6194793244525054
142.64264264264264,0.6041098718974713
142.72272272272272,0.5904056116576626
142.8028028028028,0.5750725653466227
142.88288288288288,0.5635868310195072
142.96296296296296,0.5499399177866691
143.04304304304304,0.538237577677777
143.12312312312312,0.5238282829101294
143.2032032032032,0.5128248113432868
143.28328328328328,0.5003612392179024
143.36336336336336,0.4900972361810153
143.44344344344344,0.4775456437508332
143.52352352352352,0.46800386582449816
143.6036036036036,0.45713788955146906
143.68368368368368,0.4481448397071977
143.76376376376376,0.43696513684187294
143.84384384384384,0.4275431712798831
143.92392392392392,0.41739755184450833
144.004004004004,0.40911347909198437
144.08408408408408,0.40095323053342335
144.16416416416416,0.3939641594705147
144.24424424424424,0.38724165583460357
144.32432432432432,0.38024306340311953
144.4044044044044,0.3735439791966708
144.48448448448448,0.3665561131058244
144.56456456456456,0.3608915226355851
144.64464464464464,0.35519685765690695
144.72472472472472,0.3499873726912766
144.8048048048048,0.3438776107371831
144.88488488488488,0.3397139362768161
144.96496496496496,0.3352739899845521
145.04504504504504,0.33285666763003047
145.12512512512512,0.32806202225215675
145.2052052052052,0.3249611122385248
145.28528528528528,0.3205346325104617
145.36536536536536,0.31851122111705643
145.44544544544544,0.3150645639020391
145.52552552552552,0.31271673373213854
145.6056056056056,0.309208695227618
145.68568568568568,0.3075168802906072
145.76576576576576,0.3045477136466623
145.84584584584584,0.3030336545484199
145.92592592592592,0.3012595663330941
146.006006006006,0.30105440318859006
146.08608608608608,0.29997906044038136
146.16616616616616,0.2990439731040338
146.24624624624624,0.29810099731451434
146.32632632632632,0.29784500164721944
146.4064064064064,0.29712833399739164
146.48648648648648,0.2961350306865251
146.56656656656656,0.295355221104619
146.64664664664664,0.2957173580525348
146.72672672672672,0.29669376723268875
146.8068068068068,0.2967300063760466
146.88688688688688,0.2970376184429506
146.96696696696696,0.29689451411371565
147.04704704704704,0.2982732665367272
147.12712712712712,0.2992362335896536
147.2072072072072,0.3007103657440433
147.28728728728728,0.30229578770546783
147.36736736736736,0.3043301460774696
147.44744744744744,0.3060825172464108
147.52752752752752,0.30780068693939905
147.6076076076076,0.30939116536218475
147.68768768768768,0.3125847376042724
147.76776776776777,0.31447531485797064
147.84784784784785,0.3175378625580259
147.92792792792793,0.3192781816870796
148.008008008008,0.32322955263969005
148.08808808808809,0.32711006396894704
148.16816816816817,0.33154119698270745
148.24824824824825,0.3350377060670219
148.32832832832833,0.33849556512089374
148.4084084084084,0.34249884613857406
148.48848848848849,0.3471764789962815
148.56856856856857,0.352116748965705
148.64864864864865,0.3570662395528842
148.72872872872873,0.3613219153846758
148.8088088088088,0.3660919824181649
148.88888888888889,0.37137093981068087
148.96896896896897,0.37816870182059176
149.04904904904905,0.38525613519174934
149.12912912912913,0.3919456400685654
149.2092092092092,0.3988921540652261
149.2892892892893,0.40506156468225635
149.36936936936937,0.41241999079942526
149.44944944944945,0.4193106191110324
149.52952952952953,0.42767947765563713
149.6096096096096,0.4362376220573627
149.6896896896897,0.44477850575821365
149.76976976976977,0.4532542645860109
149.84984984984985,0.46184260918744463
149.92992992992993,0.47151356820403506
150.01001001001,0.482170088865152
150.0900900900901,0.49283658549825277
150.17017017017017,0.5040608816905099
150.25025025025025,0.5144153326823316
150.33033033033033,0.5260439726102188
150.4104104104104,0.5376747030185598
150.4904904904905,0.54989044754909
150.57057057057057,0.561760010433806
150.65065065065065,0.5729551182468998
150.73073073073073,0.5846499214380484
150.8108108108108,0.5974153061536904
150.8908908908909,0.6110490540333638
150.97097097097097,0.6250938210885375
151.05105105105105,0.6387836256988553
151.13113113113113,0.6525146836445119
151.2112112112112,0.6656710147102234
151.2912912912913,0.6794803465281528
151.37137137137137,0.693615157646013
151.45145145145145,0.7083775323964074
151.53153153153153,0.721981816180143
151.6116116116116,0.7344585663195593
151.6916916916917,0.7471156161062757
151.77177177177177,0.7594476342094629
151.85185185185185,0.7724232493366601
151.93193193193193,0.7835384886894496
152.012012012012,0.7947966733911555
152.0920920920921,0.8043072818377985
152.17217217217217,0.8141615465568487
152.25225225225225,0.8225401539827508
152.33233233233233,0.8313398039769011
152.4124124124124,0.8377877450179758
152.4924924924925,0.84284263132955
152.57257257257257,0.845898236297189
152.65265265265265,0.8484133071000681
152.73273273273273,0.8491233808734868
152.8128128128128,0.8492811176146047
152.8928928928929,0.8484016766654742
152.97297297297297,0.8472594092140306
153.05305305305305,0.8434763560276568
153.13313313313313,0.8383232652182556
153.2132132132132,0.8323280807275707
153.2932932932933,0.8260675534288268
153.37337337337337,0.8184371941592836
153.45345345345345,0.8095875025284374
153.53353353353353,0.8001305972219598
153.6136136136136,0.7893973093700316
153.6936936936937,0.777964933568726
153.77377377377377,0.7649906500697277
153.85385385385385,0.7523331461209622
153.93393393393393,0.7385810254375081
154.014014014014,0.725543247390212
154.0940940940941,0.7115143682531494
154.17417417417417,0.6982563696308514
154.25425425425425,0.6844801340280112
154.33433433433433,0.671288927955353
154.4144144144144,0.6574828878633142
154.4944944944945,0.644399119374228
154.57457457457457,0.6307667912175039
154.65465465465465,0.6169490469987616
154.73473473473473,0.6035194657975875
154.8148148148148,0.5908520949866408
154.8948948948949,0.5788639299856516
154.97497497497497,0.5664996210859897
155.05505505505505,0.5540332457672374
155.13513513513513,0.5424856739219187
155.2152152152152,0.5311692947416385
155.2952952952953,0.5204877101192695
155.37537537537537,0.5093392153239956
155.45545545545545,0.49871850576914467
155.53553553553553,0.4887274922250635
155.6156156156156,0.4787983730777754
155.6956956956957,0.4695542177755002
155.77577577577577,0.46038393193367577
155.85585585585585,0.4515176317846181
155.93593593593593,0.4433315446409398
156.016016016016,0.4352769198761592
156.0960960960961,0.4278291383786887
156.17617617617617,0.4201842613897729
156.25625625625625,0.41313191503735613
156.33633633633633,0.4063253169541152
156.4164164164164,0.39956535136044796
156.4964964964965,0.3934243348220993
156.57657657657657,0.3873564426073711
156.65665665665665,0.38151460871928566
156.73673673673673,0.3757232082384698
156.8168168168168,0.3704482701711061
156.8968968968969,0.3656877779726834
156.97697697697697,0.3613868785564091
157.05705705705705,0.3573168408609367
157.13713713713713,0.3533879162129609
157.2172172172172,0.3492039964464187
157.2972972972973,0.3452998784568514
157.37737737737737,0.3417628849289402
157.45745745745745,0.33869187375823007
157.53753753753753,0.3360004551391681
157.6176176176176,0.3334737950301068
157.6976976976977,0.33133693793287095
157.77777777777777,0.3292437077598017
157.85785785785785,0.3272284163908474
157.93793793793793,0.3255442733869834
158.018018018018,0.32453614316762586
158.0980980980981,0.3238428335371578
158.17817817817817,0.32316110679872234
158.25825825825825,0.3221081779330183
158.33833833833833,0.32122010251131855
158.4184184184184,0.3206168865466647
158.4984984984985,0.32071613403607185
158.57857857857857,0.32083847215244643
158.65865865865865,0.32096684357980054
158.73873873873873,0.32146153576704967
158.8188188188188,0.32218611403497643
158.8988988988989,0.32319992763079164
158.97897897897897,0.32398435272074916
159.05905905905905,0.3250484289987067
159.13913913913913,0.3261824494580703
159.2192192192192,0.32786942015388254
159.2992992992993,0.330082605391376
159.37937937937937,0.33257855579856505
159.45945945945945,0.3355082555940868
159.53953953953953,0.338240087529147
159.6196196196196,0.3408117958309475
159.6996996996997,0.3433564796012059
159.77977977977977,0.346232222037375
159.85985985985985,0.3495900099709788
159.93993993993993,0.35331353155556205
160.02002002002,0.3573830351951775
160.1001001001001,0.3619085436307032
160.18018018018017,0.3660792715732709
160.26026026026025,0.37046021699727094
160.34034034034033,0.3746877144646285
160.4204204204204,0.37954405210873776
160.5005005005005,0.38490243389754086
160.58058058058057,0.3902712844092698
160.66066066066065,0.3960299940827755
160.74074074074073,0.4020589214924344
160.8208208208208,0.4085947351883532
160.9009009009009,0.41538815026925185
160.98098098098097,0.42222148845072516
161.06106106106105,0.4292854388162296
161.14114114114113,0.4368980276220244
161.2212212212212,0.44540620125758557
161.3013013013013,0.4542408072332705
161.38138138138137,0.46285552066561236
161.46146146146145,0.47110446445488313
161.54154154154153,0.4797814044604809
161.6216216216216,0.4887042764132513
161.7017017017017,0.4981311662886151
161.78178178178177,0.5077689101404823
161.86186186186185,0.518532669366999
161.94194194194193,0.5293217925974387
162.022022022022,0.5409627044652423
162.1021021021021,0.5519764597026596
162.18218218218217,0.5639862624302593
162.26226226226225,0.57540429852491
162.34234234234233,0.5878169523783944
162.42242242242241,0.6002642740296515
162.5025025025025,0.6134664801389119
162.58258258258257,0.6265005529463161
162.66266266266265,0.6400840621176698
162.74274274274273,0.653507421168063
162.82282282282281,0.6680025012830576
162.9029029029029,0.6819533295754167
162.98298298298297,0.6966611340849171
163.06306306306305,0.7107551859759866
163.14314314314313,0.7254671986613536
163.22322322322321,0.7392797391237215
163.3033033033033,0.7528887559386449
163.38338338338338,0.7651782930315669
163.46346346346346,0.7779785462065543
163.54354354354354,0.7898512195907195
163.62362362362362,0.8021226789575051
163.7037037037037,0.8138454195705767
163.78378378378378,0.8252916658976134
163.86386386386386,0.8356393838168688
163.94394394394394,0.8446197927491204
164.02402402402402,0.8530407313689923
164.1041041041041,0.8602409417590771
164.18418418418418,0.8670510650190877
164.26426426426426,0.8724554083049718
164.34434434434434,0.8775010359348447
164.42442442442442,0.8810620943022706
164.5045045045045,0.8835441552530624
164.58458458458458,0.8840603606466336
164.66466466466466,0.8831788158895563
164.74474474474474,0.880265047935087
164.82482482482482,0.876835389234462
164.9049049049049,0.8724492783157966
164.98498498498498,0.8674378192631084
165.06506506506506,0.8604611872585658
165.14514514514514,0.8528418198315326
165.22522522522522,0.8444846356576841
165.3053053053053,0.8358609966388783
165.38538538538538,0.8257516603059875
165.46546546546546,0.8148816558829667
165.54554554554554,0.8035753623290268
165.62562562562562,0.7916134536636412
165.7057057057057,0.7793231395491279
165.78578578578578,0.7660053754355682
165.86586586586586,0.753308197875969
165.94594594594594,0.7407223245512882
166.02602602602602,0.7281422901278175
166.1061061061061,0.7154222257704577
166.18618618618618,0.7029091815870929
166.26626626626626,0.6903347806786775
166.34634634634634,0.6778218513513248
166.42642642642642,0.664530481653167
166.5065065065065,0.6520379117926278
166.58658658658658,0.6391018131536904
166.66666666666666,0.6276371645979811
166.74674674674674,0.6161335632039578
166.82682682682682,0.6060347891756632
166.9069069069069,0.5952844682001589
166.98698698698698,0.5849396196551103
167.06706706706706,0.5738890890986653
167.14714714714714,0.5637569580154733
167.22722722722722,0.553320373966007
167.3073073073073,0.5438066928568991
167.38738738738738,0.5341434755712418
167.46746746746746,0.5257785145885775
167.54754754754754,0.5169599746279783
167.62762762762762,0.5090472562259434
167.7077077077077,0.5007702379365793
167.78778778778778,0.4930420927790014
167.86786786786786,0.4854457534251144
167.94794794794794,0.47837537098128524
168.02802802802802,0.4716247938923971
168.1081081081081,0.4647576410778344
168.18818818818818,0.4580845628982175
168.26826826826826,0.45169776880698426
168.34834834834834,0.4459947572797983
168.42842842842842,0.4405005098675189
168.5085085085085,0.4353039467592482
168.58858858858858,0.4297809857626041
168.66866866866866,0.4247597338396694
168.74874874874874,0.4191836562417587
168.82882882882882,0.41442738528991735
168.9089089089089,0.40932498105511217
168.98898898898898,0.40540253863727355
169.06906906906906,0.40094505671355085
169.14914914914914,0.39740483444314534
169.22922922922922,0.39329933284584934
169.3093093093093,0.39012020142770115
169.38938938938938,0.3863655079422207
169.46946946946946,0.383550516550852
169.54954954954954,0.38030754881650214
169.62962962962962,0.37814777724381676
169.7097097097097,0.3749781595685635
169.78978978978978,0.37258876019380976
169.86986986986986,0.3696813107221296
169.94994994994994,0.3681606578593737
170.03003003003002,0.3665413771526956
170.1101101101101,0.3655914154183521
170.19019019019018,0.3644471454896713
170.27027027027026,0.36381052747840187
170.35035035035034,0.3631673046492056
170.43043043043042,0.36291237231369655
170.5105105105105,0.362377818549573
170.59059059059058,0.3621820519664172
170.67067067067066,0.3618452231931868
170.75075075075074,0.36238012519175195
170.83083083083082,0.36317112880387065
170.9109109109109,0.3641419996518366
170.99099099099098,0.3649910816134389
171.07107107107106,0.36589536773645415
171.15115115115114,0.3673573681963663
171.23123123123122,0.3689315682217738
171.3113113113113,0.3713422377633556
171.39139139139138,0.37361131503802775
171.47147147147146,0.37617337858287436
171.55155155155154,0.3784614663950862
171.63163163163162,0.38091022255525697
171.7117117117117,0.3835579820834902
171.79179179179178,0.3870524981680626
171.87187187187186,0.3910421333485199
171.95195195195194,0.39569314814265977
172.03203203203202,0.4000825281509481
172.11211211211213,0.4049748456252876
172.19219219219218,0.40883067235667486
172.2722722722723,0.4134611965010005
172.35235235235234,0.41799153466016487
172.43243243243245,0.42384087637252554
172.5125125125125,0.42966182603239933
172.5925925925926,0.43640740693700125
172.67267267267266,0.4431450668321528
172.75275275275277,0.45014050404695144
172.83283283283282,0.45697578803739364
172.91291291291293,0.4642958819918571
172.99299299299298,0.4718177846816805
173.0730730730731,0.4802087286689044
173.15315315315314,0.4882054541438196
173.23323323323325,0.4967686085020018
173.3133133133133,0.5052882518217725
173.3933933933934,0.5153070472646277
173.47347347347346,0.5253221426533318
173.55355355355357,0.5354317784527842
173.63363363363362,0.5453204296389855
173.71371371371373,0.5563463791626099
173.79379379379378,0.567963182107054
173.8738738738739,0.5796449136255045
173.95395395395394,0.5911340408464077
174.03403403403405,0.603391247608335
174.1141141141141,0.6154410196454166
174.1941941941942,0.6277710519433507
174.27427427427426,0.6400057949849994
174.35435435435437,0.6535716422535027
174.43443443443442,0.6671375866408553
174.51451451451453,0.6807598086525087
174.59459459459458,0.6940265090898798
174.6746746746747,0.7078953326656554
174.75475475475474,0.7218895639730771
174.83483483483485,0.7352848096325871
174.9149149149149,0.7484181775247427
174.994994994995,0.761539400950914
175.07507507507506,0.775177788750449
175.15515515515517,0.7884720376288163
175.23523523523522,0.8020683185532221
175.31531531531533,0.8155391826162567
175.39539539539538,0.8283518310897392
175.4754754754755,0.839294847621213
175.55555555555554,0.8489348876887177
175.63563563563565,0.8577183883301773
175.7157157157157,0.8665945789807964
175.7957957957958,0.8748699065534573
175.87587587587586,0.8831520254477979
175.95595595595597,0.8903114074910734
176.03603603603602,0.8967163043186113
176.11611611611613,0.9007112902829072
176.19619619619618,0.9032189564302295
176.2762762762763,0.90436538974875
176.35635635635634,0.9051543463708344
176.43643643643645,0.9042322325210155
176.5165165165165,0.9020663069552248
176.5965965965966,0.8988609044585513
176.67667667667666,0.8956510066551466
176.75675675675677,0.8913116752021708
176.83683683683682,0.8854199432639697
176.91691691691693,0.8782309930071466
176.99699699699698,0.8707741408563088
177.0770770770771,0.8619541258435631
177.15715715715714,0.8521990982091837
177.23723723723725,0.8417172432307819
177.3173173173173,0.8315735208323849
177.3973973973974,0.8208553930888766
177.47747747747746,0.8096693777723338
177.55755755755757,0.7977072003644906
177.63763763763762,0.7858398968798056
177.71771771771773,0.7737623726519699
177.79779779779778,0.7615584160480005
177.8778778778779,0.7491491172659119
177.95795795795794,0.7366102861254821
178.03803803803805,0.7243416847375276
178.1181181181181,0.7122424820806033
178.1981981981982,0.7007606788344545
178.27827827827826,0.6895971141325408
178.35835835835837,0.6784799244123481
178.43843843843842,0.6676408416894836
178.51851851851853,0.6571546270303141
178.59859859859858,0.6470859088550664
178.6786786786787,0.6368383961299316
178.75875875875874,0.6262349680137075
178.83883883883885,0.6160279679773274
178.9189189189189,0.6061084435315319
178.998998998999,0.5966688735824157
179.07907907907907,0.5877423838363645
179.15915915915917,0.5793656194404609
179.23923923923923,0.5710963171148505
179.31931931931933,0.5626367252641721
179.39939939939939,0.5546827952759591
179.4794794794795,0.5473640485086344
179.55955955955955,0.5399267919924954
179.63963963963965,0.5320784846562516
179.7197197197197,0.52460341544996
179.7997997997998,0.5184731224802835
179.87987987987987,0.5129981416044084
179.95995995995997,0.50749939994471
180.04004004004003,0.5018694099312871
180.12012012012013,0.49623277458315507
180.2002002002002,0.4906171430267727
180.2802802802803,0.48509512248435455
180.36036036036035,0.479707028762799
180.44044044044045,0.47486764695477124
180.5205205205205,0.47029321766048676
180.60060060060061,0.4657650439069885
180.68068068068067,0.46128346499351147
180.76076076076077,0.45721741824263273
180.84084084084083,0.45380996729540163
180.92092092092093,0.45070693951672425
181.001001001001,0.44777892738572855
181.0810810810811,0.4446211460906107
181.16116116116115,0.4414066498474849
181.24124124124126,0.43833221653095444
181.3213213213213,0.43570038463302196
181.40140140140142,0.43333752357416777
181.48148148148147,0.4308147917366083
181.56156156156158,0.4284994988434804
181.64164164164163,0.4263613518277138
181.72172172172174,0.42451587365675114
181.8018018018018,0.42295323346026537
181.8818818818819,0.421506869169304
181.96196196196195,0.4202053171298042
182.04204204204206,0.41851992695649815
182.1221221221221,0.4169789213175628
182.20220220220222,0.4159569434825073
182.28228228228227,0.41549779707231776
182.36236236236238,0.41511712608995743
182.44244244244243,0.4144303049895538
182.52252252252254,0.41398111519013303
182.6026026026026,0.4140095466630462
182.6826826826827,0.41428010244048985
182.76276276276275,0.41456953073339753
182.84284284284286,0.414874758612249
182.9229229229229,0.41551334788667216
183.00300300300302,0.41620854366536336
183.08308308308307,0.4173388675107098
183.16316316316318,0.4189100598500502
183.24324324324323,0.4210821834278571
183.32332332332334,0.42322607685632413
183.4034034034034,0.42508882752302524
183.4834834834835,0.42728960890478834
183.56356356356355,0.42998762278369623
183.64364364364366,0.4333537361738433
183.7237237237237,0.43651547102057975
183.80380380380382,0.43959337588390535
183.88388388388387,0.4429267936354656
183.96396396396398,0.4467842578745271
184.04404404404403,0.45119731085103426
184.12412412412414,0.4559836720914481
184.2042042042042,0.4612303433324163
184.2842842842843,0.4667247072181658
184.36436436436435,0.47219902113132395
184.44444444444446,0.4780044461356715
184.5245245245245,0.48399851850030573
184.60460460460462,0.49044772102298156
184.68468468468467,0.497158590279284
184.76476476476478,0.5043518361428955
184.84484484484483,0.5120312031288041
184.92492492492494,0.5199400989817267
185.005005005005,0.5278100861428007
185.0850850850851,0.5359070007588397
185.16516516516515,0.5446780377256021
185.24524524524526,0.5543338411881146
185.3253253253253,0.5642744969244334
185.40540540540542,0.5749046674984027
185.48548548548547,0.5853800202896704
185.56556556556558,0.5959848751806707
185.64564564564563,0.6067780858774393
185.72572572572574,0.617873264808275
185.8058058058058,0.6296219097698932
185.8858858858859,0.641280406144027
185.96596596596595,0.6534619777732779
186.04604604604606,0.6657588126607659
186.1261261261261,0.6781627327573342
186.20620620620622,0.6903558625553377
186.28628628628627,0.7026799849287342
186.36636636636638,0.7158315582797803
186.44644644644643,0.7294271810371351
186.52652652652654,0.7432821608113467
186.6066066066066,0.7568036364401888
186.6866866866867,0.7700796533229464
186.76676676676675,0.7829727333507919
186.84684684684686,0.7953700195490876
186.9269269269269,0.8076684566984563
187.00700700700702,0.8198503941788909
187.08708708708707,0.8317053383890801
187.16716716716718,0.8434610524312481
187.24724724724723,0.8550743193550236
187.32732732732734,0.8657011085698322
187.4074074074074,0.8750470659356364
187.4874874874875,0.8832542001603465
187.56756756756755,0.8909513911946289
187.64764764764766,0.8981519085877191
187.7277277277277,0.9050240840589076
187.80780780780782,0.9112898181542938
187.88788788788787,0.9162767993643104
187.96796796796798,0.9195919719211206
188.04804804804803,0.92066109891811
188.12812812812814,0.9204724458711128
188.2082082082082,0.9200217189106812
188.2882882882883,0.9199947328616984
188.36836836836835,0.9192979751711983
188.44844844844846,0.9171325578835529
188.5285285285285,0.9127829907145902
188.60860860860862,0.9067753263015432
188.68868868868867,0.9002106472359142
188.76876876876878,0.8930403454657957
188.84884884884883,0.8854878989390196
188.92892892892894,0.877136276245957
189.009009009009,0.8679582121841773
189.0890890890891,0.8579829536835482
189.16916916916915,0.8478473284637572
189.24924924924926,0.8372451109743833
189.3293293293293,0.8268509391227606
189.40940940940942,0.8160046502640523
189.48948948948947,0.8047139851754508
189.56956956956958,0.7936162936568345
189.64964964964963,0.7823240772147528
189.72972972972974,0.7711633916465799
189.8098098098098,0.7591976643759796
189.8898898898899,0.7474721917553665
189.96996996996995,0.7361374565646737
190.05005005005006,0.7251041117640685
190.1301301301301,0.7139285284339247
190.21021021021022,0.702812891536979
190.29029029029027,0.692314322073324
190.37037037037038,0.6820738315909585
190.45045045045043,0.6715544687409042
190.53053053053054,0.6611349914339018
190.6106106106106,0.6511628174893381
190.6906906906907,0.6420117040562945
190.77077077077075,0.6330443699527265
190.85085085085086,0.6243790093590834
190.9309309309309,0.6160269058863219
191.01101101101102,0.6078474301649746
191.09109109109107,0.5995665229945112
191.17117117117118,0.5912939922935113
191.25125125125123,0.5834698008577458
191.33133133133134,0.5764363776296377
191.41141141141142,0.5698736804794037
191.4914914914915,0.5632948818038988
191.57157157157158,0.5564855110440247
191.65165165165166,0.5498378793615859
191.73173173173174,0.5439975090823228
191.81181181181182,0.538530646301206
191.8918918918919,0.5334125045705063
191.97197197197198,0.5284004750744338
192.05205205205206,0.5239542250041581
192.13213213213214,0.5190761636226201
192.21221221221222,0.5139887874968055
192.2922922922923,0.5089683486227983
192.37237237237238,0.5048097802042443
192.45245245245246,0.5011863504891896
192.53253253253254,0.49752250764478706
192.61261261261262,0.49377654187654735
192.6926926926927,0.49047868210270923
192.77277277277278,0.4872257927158747
192.85285285285286,0.48436770038720534
192.93293293293294,0.4813689569182798
193.01301301301302,0.47882284763906385
193.0930930930931,0.4764061841174919
193.17317317317318,0.4742827082566854
193.25325325325326,0.4722706821249083
193.33333333333334,0.4707522423992986
193.41341341341342,0.46925486323650895
193.4934934934935,0.4679415986474805
193.57357357357358,0.4663237754138947
193.65365365365366,0.46500482623057604
193.73373373373374,0.4638419851137569
193.81381381381382,0.4631834732811855
193.8938938938939,0.4624708683543572
193.97397397397398,0.4618040192892304
194.05405405405406,0.4616622044350953
194.13413413413414,0.46192384779987183
194.21421421421422,0.46244674296604094
194.2942942942943,0.46267222550859777
194.37437437437438,0.46329527348469257
194.45445445445446,0.4641072423442894
194.53453453453454,0.46472376775741797
194.61461461461462,0.46533954456017573
194.6946946946947,0.466805671232899
194.77477477477478,0.4686771779410458
194.85485485485486,0.4704909550226634
194.93493493493494,0.47154647673632205
195.01501501501502,0.47294907552999965
195.0950950950951,0.4749798482318205
195.17517517517518,0.4776827034183177
195.25525525525526,0.4805442334206212
195.33533533533534,0.48355774231537085
195.41541541541542,0.48644871565039405
195.4954954954955,0.4895168530165564
195.57557557557558,0.4921136940920229
195.65565565565566,0.49515289473165686
195.73573573573574,0.4986975451266434
195.81581581581582,0.502838506684731
195.8958958958959,0.5073910531012168
195.97597597597598,0.5117258150781072
196.05605605605606,0.5167526236609071
196.13613613613614,0.5217300854345369
196.21621621621622,0.5271565848775099
196.2962962962963,0.532256481359663
196.37637637637638,0.5379983588664872
196.45645645645646,0.5440862514725201
196.53653653653654,0.551102754475596
196.61661661661662,0.5580022904487255
196.6966966966967,0.5653700763731851
196.77677677677679,0.5725248010213653
196.85685685685687,0.5803866135865777
196.93693693693695,0.5882123685523231
197.01701701701703,0.5967220140785328
197.0970970970971,0.6054257332514046
197.17717717717719,0.61467495254568
197.25725725725727,0.62380115111898
197.33733733733735,0.6332944414537707
197.41741741741743,0.643820706406294
197.4974974974975,0.6547037154734121
197.57757757757759,0.6657255409212928
197.65765765765767,0.6761947661883952
197.73773773773775,0.6866548625745078
197.81781781781783,0.6980055794037282
197.8978978978979,0.710084674377876
197.977977977978,0.7224323726251068
198.05805805805807,0.7342274141687765
198.13813813813815,0.7462687162150962
198.21821821821823,0.7586659026430941
198.2982982982983,0.7716659799818962
198.3783783783784,0.7839528470458956
198.45845845845847,0.7960713727454987
198.53853853853855,0.80758311832997
198.61861861861863,0.8194971672475173
198.6986986986987,0.8318522288196699
198.7787787787788,0.8438634162645116
198.85885885885887,0.855167572814913
198.93893893893895,0.8651158190102195
199.01901901901903,0.874652809961587
199.0990990990991,0.8842136013924591
199.1791791791792,0.8934593435210761
199.25925925925927,0.9022447842660278
199.33933933933935,0.9102274522443476
199.41941941941943,0.9180759190328471
199.4994994994995,0.924685213478572
199.5795795795796,0.9299121322556875
199.65965965965967,0.9333581682023834
199.73973973973975,0.9364976391684142
199.81981981981983,0.9389582302268549
199.8998998998999,0.9410199496394184
199.97997997998,0.9409254431628483
200.06006006006007,0.9405344455438366
200.14014014014015,0.9392901720386526
200.22022022022023,0.9362444259714806
200.3003003003003,0.9322164731953675
200.3803803803804,0.9266594760575491
200.46046046046047,0.9215204746896001
200.54054054054055,0.9156428933549551
200.62062062062063,0.9096892987054183
200.7007007007007,0.9024110667623378
200.7807807807808,0.8942643757552334
200.86086086086087,0.8848498601953663
200.94094094094095,0.8755792624616836
201.02102102102103,0.8655846085622876
201.1011011011011,0.8558788507008985
201.1811811811812,0.8453953016584179
201.26126126126127,0.8345965452638916
201.34134134134135,0.8236622518719537
201.42142142142143,0.8122526323674126
201.5015015015015,0.8011599147506488
201.5815815815816,0.7903450378186373
201.66166166166167,0.779417269236798
201.74174174174175,0.7686982410085769
201.82182182182183,0.7568222344675243
201.9019019019019,0.7461837566334452
201.981981981982,0.7345643501514245
202.06206206206207,0.7242481467293193
202.14214214214215,0.7133667085294707
202.22222222222223,0.7038049118614625
202.3023023023023,0.6933820951411829
202.3823823823824,0.6834942253003875
202.46246246246247,0.6736146604400401
202.54254254254255,0.6648573198269139
202.62262262262263,0.6561440211278778
202.7027027027027,0.6466561275412531
202.7827827827828,0.6373839569559654
202.86286286286287,0.6283794316177982
202.94294294294295,0.6199564474322234
203.02302302302303,0.6120312695323925
203.1031031031031,0.6043943456928211
203.1831831831832,0.596971497883575
203.26326326326327,0.5897366207012661
203.34334334334335,0.5825114653837689
203.42342342342343,0.5757820232003644
203.5035035035035,0.5695214174532638
203.5835835835836,0.5634502177059486
203.66366366366367,0.5568453191151004
203.74374374374375,0.5499768031876902
203.82382382382383,0.5441213128265531
203.9039039039039,0.5391607486165768
203.983983983984,0.5350381249830363
204.06406406406407,0.5305376294894693
204.14414414414415,0.5256102870097005
204.22422422422423,0.5208265011428235
204.3043043043043,0.5165663031728086
204.3843843843844,0.5127987197054679
204.46446446446447,0.5091844292935954
204.54454454454455,0.5056532840985387
204.62462462462463,0.5028595362270886
204.7047047047047,0.4999366300637185
204.7847847847848,0.4976156271747896
204.86486486486487,0.4949608526413947
204.94494494494495,0.4929515802976216
205.02502502502503,0.49083428975542537
205.1051051051051,0.48924619326188445
205.1851851851852,0.4871651218906702
205.26526526526527,0.4857523434784673
205.34534534534535,0.48449000908782763
205.42542542542543,0.4835546779615184
205.5055055055055,0.4825987451192257
205.5855855855856,0.48150002808908626
205.66566566566567,0.48075124555629184
205.74574574574575,0.48019709327570775
205.82582582582583,0.48075700754619266
205.9059059059059,0.4805693065946556
205.985985985986,0.4812194101274053
206.06606606606607,0.4806503961812229
206.14614614614615,0.4815143156796521
206.22622622622623,0.4817212165011963
206.3063063063063,0.48411699977013534
206.3863863863864,0.48535997969153527
206.46646646646647,0.48764423470813884
206.54654654654655,0.48849530319557094
206.62662662662663,0.49107329366416347
206.7067067067067,0.4920873296679861
206.7867867867868,0.4952644697383958
206.86686686686687,0.49684259411326825
206.94694694694695,0.5006771075529668
207.02702702702703,0.5028860323758241
207.1071071071071,0.5069512755153219
207.1871871871872,0.5098083775813295
207.26726726726727,0.5138097415981367
207.34734734734735,0.5173482488464112
207.42742742742743,0.5214358978766147
207.5075075075075,0.5256207151661308
207.5875875875876,0.5301093399648875
207.66766766766767,0.5348358987167424
207.74774774774775,0.5398056884774282
207.82782782782783,0.544330867182266
207.9079079079079,0.5498834133509438
207.987987987988,0.5553846829877911
208.06806806806807,0.5620684765900452
208.14814814814815,0.5689190593634533
208.22822822822823,0.5753073441701532
208.3083083083083,0.5831857404341015
208.3883883883884,0.5890355611511864
208.46846846846847,0.5978317675665581
208.54854854854855,0.6032593923453937
208.62862862862863,0.6123379294683513
208.7087087087087,0.6182163540554737
208.7887887887888,0.6281352133303838
208.86886886886887,0.6353641382390038
208.94894894894895,0.6459821057052334
209.02902902902903,0.6535685843842547
209.1091091091091,0.6640885285758372
209.1891891891892,0.6723340947273704
209.26926926926927,0.6848081700238701
209.34934934934935,0.6927003232388703
209.42942942942943,0.7057115598787171
209.5095095095095,0.7135752455695213
209.5895895895896,0.7285575971823474
209.66966966966967,0.7368992319736221
209.74974974974975,0.7511716205733965
209.82982982982983,0.7594398719944124
209.9099099099099,0.7746871927381918
209.98998998999,0.784906102637036
210.07007007007007,0.7997199961647169
210.15015015015015,0.8086965151579428
210.23023023023023,0.8224184426662212
210.3103103103103,0.8318371573244602
210.3903903903904,0.8456412119821768
210.47047047047047,0.8548161555025559
210.55055055055055,0.8690701788704137
210.63063063063063,0.8783707187502223
210.7107107107107,0.8911012737868765
210.7907907907908,0.8984953022622478
210.87087087087087,0.9098039853683703
210.95095095095095,0.9172521967847043
211.03103103103103,0.9267097244062159
211.11111111111111,0.9328071345370953
211.1911911911912,0.9412240579838868
211.27127127127127,0.9485363025065137
211.35135135135135,0.9557405892841144
211.43143143143143,0.9603208953457031
211.51151151151151,0.9640573666195824
211.5915915915916,0.9655342426590564
211.67167167167167,0.9680083391294074
211.75175175175175,0.968672496724456
211.83183183183183,0.968413130237735
211.91191191191191,0.9673984091621101
211.991991991992,0.9641085964034739
212.07207207207207,0.9624971355787056
212.15215215215215,0.956303547607018
212.23223223223223,0.9527303388283507
212.31231231231232,0.9449676638173
212.3923923923924,0.9401951405207344
212.47247247247248,0.9316576446406809
212.55255255255256,0.9243045102409788
212.63263263263264,0.9147411959776749
212.71271271271272,0.9065142037305889
212.7927927927928,0.8963096190080199
212.87287287287288,0.8860401317746003
212.95295295295296,0.8754217249287477
213.03303303303304,0.8654183930420163
213.11311311311312,0.8546102637540665
213.1931931931932,0.843171609403488
213.27327327327328,0.8317928957999305
213.35335335335336,0.820816955270707
213.43343343343344,0.8087887412521191
213.51351351351352,0.7968117338069326
213.5935935935936,0.7850170466051258
213.67367367367368,0.7753996865074342
213.75375375375376,0.7646945821177666
213.83383383383384,0.7531105099627612
213.91391391391392,0.741412375266138
213.993993993994,0.7307572264428286
214.07407407407408,0.720371549980195
214.15415415415416,0.7095985055279015
214.23423423423424,0.6992848625509873
214.31431431431432,0.6901761271164951
214.3943943943944,0.6803744288992738
214.47447447447448,0.6707666035157027
214.55455455455456,0.6607618370753123
214.63463463463464,0.6509489598173088
214.71471471471472,0.6427267622860335
214.7947947947948,0.634843000350661
214.87487487487488,0.6273115479150029
214.95495495495496,0.6188660927464454
215.03503503503504,0.6107432387932086
215.11511511511512,0.6029324168850148
215.1951951951952,0.5953164845670353
215.27527527527528,0.5885164836157142
215.35535535535536,0.5818928252735339
215.43543543543544,0.5750800914940117
215.51551551551552,0.5687172679040058
215.5955955955956,0.561946011510177
215.67567567567568,0.5571626664536357
215.75575575575576,0.5507439640338252
215.83583583583584,0.5463379171616538
215.91591591591592,0.5410433462312586
215.995995995996,0.5378939409244882
216.07607607607608,0.5331899546230069
216.15615615615616,0.529260320469851
216.23623623623624,0.5240496702599822
216.31631631631632,0.5208368252352585
216.3963963963964,0.5167391756234567
216.47647647647648,0.514965254789373
216.55655655655656,0.5105449886023391
216.63663663663664,0.5079418263799929
216.71671671671672,0.5040615292752187
216.7967967967968,0.5023914016318833
216.87687687687688,0.49966622607703426
216.95695695695696,0.4976395901029125
217.03703703703704,0.49509303083465783
217.11711711711712,0.49447096495661474
217.1971971971972,0.49336732979110853
217.27727727727728,0.49312860668612757
217.35735735735736,0.4913436024767657
217.43743743743744,0.4918467848259596
217.51751751751752,0.4918635128289874
217.5975975975976,0.49215016296739666
217.67767767767768,0.4915385059511879
217.75775775775776,0.4917533226864454
217.83783783783784,0.4924091850768216
217.91791791791792,0.4936095207187334
217.997997997998,0.4944915252998035
218.07807807807808,0.49621226565668747
218.15815815815816,0.4972448233854212
218.23823823823824,0.4995890155165231
218.31831831831832,0.5008753410790694
218.3983983983984,0.5038836175011189
218.47847847847848,0.5055921253738327
218.55855855855856,0.5083956924280922
218.63863863863864,0.5104760546517789
218.71871871871872,0.5136399323487489
218.7987987987988,0.5165059435950135
218.87887887887888,0.5209630554503518
218.95895895895896,0.5251596130288839
219.03903903903904,0.5286726496900378
219.11911911911912,0.5317263781610695
219.1991991991992,0.535412985637081
219.27927927927928,0.541252808723533
219.35935935935936,0.5478418404115125
219.43943943943944,0.5533752045933754
219.51951951951952,0.5579115626368247
219.5995995995996,0.5615628392515655
219.67967967967968,0.5682293897134969
219.75975975975976,0.5740850316181568
219.83983983983984,0.580453050346295
219.91991991991992,0.587102571718795
220.0,0.5947405932960493
