freq,trans_dB
140.0,-3.648069450164656
140.08008008008008,-3.554116794753856
140.16016016016016,-3.508086017174462
140.24024024024024,-3.4514574309044534
140.32032032032032,-3.378784752364955
140.4004004004004,-3.2725493175884743
140.48048048048048,-3.246312381551074
140.56056056056056,-3.190699557855016
140.64064064064064,-3.0956691610095675
140.72072072072072,-3.0535862575297315
140.8008008008008,-2.955977504367514
140.88088088088088,-2.8905104061335454
140.96096096096096,-2.841947365772302
141.04104104104104,-2.7638832532933
141.12112112112112,-2.690116173600296
141.2012012012012,-2.6379064418057605
141.28128128128128,-2.546199747918366
141.36136136136136,-2.487306812265686
141.44144144144144,-2.4177586331440173
141.52152152152152,-2.349690342547909
141.6016016016016,-2.270207137937015
141.68168168168168,-2.245978261196965
141.76176176176176,-2.149645977476122
141.84184184184184,-2.1115212077727934
141.92192192192192,-2.040758305139108
142.002002002002,-1.9886567437515588
142.08208208208208,-1.9131420234437577
142.16216216216216,-1.901249181543633
142.24224224224224,-1.81617285520179
142.32232232232232,-1.7890125820690672
142.4024024024024,-1.7402427814517405
142.48248248248248,-1.7121826493166081
142.56256256256256,-1.641729919555576
142.64264264264264,-1.6619043109957687
142.72272272272272,-1.5809006721442787
142.8028028028028,-1.589068311377337
142.88288288288288,-1.5110459604300976
142.96296296296296,-1.5191251442070104
143.04304304304304,-1.4666577248010422
143.12312312312312,-1.5197814070737015
143.2032032032032,-1.4465000999632756
143.28328328328328,-1.4746621808264029
143.36336336336336,-1.4406078964156401
143.44344344344344,-1.4736746036959016
143.52352352352352,-1.4464723793894596
143.6036036036036,-1.4780160632150778
143.68368368368368,-1.4665129312775806
143.76376376376376,-1.516871305719746
143.84384384384384,-1.5271905132237387
143.92392392392392,-1.544129599731942
144.004004004004,-1.5528485429932306
144.08408408408408,-1.609286396256811
144.16416416416416,-1.6326360001365516
144.24424424424424,-1.6536078060601083
144.32432432432432,-1.706459932330556
144.4044044044044,-1.7342805303499569
144.48448448448448,-1.7990502081609532
144.56456456456456,-1.8313874608495455
144.64464464464464,-1.8989029700902758
144.72472472472472,-1.9253665259876067
144.8048048048048,-2.0170337752791236
144.88488488488488,-2.0165897621923237
144.96496496496496,-2.1045226516073074
145.04504504504504,-2.144002900341602
145.12512512512512,-2.2233325279607326
145.2052052052052,-2.2582411485177403
145.28528528528528,-2.3467658575832937
145.36536536536536,-2.3710823288638063
145.44544544544544,-2.4569555199318063
145.52552552552552,-2.506851607945454
145.6056056056056,-2.599842236889208
145.68568568568568,-2.642445572046127
145.76576576576576,-2.741239640702056
145.84584584584584,-2.7674123632691336
145.92592592592592,-2.8540183890383424
146.006006006006,-2.9118138378737495
146.08608608608608,-2.9648142164102596
146.16616616616616,-3.01962731749666
146.24624624624624,-3.0978578402104033
146.32632632632632,-3.132830634897564
146.4064064064064,-3.207686628500057
146.48648648648648,-3.2837648900300236
146.56656656656656,-3.3455666728625926
146.64664664664664,-3.390333773974097
146.72672672672672,-3.453884191008145
146.8068068068068,-3.509744817441205
146.88688688688688,-3.5633906458249913
146.96696696696696,-3.639939530382083
147.04704704704704,-3.6853605811936787
147.12712712712712,-3.727497136647015
147.2072072072072,-3.7904013259448535
147.28728728728728,-3.8326759748545363
147.36736736736736,-3.862526995819813
147.44744744744744,-3.943429810241127
147.52752752752752,-3.9741186016699515
147.6076076076076,-4.025784159530883
147.68768768768768,-4.057571288027029
147.76776776776777,-4.13085419269263
147.84784784784785,-4.13976790431354
147.92792792792793,-4.206652646896552
148.008008008008,-4.2409322551069835
148.08808808808809,-4.264733281166458
148.16816816816817,-4.302082890626776
148.24824824824825,-4.343206433133005
148.32832832832833,-4.3553767441642695
148.4084084084084,-4.406001116329543
148.48848848848849,-4.430438491383206
148.56856856856857,-4.442653374740272
148.64864864864865,-4.474143296844407
148.72872872872873,-4.528737294538241
148.8088088088088,-4.535538704106601
148.88888888888889,-4.5564197647527624
148.96896896896897,-4.591124029525132
149.04904904904905,-4.565286307134528
149.12912912912913,-4.607016774286129
149.2092092092092,-4.626345988798628
149.2892892892893,-4.631480763564374
149.36936936936937,-4.647035169076825
149.44944944944945,-4.679045596799856
149.52952952952953,-4.661412717323311
149.6096096096096,-4.6738243138621955
149.6896896896897,-4.70541538795648
149.76976976976977,-4.719237929132091
149.84984984984985,-4.711786588398573
149.92992992992993,-4.736689048337507
150.01001001001,-4.691845017609231
150.0900900900901,-4.691842304060617
150.17017017017017,-4.69442663893731
150.25025025025025,-4.6863918171733765
150.33033033033033,-4.689894223402201
150.4104104104104,-4.680929171450584
150.4904904904905,-4.657587182808017
150.57057057057057,-4.6560712462959835
150.65065065065065,-4.6563099706270314
150.73073073073073,-4.645593196752768
150.8108108108108,-4.617333490865077
150.8908908908909,-4.615433395004844
150.97097097097097,-4.5638655541242645
151.05105105105105,-4.545082144519283
151.13113113113113,-4.527476293622141
151.2112112112112,-4.497981663720016
151.2912912912913,-4.457658404486987
151.37137137137137,-4.438156066693099
151.45145145145145,-4.395303389703327
151.53153153153153,-4.357043942901346
151.6116116116116,-4.354451713546765
151.6916916916917,-4.333654402044295
151.77177177177177,-4.253619712097736
151.85185185185185,-4.2224503474142905
151.93193193193193,-4.169868827139483
152.012012012012,-4.101198476496729
152.0920920920921,-4.090303257283409
152.17217217217217,-4.037490583654749
152.25225225225225,-3.9739392248890453
152.33233233233233,-3.922895574204987
152.4124124124124,-3.8738298631138717
152.4924924924925,-3.790317068916183
152.57257257257257,-3.7692773154241466
152.65265265265265,-3.7104169283940753
152.73273273273273,-3.6342937637470802
152.8128128128128,-3.5853954105003267
152.8928928928929,-3.5221570346655073
152.97297297297297,-3.429568674008082
153.05305305305305,-3.398192786419011
153.13313313313313,-3.338080443659462
153.2132132132132,-3.2528929967151945
153.2932932932933,-3.201117718013488
153.37337337337337,-3.1437653898857008
153.45345345345345,-3.033315410173431
153.53353353353353,-3.0016213138444034
153.6136136136136,-2.943639775559977
153.6936936936937,-2.86185485972215
153.77377377377377,-2.808969346305098
153.85385385385385,-2.751464173584931
153.93393393393393,-2.655414678396524
154.014014014014,-2.6031013084657064
154.0940940940941,-2.551967359554322
154.17417417417417,-2.4612045453377323
154.25425425425425,-2.416822466505605
154.33433433433433,-2.366026417019959
154.4144144144144,-2.2800476772633242
154.4944944944945,-2.2340927607786036
154.57457457457457,-2.192791277544232
154.65465465465465,-2.1130627161237068
154.73473473473473,-2.0674753709635754
154.8148148148148,-2.0313154535265423
154.8948948948949,-1.9612505131704734
154.97497497497497,-1.9196685196203533
155.05505505505505,-1.8783571383072657
155.13513513513513,-1.8057746449197445
155.2152152152152,-1.766045661679692
155.2952952952953,-1.735047594131209
155.37537537537537,-1.6877884083002264
155.45545545545545,-1.6596866710508034
155.53553553553553,-1.6252088367921782
155.6156156156156,-1.5789760957950154
155.6956956956957,-1.5496208393203175
155.77577577577577,-1.5436621089628573
155.85585585585585,-1.5029724427023552
155.93593593593593,-1.4714237080981105
156.016016016016,-1.460020127903824
156.0960960960961,-1.4418277822928605
156.17617617617617,-1.4320829723999264
156.25625625625625,-1.422948387375214
156.33633633633633,-1.4172122010888566
156.4164164164164,-1.4192900665674184
156.4964964964965,-1.4222705855968705
156.57657657657657,-1.4210620409973453
156.65665665665665,-1.4313301518323542
156.73673673673673,-1.4426764502105698
156.8168168168168,-1.457080599482012
156.8968968968969,-1.478401671994734
156.97697697697697,-1.497652357218
157.05705705705705,-1.5174514208185554
157.13713713713713,-1.5592671345069888
157.2172172172172,-1.5824714541042024
157.2972972972973,-1.6205120812734406
157.37737737737737,-1.6553615066858116
157.45745745745745,-1.7028626208382343
157.53753753753753,-1.7287734453600017
157.6176176176176,-1.7805888699623476
157.6976976976977,-1.8179142658627498
157.77777777777777,-1.8605232329271373
157.85785785785785,-1.9113880395473692
157.93793793793793,-1.9615211451980057
158.018018018018,-2.0054202166414608
158.0980980980981,-2.058585487898995
158.17817817817817,-2.119407577584702
158.25825825825825,-2.1674289842213352
158.33833833833833,-2.2345358792982997
158.4184184184184,-2.283825285129828
158.4984984984985,-2.346401922691534
158.57857857857857,-2.40088097096897
158.65865865865865,-2.474866645949081
158.73873873873873,-2.519884240320008
158.8188188188188,-2.5951885602184745
158.8988988988989,-2.662219654291327
158.97897897897897,-2.7162701097173128
159.05905905905905,-2.772071230514707
159.13913913913913,-2.8402197606058213
159.2192192192192,-2.896193985027405
159.2992992992993,-2.9684588587050933
159.37937937937937,-3.0163479564615105
159.45945945945945,-3.06803487366783
159.53953953953953,-3.120421058980751
159.6196196196196,-3.1889922609505796
159.6996996996997,-3.23414010018312
159.77977977977977,-3.287267984628262
159.85985985985985,-3.3537740731673917
159.93993993993993,-3.3950445007633125
160.02002002002,-3.462885143371667
160.1001001001001,-3.5138632375640473
160.18018018018017,-3.5665244049704388
160.26026026026025,-3.606626949788625
160.34034034034033,-3.6619895544282732
160.4204204204204,-3.7073781580140763
160.5005005005005,-3.765087793984618
160.58058058058057,-3.8095403284698923
160.66066066066065,-3.8636576033098686
160.74074074074073,-3.9097310543489785
160.8208208208208,-3.9738780171106507
160.9009009009009,-3.982006407198723
160.98098098098097,-4.0209032788542185
161.06106106106105,-4.067742035576338
161.14114114114113,-4.105266284274066
161.2212212212212,-4.1409368341873645
161.3013013013013,-4.179840403236196
161.38138138138137,-4.210990480853028
161.46146146146145,-4.236095918702408
161.54154154154153,-4.267637479298547
161.6216216216216,-4.300490894615305
161.7017017017017,-4.3212636823302795
161.78178178178177,-4.364453369044196
161.86186186186185,-4.372552007173897
161.94194194194193,-4.406597358464976
162.022022022022,-4.435917654078213
162.1021021021021,-4.453578176273473
162.18218218218217,-4.475845760907705
162.26226226226225,-4.494585525564344
162.34234234234233,-4.509446674882891
162.42242242242241,-4.517649624774718
162.5025025025025,-4.5189967071871715
162.58258258258257,-4.535110076166683
162.66266266266265,-4.539414149291363
162.74274274274273,-4.559563273942749
162.82282282282281,-4.559009204985359
162.9029029029029,-4.555570014642291
162.98298298298297,-4.551255597622281
163.06306306306305,-4.544121405045738
163.14314314314313,-4.532056150678963
163.22322322322321,-4.512985072333256
163.3033033033033,-4.512270739711891
163.38338338338338,-4.499244698440187
163.46346346346346,-4.49801863211129
163.54354354354354,-4.488553390181121
163.62362362362362,-4.482560883894809
163.7037037037037,-4.447822918636907
163.78378378378378,-4.43829550148889
163.86386386386386,-4.4023938217975624
163.94394394394394,-4.386685385130844
164.02402402402402,-4.351650745895684
164.1041041041041,-4.331012690864988
164.18418418418418,-4.280466735315362
164.26426426426426,-4.262879596525745
164.34434434434434,-4.204339123521757
164.42442442442442,-4.1890388694335705
164.5045045045045,-4.140379333658871
164.58458458458458,-4.108623238561489
164.66466466466466,-4.038739529045563
164.74474474474474,-4.012604642276073
164.82482482482482,-3.9540867027237483
164.9049049049049,-3.9092458270387644
164.98498498498498,-3.8668043730037276
165.06506506506506,-3.8394775292247365
165.14514514514514,-3.776379600874901
165.22522522522522,-3.7370635342237417
165.3053053053053,-3.681567412140054
165.38538538538538,-3.64916511109796
165.46546546546546,-3.586202003771272
165.54554554554554,-3.5428172473863886
165.62562562562562,-3.4813951809949684
165.7057057057057,-3.432028941491921
165.78578578578578,-3.3854638181329886
165.86586586586586,-3.315649547627564
165.94594594594594,-3.2721094963813693
166.02602602602602,-3.231451841072117
166.1061061061061,-3.167799957481595
166.18618618618618,-3.106980100938859
166.26626626626626,-3.0625713698402883
166.34634634634634,-3.0024044586569465
166.42642642642642,-2.9571997736406503
166.5065065065065,-2.898513856145436
166.58658658658658,-2.849312566640712
166.66666666666666,-2.7825700888984324
166.74674674674674,-2.7464838621070644
166.82682682682682,-2.673972084664827
166.9069069069069,-2.6498614121558868
166.98698698698698,-2.5856953762545967
167.06706706706706,-2.5423175717646935
167.14714714714714,-2.4642339670160394
167.22722722722722,-2.4306409650005825
167.3073073073073,-2.3594602046812714
167.38738738738738,-2.32581344096783
167.46746746746746,-2.2580180636286538
167.54754754754754,-2.227579998016916
167.62762762762762,-2.1621994259111603
167.7077077077077,-2.121580884963936
167.78778778778778,-2.054049934131446
167.86786786786786,-2.0231881383011894
167.94794794794794,-1.9602657877860492
168.02802802802802,-1.9270581058898932
168.1081081081081,-1.8737888891218342
168.18818818818818,-1.8388434926904926
168.26826826826826,-1.785744458766451
168.34834834834834,-1.768015102416272
168.42842842842842,-1.7225962359863543
168.5085085085085,-1.6940785523744202
168.58858858858858,-1.6568528416149904
168.66866866866866,-1.6287947009550192
168.74874874874874,-1.5926597133230522
168.82882882882882,-1.5746879206540818
168.9089089089089,-1.5417501302311802
168.98898898898898,-1.5170280724067577
169.06906906906906,-1.5183512775703205
169.14914914914914,-1.4972172495696379
169.22922922922922,-1.4799564215249081
169.3093093093093,-1.4737692277102292
169.38938938938938,-1.4794140941553093
169.46946946946946,-1.4622704600727738
169.54954954954954,-1.4653074957254693
169.62962962962962,-1.4512372037950991
169.7097097097097,-1.469686436487083
169.78978978978978,-1.4757665723526685
169.86986986986986,-1.4898159864598557
169.94994994994994,-1.4794118935558094
170.03003003003002,-1.5211891033398803
170.1101101101101,-1.541768408263664
170.19019019019018,-1.5629812121327114
170.27027027027026,-1.584136893973187
170.35035035035034,-1.6220270480231687
170.43043043043042,-1.6308545604127653
170.5105105105105,-1.6770713944633502
170.59059059059058,-1.7027125510563683
170.67067067067066,-1.7388679066151178
170.75075075075074,-1.7822751939965107
170.83083083083082,-1.824002573633222
170.9109109109109,-1.8605372231881987
170.99099099099098,-1.919182308619509
171.07107107107106,-1.956240233055207
171.15115115115114,-1.9998009775328784
171.23123123123122,-2.058549086238297
171.3113113113113,-2.1035614433686214
171.39139139139138,-2.1437945557997313
171.47147147147146,-2.2080987853165497
171.55155155155154,-2.2599958525579376
171.63163163163162,-2.314365760942838
171.7117117117117,-2.3730056543717675
171.79179179179178,-2.427918177271342
171.87187187187186,-2.487587412265801
171.95195195195194,-2.548335186118131
172.03203203203202,-2.5956070399601336
172.11211211211213,-2.646574528539238
172.19219219219218,-2.717447943873517
172.2722722722723,-2.7670642832797974
172.35235235235234,-2.818593494731907
172.43243243243245,-2.8799264286886257
172.5125125125125,-2.947215356756427
172.5925925925926,-2.997638397089697
172.67267267267266,-3.04631966206646
172.75275275275277,-3.0937139410093697
172.83283283283282,-3.1489365521499826
172.91291291291293,-3.206309547853068
172.99299299299298,-3.2606041732908806
173.0730730730731,-3.3166555882492985
173.15315315315314,-3.373736971860606
173.23323323323325,-3.416353448491866
173.3133133133133,-3.4672560084504456
173.3933933933934,-3.5186945872734996
173.47347347347346,-3.570399874895367
173.55355355355357,-3.614223655933501
173.63363363363362,-3.652300683941742
173.71371371371373,-3.68025156778096
173.79379379379378,-3.727947476322225
173.8738738738739,-3.7789001538579594
173.95395395395394,-3.801926647063222
174.03403403403405,-3.8327761119844435
174.1141141141141,-3.8754778758978503
174.1941941941942,-3.9091171451558884
174.27427427427426,-3.942155436417567
174.35435435435437,-3.975268631912273
174.43443443443442,-4.0101724528237455
174.51451451451453,-4.041182751195777
174.59459459459458,-4.064338653898458
174.6746746746747,-4.066246830538971
174.75475475475474,-4.095890566639755
174.83483483483485,-4.132462879392984
174.9149149149149,-4.149607331822218
174.994994994995,-4.170781259220315
175.07507507507506,-4.189633570260085
175.15515515515517,-4.19562640386776
175.23523523523522,-4.2042172663679445
175.31531531531533,-4.223935744515383
175.39539539539538,-4.230519862812289
175.4754754754755,-4.233574813650064
175.55555555555554,-4.236135857024699
175.63563563563565,-4.22596201332089
175.7157157157157,-4.23368423000385
175.7957957957958,-4.252779699510682
175.87587587587586,-4.241857878294524
175.95595595595597,-4.238467711837794
176.03603603603602,-4.225150126192565
176.11611611611613,-4.202091814870746
176.19619619619618,-4.192962891730072
176.2762762762763,-4.189712404840621
176.35635635635634,-4.162118601960292
176.43643643643645,-4.142795006438269
176.5165165165165,-4.143604764245758
176.5965965965966,-4.117556056923444
176.67667667667666,-4.0870690814212765
176.75675675675677,-4.085691044723622
176.83683683683682,-4.059572863940759
176.91691691691693,-4.029971200751483
176.99699699699698,-4.010490578334909
177.0770770770771,-3.981606781118258
177.15715715715714,-3.9490638057571013
177.23723723723725,-3.9307166543665115
177.3173173173173,-3.902633241079636
177.3973973973974,-3.8647718999581904
177.47747747747746,-3.8471461877753317
177.55755755755757,-3.82290952211822
177.63763763763762,-3.7834457430830235
177.71771771771773,-3.7680570912078846
177.79779779779778,-3.73720196612843
177.8778778778779,-3.690606350355134
177.95795795795794,-3.6649876822624092
178.03803803803805,-3.626147184173658
178.1181181181181,-3.583707210814175
178.1981981981982,-3.56362383859768
178.27827827827826,-3.5332708523030862
178.35835835835837,-3.480471605943878
178.43843843843842,-3.452592604794459
178.51851851851853,-3.4184703678410195
178.59859859859858,-3.3695091560929558
178.6786786786787,-3.3458569691261717
178.75875875875874,-3.313993955159351
178.83883883883885,-3.2533021167279306
178.9189189189189,-3.2146493568252485
178.998998998999,-3.184684946981983
179.07907907907907,-3.1331503157479044
179.15915915915917,-3.094411450346717
179.23923923923923,-3.062723283203227
179.31931931931933,-3.0064616229824366
179.39939939939939,-2.960774097269393
179.4794794794795,-2.927818048512715
179.55955955955955,-2.87200883962328
179.63963963963965,-2.82297108485225
179.7197197197197,-2.779832995859665
179.7997997997998,-2.71132619108902
179.87987987987987,-2.669732690038491
179.95995995995997,-2.6346408742814598
180.04004004004003,-2.5759198833285706
180.12012012012013,-2.524509786304095
180.2002002002002,-2.4839502882143814
180.2802802802803,-2.4214888521195514
180.36036036036035,-2.3744101910563002
180.44044044044045,-2.343022660342594
180.5205205205205,-2.2866972255145797
180.60060060060061,-2.2378266658850046
180.68068068068067,-2.1994372252569545
180.76076076076077,-2.1435016714085715
180.84084084084083,-2.09939748872689
180.92092092092093,-2.060443302746728
181.001001001001,-2.007594252217781
181.0810810810811,-1.9604934962435518
181.16116116116115,-1.9266853790943814
181.24124124124126,-1.8825498563414373
181.3213213213213,-1.8386138952193847
181.40140140140142,-1.807391073860799
181.48148148148147,-1.7681089269522399
181.56156156156158,-1.7241082878486713
181.64164164164163,-1.6973169784631983
181.72172172172174,-1.6673656740887186
181.8018018018018,-1.6332279668068388
181.8818818818819,-1.613138338715887
181.96196196196195,-1.5914713810558425
182.04204204204206,-1.5694256974788294
182.1221221221221,-1.550400867599034
182.20220220220222,-1.5219755355163607
182.28228228228227,-1.4992490477368599
182.36236236236238,-1.4977630688872277
182.44244244244243,-1.4878704725329208
182.52252252252254,-1.4699531553411793
182.6026026026026,-1.4692756911201914
182.6826826826827,-1.474041246059665
182.76276276276275,-1.467854827430375
182.84284284284286,-1.4721388538593405
182.9229229229229,-1.4747019684122038
183.00300300300302,-1.4802981108150535
183.08308308308307,-1.4932615403219278
183.16316316316318,-1.5084199928143625
183.24324324324323,-1.5173078741145278
183.32332332332334,-1.5464226151448146
183.4034034034034,-1.5765233030092078
183.4834834834835,-1.5912946524672829
183.56356356356355,-1.6117996556394034
183.64364364364366,-1.6415650650767677
183.7237237237237,-1.6711685299092414
183.80380380380382,-1.7060619636821552
183.88388388388387,-1.7452843043887782
183.96396396396398,-1.7865611035392865
184.04404404404403,-1.823782125645623
184.12412412412414,-1.8663803688289524
184.2042042042042,-1.907820281905826
184.2842842842843,-1.950986128965178
184.36436436436435,-2.001365162815306
184.44444444444446,-2.0429022815611
184.5245245245245,-2.094193170824309
184.60460460460462,-2.1373233396562905
184.68468468468467,-2.1798005434778167
184.76476476476478,-2.224638480350166
184.84484484484483,-2.2809807348695497
184.92492492492494,-2.3347000013028105
185.005005005005,-2.3799920232717
185.0850850850851,-2.4307467425628997
185.16516516516515,-2.4846815964363396
185.24524524524526,-2.535984317621171
185.3253253253253,-2.5893862818623834
185.40540540540542,-2.628745446297678
185.48548548548547,-2.6870698869361007
185.56556556556558,-2.7397782411188802
185.64564564564563,-2.7861208085967193
185.72572572572574,-2.830671815275908
185.8058058058058,-2.8811968462395185
185.8858858858859,-2.933552259704554
185.96596596596595,-2.9845235461531083
186.04604604604606,-3.0316029023892903
186.1261261261261,-3.0718112581219614
186.20620620620622,-3.1248384643819787
186.28628628628627,-3.173344863396185
186.36636636636638,-3.2053715851937485
186.44644644644643,-3.2535176565620616
186.52652652652654,-3.298582822371292
186.6066066066066,-3.3265310725900936
186.6866866866867,-3.3688574221162333
186.76676676676675,-3.416999948288302
186.84684684684686,-3.4464140936227614
186.9269269269269,-3.4773649501580617
187.00700700700702,-3.5185351186527556
187.08708708708707,-3.547983979670193
187.16716716716718,-3.5698740982610215
187.24724724724723,-3.5960892964025057
187.32732732732734,-3.6191692101351474
187.4074074074074,-3.6520449365152725
187.4874874874875,-3.6813238404452076
187.56756756756755,-3.6869585124936557
187.64764764764766,-3.7084448776041836
187.7277277277277,-3.7406471900125244
187.80780780780782,-3.749664638184874
187.88788788788787,-3.7666818638408492
187.96796796796798,-3.793190636971996
188.04804804804803,-3.803616826752515
188.12812812812814,-3.8134147382763732
188.2082082082082,-3.8287134566341465
188.2882882882883,-3.8214938671571463
188.36836836836835,-3.829849216623068
188.44844844844846,-3.8436406497242093
188.5285285285285,-3.8448467700910505
188.60860860860862,-3.854175142543623
188.68868868868867,-3.862843673122437
188.76876876876878,-3.853290043665203
188.84884884884883,-3.84317449405501
188.92892892892894,-3.8613071897428153
189.009009009009,-3.8602139843472854
189.0890890890891,-3.859160842040083
189.16916916916915,-3.869242267544801
189.24924924924926,-3.8634580044022715
189.3293293293293,-3.8452772190646294
189.40940940940942,-3.852004268607457
189.48948948948947,-3.8383240523005315
189.56956956956958,-3.825260563870369
189.64964964964963,-3.8307752460528812
189.72972972972974,-3.829287207156985
189.8098098098098,-3.8133025330690544
189.8898898898899,-3.8140619560275537
189.96996996996995,-3.8122240134481484
190.05005005005006,-3.7944157963098997
190.1301301301301,-3.7920905676301904
190.21021021021022,-3.783153256693387
190.29029029029027,-3.753145883908516
190.37037037037038,-3.752876760402646
190.45045045045043,-3.7384012851808675
190.53053053053054,-3.7077619692705053
190.6106106106106,-3.6931519660507957
190.6906906906907,-3.684644444441449
190.77077077077075,-3.6561203989906192
190.85085085085086,-3.642369938648672
190.9309309309309,-3.6164463472199917
191.01101101101102,-3.5765019174058335
191.09109109109107,-3.565223297041073
191.17117117117118,-3.5439190830325784
191.25125125125123,-3.5026891297631226
191.33133133133134,-3.4725328227055465
191.41141141141142,-3.4458927075789987
191.4914914914915,-3.402093439177684
191.57157157157158,-3.375130303412417
191.65165165165166,-3.354526326543808
191.73173173173174,-3.32027004262258
191.81181181181182,-3.2849701988922875
191.8918918918919,-3.254721684883881
191.97197197197198,-3.197955953746951
192.05205205205206,-3.167634330114329
192.13213213213214,-3.1491750143107438
192.21221221221222,-3.102952209854086
192.2922922922923,-3.0617328549487977
192.37237237237238,-3.0312278882581536
192.45245245245246,-2.985248901035513
192.53253253253254,-2.939966416376187
192.61261261261262,-2.9100223148674362
192.6926926926927,-2.8513737509678716
192.77277277277278,-2.8033373745116412
192.85285285285286,-2.769616936195382
192.93293293293294,-2.715838755915456
193.01301301301302,-2.672620205900421
193.0930930930931,-2.6377697496418833
193.17317317317318,-2.5827563023109286
193.25325325325326,-2.524359912110804
193.33333333333334,-2.4848990167160565
193.41341341341342,-2.4326317604193672
193.4934934934935,-2.3965448409138594
193.57357357357358,-2.357939295667725
193.65365365365366,-2.30717342884637
193.73373373373374,-2.251602010402774
193.81381381381382,-2.2158732297338664
193.8938938938939,-2.161663672138664
193.97397397397398,-2.112696339294574
194.05405405405406,-2.0697436875142197
194.13413413413414,-2.031731065296301
194.21421421421422,-1.9814503204679674
194.2942942942943,-1.94760934504233
194.37437437437438,-1.8999583136377576
194.45445445445446,-1.8627128557072836
194.53453453453454,-1.8220412439449838
194.61461461461462,-1.7822431354651411
194.6946946946947,-1.735556310487739
194.77477477477478,-1.710561362421222
194.85485485485486,-1.6751021948965266
194.93493493493494,-1.6422274647180783
195.01501501501502,-1.6168417144516063
195.0950950950951,-1.5900967796568253
195.17517517517518,-1.557067144452382
195.25525525525526,-1.5409943337700918
195.33533533533534,-1.523641438620464
195.41541541541542,-1.5073976508368243
195.4954954954955,-1.496595109041565
195.57557557557558,-1.4833629092716643
195.65565565565566,-1.4726658473928265
195.73573573573574,-1.4617533598729706
195.81581581581582,-1.46367993925019
195.8958958958959,-1.4627554319459464
195.97597597597598,-1.46664660686594
196.05605605605606,-1.4628801028880871
196.13613613613614,-1.469104189185387
196.21621621621622,-1.4739089484848635
196.2962962962963,-1.4818238618417194
196.37637637637638,-1.4870168934697092
196.45645645645646,-1.5161690731744764
196.53653653653654,-1.5206261169242037
196.61661661661662,-1.5429015607920404
196.6966966966967,-1.5572686265058546
196.77677677677679,-1.5827843290950252
196.85685685685687,-1.615968675132673
196.93693693693695,-1.651224812840377
197.01701701701703,-1.6640792557432043
197.0970970970971,-1.6985220335587476
197.17717717717719,-1.7362751402197885
197.25725725725727,-1.7665552400106037
197.33733733733735,-1.7968338820111605
197.41741741741743,-1.8395594263092487
197.4974974974975,-1.8692986961932798
197.57757757757759,-1.9110150624156976
197.65765765765767,-1.9576823798735252
197.73773773773775,-1.9897217159579175
197.81781781781783,-2.0327702368252236
197.8978978978979,-2.07363868715514
197.977977977978,-2.111256482545775
198.05805805805807,-2.1564576562292834
198.13813813813815,-2.2075853470519453
198.21821821821823,-2.2556308717135645
198.2982982982983,-2.285992096252272
198.3783783783784,-2.346134660260026
198.45845845845847,-2.377587924722741
198.53853853853855,-2.414465247273711
198.61861861861863,-2.470355175311859
198.6986986986987,-2.507026497613677
198.7787787787788,-2.544548232677803
198.85885885885887,-2.595373092663987
198.93893893893895,-2.6446372703371672
199.01901901901903,-2.6806644026323547
199.0990990990991,-2.7081054401864693
199.1791791791792,-2.759832383589002
199.25925925925927,-2.795208428433132
199.33933933933935,-2.8521738469152345
199.41941941941943,-2.882768487706339
199.4994994994995,-2.9126377223606155
199.5795795795796,-2.9549266013745026
199.65965965965967,-3.0000115018445865
199.73973973973975,-3.020196106653668
199.81981981981983,-3.063091969343244
199.8998998998999,-3.096860723741671
199.97997997998,-3.1362089097938655
200.06006006006007,-3.1511636814670543
200.14014014014015,-3.191900848162913
200.22022022022023,-3.22806406776942
200.3003003003003,-3.2684102016306986
200.3803803803804,-3.2901503454461736
200.46046046046047,-3.3083479301151346
200.54054054054055,-3.325645940300453
200.62062062062063,-3.3576382026457976
200.7007007007007,-3.374508959823103
200.7807807807808,-3.4105198509628756
200.86086086086087,-3.439929769470128
200.94094094094095,-3.4609776973768795
201.02102102102103,-3.482905390001017
201.1011011011011,-3.5028799891760345
201.1811811811812,-3.5284324404457412
201.26126126126127,-3.555829258041803
201.34134134134135,-3.5805212631457892
201.42142142142143,-3.599439763484592
201.5015015015015,-3.6147984272465474
201.5815815815816,-3.633980008004573
201.66166166166167,-3.6529570090612706
201.74174174174175,-3.6572436686
201.82182182182183,-3.6831503877526517
201.9019019019019,-3.6905631382843533
201.981981981982,-3.704297019879266
202.06206206206207,-3.6969574239926475
202.14214214214215,-3.7314207344018833
202.22222222222223,-3.7248268168787106
202.3023023023023,-3.7525085437703214
202.3823823823824,-3.748256337913146
202.46246246246247,-3.748914807746128
202.54254254254255,-3.7439210191095182
202.62262262262263,-3.7474425458090366
202.7027027027027,-3.7602855144975935
202.7827827827828,-3.7726110862319904
202.86286286286287,-3.768689472201473
202.94294294294295,-3.765999392707042
203.02302302302303,-3.753519908858554
203.1031031031031,-3.7577121543849006
203.1831831831832,-3.754719312199908
203.26326326326327,-3.752057065541264
203.34334334334335,-3.744623183208382
203.42342342342343,-3.7476280497280734
203.5035035035035,-3.7201477809429884
203.5835835835836,-3.7272551507328617
203.66366366366367,-3.7015180807992882
203.74374374374375,-3.6873889187332036
203.82382382382383,-3.6722822072727754
203.9039039039039,-3.661504037530838
203.983983983984,-3.6328949633241407
204.06406406406407,-3.612205177592511
204.14414414414415,-3.599391420973832
204.22422422422423,-3.5724364356271803
204.3043043043043,-3.5478858721317317
204.3843843843844,-3.52892920292842
204.46446446446447,-3.494399732537551
204.54454454454455,-3.4816702945166065
204.62462462462463,-3.4521853665349918
204.7047047047047,-3.4064994503328174
204.7847847847848,-3.3751799263447286
204.86486486486487,-3.368518264685717
204.94494494494495,-3.3198055168323
205.02502502502503,-3.284302749397886
205.1051051051051,-3.2727975763389208
205.1851851851852,-3.215406853133702
205.26526526526527,-3.180205103306825
205.34534534534535,-3.14335321379616
205.42542542542543,-3.1010307619576896
205.5055055055055,-3.039777772823987
205.5855855855856,-3.031966807088058
205.66566566566567,-2.974520632200451
205.74574574574575,-2.9437110579842423
205.82582582582583,-2.8944603633965835
205.9059059059059,-2.866074899057969
205.985985985986,-2.790343870887803
206.06606606606607,-2.792413740483607
206.14614614614615,-2.7156449183154914
206.22622622622623,-2.681218917802719
206.3063063063063,-2.6247811321230197
206.3863863863864,-2.600754047290006
206.46646646646647,-2.507822137835069
206.54654654654655,-2.503271208881772
206.62662662662663,-2.4363940187113764
206.7067067067067,-2.4083557587233586
206.7867867867868,-2.3583688609860802
206.86686686686687,-2.3466007864694904
206.94694694694695,-2.2606446346522326
207.02702702702703,-2.250704903354966
207.1071071071071,-2.1597273092178106
207.1871871871872,-2.1263653435167704
207.26726726726727,-2.0829966854998254
207.34734734734735,-2.0642101798148755
207.42742742742743,-1.9750597860654031
207.5075075075075,-1.9678029136911275
207.5875875875876,-1.920627126687209
207.66766766766767,-1.8808317376866042
207.74774774774775,-1.8418786904153144
207.82782782782783,-1.816071301280732
207.9079079079079,-1.7589363110686183
207.987987987988,-1.7440947419589252
208.06806806806807,-1.6928711926026947
208.14814814814815,-1.6530102676237033
208.22822822822823,-1.643735510062468
208.3083083083083,-1.6142498445361708
208.3883883883884,-1.5681319444498365
208.46846846846847,-1.5464719858864389
208.54854854854855,-1.5459327467068475
208.62862862862863,-1.5087932195496319
208.7087087087087,-1.5122068069073176
208.7887887887888,-1.4922698112006851
208.86886886886887,-1.470868939307718
208.94894894894895,-1.4569808562263238
209.02902902902903,-1.4636648538287966
209.1091091091091,-1.4268911426400226
209.1891891891892,-1.4359381182746853
209.26926926926927,-1.4367139546403873
209.34934934934935,-1.447740523072349
209.42942942942943,-1.4230948010027251
209.5095095095095,-1.4603813086763142
209.5895895895896,-1.4387068998706276
209.66966966966967,-1.459481921918229
209.74974974974975,-1.4638366323716816
209.82982982982983,-1.48520509540784
209.9099099099099,-1.4823056707817228
209.98998998999,-1.538250630905858
210.07007007007007,-1.5182519826928667
210.15015015015015,-1.5455171831115977
210.23023023023023,-1.5727120202926825
210.3103103103103,-1.604417620349315
210.3903903903904,-1.6170920300401754
210.47047047047047,-1.653991493938693
210.55055055055055,-1.6732165947326767
210.63063063063063,-1.7241080868409893
210.7107107107107,-1.7603072644216755
210.7907907907908,-1.7932415089477205
210.87087087087087,-1.801475742525519
210.95095095095095,-1.8680119877069776
211.03103103103103,-1.8876283385426926
211.11111111111111,-1.9216513745595885
211.1911911911912,-1.9574866412888423
211.27127127127127,-1.9909431799096733
211.35135135135135,-2.036088056923122
211.43143143143143,-2.0801933171773785
211.51151151151151,-2.110053129674168
211.5915915915916,-2.132568168471575
211.67167167167167,-2.1858618439175412
211.75175175175175,-2.238956530171831
211.83183183183183,-2.2659371773419443
211.91191191191191,-2.30060785152383
211.991991991992,-2.360815415478858
212.07207207207207,-2.378115525840421
212.15215215215215,-2.440664737137019
212.23223223223223,-2.450143831044549
212.31231231231232,-2.507741527414143
212.3923923923924,-2.5478722923989903
212.47247247247248,-2.606644505767148
212.55255255255256,-2.630631019248538
212.63263263263264,-2.6921555795332432
212.71271271271272,-2.709370487591482
212.7927927927928,-2.770165871927186
212.87287287287288,-2.7957914820526986
212.95295295295296,-2.834604255081163
213.03303303303304,-2.868853083469688
213.11311311311312,-2.9135061052279987
213.1931931931932,-2.970731436343206
213.27327327327328,-2.9972617103067183
213.35335335335336,-3.059137764351907
213.43343343343344,-3.1006713343830223
213.51351351351352,-3.1212963763818755
213.5935935935936,-3.173769086137121
213.67367367367368,-3.1691266593893213
213.75375375375376,-3.2395292437485415
213.83383383383384,-3.305094936418673
213.91391391391392,-3.3006908891780267
213.993993993994,-3.3311047371830993
214.07407407407408,-3.3536693961220445
214.15415415415416,-3.4004167479845875
214.23423423423424,-3.4317465327852092
214.31431431431432,-3.45435668768822
214.3943943943944,-3.4981238619702566
214.47447447447448,-3.5024417668929866
214.55455455455456,-3.5445062403134457
214.63463463463464,-3.5524906882359026
214.71471471471472,-3.5658817341280047
214.7947947947948,-3.619096857815892
214.87487487487488,-3.6328570194663925
214.95495495495496,-3.6375258515436353
215.03503503503504,-3.6639375107339225
215.11511511511512,-3.6905140354085972
215.1951951951952,-3.6858679767884825
215.27527527527528,-3.7181711443114707
215.35535535535536,-3.7312601984522904
215.43543543543544,-3.734655231973326
215.51551551551552,-3.7541819294419856
215.5955955955956,-3.7937739818959066
215.67567567567568,-3.77328971670264
215.75575575575576,-3.8137024148404026
215.83583583583584,-3.795325172235968
215.91591591591592,-3.8026298382051844
215.995995995996,-3.799928171962237
216.07607607607608,-3.819559401323846
216.15615615615616,-3.786320584726192
216.23623623623624,-3.8344527407907845
216.31631631631632,-3.8136089977612277
216.3963963963964,-3.798161648495699
216.47647647647648,-3.7953488539954607
216.55655655655656,-3.827116636017846
216.63663663663664,-3.7754738991941807
216.71671671671672,-3.8081208635436052
216.7967967967968,-3.793836498869644
216.87687687687688,-3.7644613492726524
216.95695695695696,-3.7583192368366913
217.03703703703704,-3.760252316176628
217.11711711711712,-3.7051946666256703
217.1971971971972,-3.7159646317348156
217.27727727727728,-3.686822737172703
217.35735735735736,-3.670923264895703
217.43743743743744,-3.617469942303643
217.51751751751752,-3.6516123787240184
217.5975975975976,-3.571622811918758
217.67767767767768,-3.5698068994405836
217.75775775775776,-3.5579913678013413
217.83783783783784,-3.512103356634544
217.91791791791792,-3.4937063934700348
217.997997997998,-3.4810271120888645
218.07807807807808,-3.4276824409488142
218.15815815815816,-3.366674381431352
218.23823823823824,-3.3528161244523664
218.31831831831832,-3.317282470588906
218.3983983983984,-3.2695776098822558
218.47847847847848,-3.2700439327092026
218.55855855855856,-3.1846954811051162
218.63863863863864,-3.1612935125823594
218.71871871871872,-3.1393023218445646
218.7987987987988,-3.0900670353470887
218.87887887887888,-2.9886525276978646
218.95895895895896,-2.998769938817763
219.03903903903904,-2.9788604295777636
219.11911911911912,-2.9099823779383804
219.1991991991992,-2.8935651048636677
219.27927927927928,-2.789476198137377
219.35935935935936,-2.7399918797613645
219.43943943943944,-2.7481847397176136
219.51951951951952,-2.6810346407441727
219.5995995995996,-2.6544488292332606
219.67967967967968,-2.6010609594863023
219.75975975975976,-2.59192171797111
219.83983983983984,-2.478215284236027
219.91991991991992,-2.450311135074644
220.0,-2.3921190928643
