freq,trans_dB
140.0,-2.400502273344656
140.08008008008008,-2.369665038265808
140.16016016016016,-2.342246530386734
140.24024024024024,-2.2792206406359647
140.32032032032032,-2.218784888038944
140.4004004004004,-2.138458452060579
140.48048048048048,-2.0688222206404223
140.56056056056056,-2.0073054557030345
140.64064064064064,-1.9476619392655545
140.72072072072072,-1.8864221264840282
140.8008008008008,-1.804242853576122
140.88088088088088,-1.7363915344448677
140.96096096096096,-1.663200840313912
141.04104104104104,-1.6040036473620103
141.12112112112112,-1.541719156417024
141.2012012012012,-1.4783799002385256
141.28128128128128,-1.4111908030708153
141.36136136136136,-1.345387930284311
141.44144144144144,-1.2739439001525508
141.52152152152152,-1.2051248516834165
141.6016016016016,-1.1314303047544785
141.68168168168168,-1.0781683270539393
141.76176176176176,-1.0127251282738248
141.84184184184184,-0.9599928055779628
141.92192192192192,-0.8877589783958992
142.002002002002,-0.8307378980681275
142.08208208208208,-0.762687229621782
142.16216216216216,-0.7112468407755034
142.24224224224224,-0.6527151741267864
142.32232232232232,-0.6071573810411209
142.4024024024024,-0.5503966908963335
142.48248248248248,-0.5094530582186612
142.56256256256256,-0.45497364371292065
142.64264264264264,-0.4255324282788978
142.72272272272272,-0.3778455915585991
142.8028028028028,-0.35536638015070676
142.88288288288288,-0.30212250385825157
142.96296296296296,-0.2786966374428422
143.04304304304304,-0.23830924895646252
143.12312312312312,-0.23695732013318085
143.2032032032032,-0.20918812635895348
143.28328328328328,-0.2090987608593939
143.36336336336336,-0.18621969549911727
143.44344344344344,-0.19660833311325226
143.52352352352352,-0.18648892410923962
143.6036036036036,-0.19567804732722546
143.68368368368368,-0.1921023303612577
143.76376376376376,-0.215827575049966
143.84384384384384,-0.23375531880707393
143.92392392392392,-0.2619264535210138
144.004004004004,-0.2780767779946935
144.08408408408408,-0.30735585170827967
144.16416416416416,-0.33936317466061083
144.24424424424424,-0.37553333011769136
144.32432432432432,-0.41885780846119786
144.4044044044044,-0.4555367335100381
144.48448448448448,-0.5108328044715257
144.56456456456456,-0.5516349430782724
144.64464464464464,-0.6140771818171957
144.72472472472472,-0.6604542994329744
144.8048048048048,-0.7349354736774546
144.88488488488488,-0.7827853669827328
144.96496496496496,-0.8541094157636426
145.04504504504504,-0.9008867075443532
145.12512512512512,-0.9790968671644311
145.2052052052052,-1.0327268704133958
145.28528528528528,-1.1114627918227764
145.36536536536536,-1.1681605824579975
145.44544544544544,-1.246713519297636
145.52552552552552,-1.3028576890161534
145.6056056056056,-1.3829722851500204
145.68568568568568,-1.4459881357971225
145.76576576576576,-1.530141281535388
145.84584584584584,-1.5952242164464208
145.92592592592592,-1.6729495423749372
146.006006006006,-1.737098567813131
146.08608608608608,-1.8078578593230428
146.16616616616616,-1.8665078532243307
146.24624624624624,-1.933502262852564
146.32632632632632,-1.9968481561579474
146.4064064064064,-2.0709908486007484
146.48648648648648,-2.1392938113136455
146.56656656656656,-2.2123673427175006
146.64664664664664,-2.277002422396388
146.72672672672672,-2.3401152265194756
146.8068068068068,-2.404239813219981
146.88688688688688,-2.465817150320373
146.96696696696696,-2.530388181027021
147.04704704704704,-2.589815426584328
147.12712712712712,-2.648928368747064
147.2072072072072,-2.7029846134695994
147.28728728728728,-2.754941946072471
147.36736736736736,-2.8051273067543754
147.44744744744744,-2.8590728315771874
147.52752752752752,-2.910140769777225
147.6076076076076,-2.964604259778769
147.68768768768768,-3.003457455931847
147.76776776776777,-3.0562164194425887
147.84784784784785,-3.099146578979697
147.92792792792793,-3.1503156672183374
148.008008008008,-3.1866024265761923
148.08808808808809,-3.224633717317452
148.16816816816817,-3.254728324381381
148.24824824824825,-3.2889029966570282
148.32832832832833,-3.320298135432495
148.4084084084084,-3.359210819237772
148.48848848848849,-3.389177167409957
148.56856856856857,-3.4203260926508294
148.64864864864865,-3.4433282168791672
148.72872872872873,-3.477155150862545
148.8088088088088,-3.5102749432155997
148.88888888888889,-3.538552041484311
148.96896896896897,-3.559245398860534
149.04904904904905,-3.5700628500122793
149.12912912912913,-3.587003421955173
149.2092092092092,-3.5972677473473493
149.2892892892893,-3.615786150571842
149.36936936936937,-3.6268157862384616
149.44944944944945,-3.6412392477273334
149.52952952952953,-3.6506539269939635
149.6096096096096,-3.6575618580979667
149.6896896896897,-3.6642419463450486
149.76976976976977,-3.676858952119751
149.84984984984985,-3.6842850012688126
149.92992992992993,-3.6887321326187665
150.01001001001,-3.678484849568089
150.0900900900901,-3.669875219743855
150.17017017017017,-3.657649634612437
150.25025025025025,-3.654412324617183
150.33033033033033,-3.650249211522977
150.4104104104104,-3.640221449440134
150.4904904904905,-3.624901157472678
150.57057057057057,-3.6109143977700753
150.65065065065065,-3.597084857360974
150.73073073073073,-3.591931754463975
150.8108108108108,-3.5796691236648543
150.8908908908909,-3.5674452931872636
150.97097097097097,-3.541833202800967
151.05105105105105,-3.515118791467063
151.13113113113113,-3.4843255113806997
151.2112112112112,-3.4587737521725463
151.2912912912913,-3.429149315758407
151.37137137137137,-3.4023991587415523
151.45145145145145,-3.368138017405428
151.53153153153153,-3.33682881664316
151.6116116116116,-3.30275484771679
151.6916916916917,-3.2776929149942515
151.77177177177177,-3.245434128892638
151.85185185185185,-3.2049600278112034
151.93193193193193,-3.1567281062536074
152.012012012012,-3.1062487969434103
152.0920920920921,-3.06444192021411
152.17217217217217,-3.021984116939416
152.25225225225225,-2.9831658685352935
152.33233233233233,-2.9320521719423236
152.4124124124124,-2.878647339552376
152.4924924924925,-2.8254679967934564
152.57257257257257,-2.7780818289046967
152.65265265265265,-2.731165075328178
152.73273273273273,-2.6850038061418084
152.8128128128128,-2.6320445568580246
152.8928928928929,-2.581334220348868
152.97297297297297,-2.5181016090987023
153.05305305305305,-2.456230301210475
153.13313313313313,-2.3880454716179806
153.2132132132132,-2.33115822574777
153.2932932932933,-2.269180420034046
153.37337337337337,-2.2136310314681418
153.45345345345345,-2.144319408418262
153.53353353353353,-2.0830996232366865
153.6136136136136,-2.014727858744905
153.6936936936937,-1.9537514539430476
153.77377377377377,-1.886189534665718
153.85385385385385,-1.8200411882026284
153.93393393393393,-1.752080001354807
154.014014014014,-1.6839865105675267
154.0940940940941,-1.6113879853110658
154.17417417417417,-1.5451890918080544
154.25425425425425,-1.4775323127443964
154.33433433433433,-1.4144345116301111
154.4144144144144,-1.3443778207696833
154.4944944944945,-1.2774219415457448
154.57457457457457,-1.2132250482175868
154.65465465465465,-1.1514331459291456
154.73473473473473,-1.0917595495330545
154.8148148148148,-1.0267557742973772
154.8948948948949,-0.964944457274545
154.97497497497497,-0.8999101243442452
155.05505505505505,-0.8400873606252567
155.13513513513513,-0.7822215757133988
155.2152152152152,-0.73140234281082
155.2952952952953,-0.6776805578744552
155.37537537537537,-0.6279445824722159
155.45545545545545,-0.57437852846981
155.53553553553553,-0.5248338122667813
155.6156156156156,-0.47671592593677325
155.6956956956957,-0.43666133471632534
155.77577577577577,-0.39887779664214723
155.85585585585585,-0.3682487552569926
155.93593593593593,-0.33228217059659754
156.016016016016,-0.301495896754114
156.0960960960961,-0.2697762491283983
156.17617617617617,-0.25084490111447333
156.25625625625625,-0.23076727596406935
156.33633633633633,-0.21853420170322435
156.4164164164164,-0.2059669517508074
156.4964964964965,-0.20137429781179747
156.57657657657657,-0.19684887738047366
156.65665665665665,-0.199246636028168
156.73673673673673,-0.20046787085530152
156.8168168168168,-0.2099274494048943
156.8968968968969,-0.22072830149164424
156.97697697697697,-0.2386373006737124
157.05705705705705,-0.25755371000308697
157.13713713713713,-0.28627310809922263
157.2172172172172,-0.31742991509584595
157.2972972972973,-0.35362329929240643
157.37737737737737,-0.38572354603306047
157.45745745745745,-0.4280742221012126
157.53753753753753,-0.4681437926315841
157.6176176176176,-0.5196515813247267
157.6976976976977,-0.5636878063424019
157.77777777777777,-0.6181587200363179
157.85785785785785,-0.66845302971832
157.93793793793793,-0.7286273140956325
158.018018018018,-0.7837202588410054
158.0980980980981,-0.8431481678532615
158.17817817817817,-0.9000896658401973
158.25825825825825,-0.9615241657606497
158.33833833833833,-1.0276362317781136
158.4184184184184,-1.0931028784194785
158.4984984984985,-1.1606667953906051
158.57857857857857,-1.224873667845458
158.65865865865865,-1.293247561105038
158.73873873873873,-1.3573737108304467
158.8188188188188,-1.4260624526453962
158.8988988988989,-1.4952032815166847
158.97897897897897,-1.566976990756597
159.05905905905905,-1.6329984848659107
159.13913913913913,-1.701732189512896
159.2192192192192,-1.767417740639052
159.2992992992993,-1.8398387006382615
159.37937937937937,-1.9023706360546218
159.45945945945945,-1.9661079984222416
159.53953953953953,-2.0234944248850346
159.6196196196196,-2.088983972886529
159.6996996996997,-2.153412161958001
159.77977977977977,-2.217279568553428
159.85985985985985,-2.2801687870121987
159.93993993993993,-2.3419896215797924
160.02002002002,-2.4033078958454714
160.1001001001001,-2.4610011755418895
160.18018018018017,-2.5163367281284073
160.26026026026025,-2.5688945219744976
160.34034034034033,-2.619930671867007
160.4204204204204,-2.669338816076978
160.5005005005005,-2.72116170059613
160.58058058058057,-2.769327109529265
160.66066066066065,-2.82401352443568
160.74074074074073,-2.872474303104885
160.8208208208208,-2.926910336307627
160.9009009009009,-2.967340372556764
160.98098098098097,-3.0071606002785303
161.06106106106105,-3.041546368134327
161.14114114114113,-3.0782086187274187
161.2212212212212,-3.1147779142330045
161.3013013013013,-3.150869400943579
161.38138138138137,-3.1889255053493093
161.46146146146145,-3.2241110360227156
161.54154154154153,-3.254118355167042
161.6216216216216,-3.286694634326451
161.7017017017017,-3.3138285723305096
161.78178178178177,-3.3452063063253696
161.86186186186185,-3.36672585076455
161.94194194194193,-3.3931010980976897
162.022022022022,-3.414804743223707
162.1021021021021,-3.436547320835848
162.18218218218217,-3.454490177619464
162.26226226226225,-3.471101188570143
162.34234234234233,-3.4895163042046526
162.42242242242241,-3.5072374528528427
162.5025025025025,-3.5180931144570113
162.58258258258257,-3.530643515360228
162.66266266266265,-3.538949785739934
162.74274274274273,-3.5527741416077165
162.82282282282281,-3.557563943524663
162.9029029029029,-3.558555122751244
162.98298298298297,-3.554602696387094
163.06306306306305,-3.550830018478751
163.14314314314313,-3.5471889890307753
163.22322322322321,-3.5381582645911975
163.3033033033033,-3.531002889101386
163.38338338338338,-3.5244327151950974
163.46346346346346,-3.521154228770995
163.54354354354354,-3.5142152754141516
163.62362362362362,-3.5089330344618745
163.7037037037037,-3.4964878299124953
163.78378378378378,-3.485883523151612
163.86386386386386,-3.4639096029564245
163.94394394394394,-3.4476849031499093
164.02402402402402,-3.423484985362763
164.1041041041041,-3.4067819162287853
164.18418418418418,-3.3790867383990832
164.26426426426426,-3.3612391502312557
164.34434434434434,-3.3303501973602563
164.42442442442442,-3.309622969972421
164.5045045045045,-3.275841574891743
164.58458458458458,-3.249561902949163
164.66466466466466,-3.211622900151401
164.74474474474474,-3.1829700058074955
164.82482482482482,-3.1446058345275696
164.9049049049049,-3.1066066562234917
164.98498498498498,-3.0616836594562225
165.06506506506506,-3.027317746350538
165.14514514514514,-2.984569277652793
165.22522522522522,-2.9454987494964633
165.3053053053053,-2.8941487708922637
165.38538538538538,-2.857697626703775
165.46546546546546,-2.8102566106973152
165.54554554554554,-2.7674706794097497
165.62562562562562,-2.7151658073406724
165.7057057057057,-2.6660740292487053
165.78578578578578,-2.6193978267007996
165.86586586586586,-2.565479629356033
165.94594594594594,-2.5129113498049285
166.02602602602602,-2.459273731593231
166.1061061061061,-2.4032798621969014
166.18618618618618,-2.3439031720004007
166.26626626626626,-2.2795119547709506
166.34634634634634,-2.2212494796861937
166.42642642642642,-2.1629624208851492
166.5065065065065,-2.1014633425045197
166.58658658658658,-2.0418930494867533
166.66666666666666,-1.9731620285907678
166.74674674674674,-1.9126205515356691
166.82682682682682,-1.8384493030289109
166.9069069069069,-1.7769677955248084
166.98698698698698,-1.7072141275845678
167.06706706706706,-1.6503365910027785
167.14714714714714,-1.5811884881843716
167.22722722722722,-1.5226925128704625
167.3073073073073,-1.4555407355868144
167.38738738738738,-1.3966809969389737
167.46746746746746,-1.3233493421463884
167.54754754754754,-1.262042693745219
167.62762762762762,-1.1912030785169567
167.7077077077077,-1.135984898362051
167.78778778778778,-1.0691296807230275
167.86786786786786,-1.0118889802781608
167.94794794794794,-0.9434800917733138
168.02802802802802,-0.8891482954034681
168.1081081081081,-0.8266142430879847
168.18818818818818,-0.7735740164508571
168.26826826826826,-0.710222429496993
168.34834834834834,-0.6562603103263103
168.42842842842842,-0.5990074372772987
168.5085085085085,-0.5545048226498339
168.58858858858858,-0.5068146901580477
168.66866866866866,-0.46777463737879926
168.74874874874874,-0.42500166004875634
168.82882882882882,-0.38701286385030037
168.9089089089089,-0.3440336534510632
168.98898898898898,-0.307006703028767
169.06906906906906,-0.27752557089577967
169.14914914914914,-0.2523369415679329
169.22922922922922,-0.2314632072572821
169.3093093093093,-0.20941324276741366
169.38938938938938,-0.19742313739230047
169.46946946946946,-0.1860186280764473
169.54954954954954,-0.18036617858719084
169.62962962962962,-0.1690674401048782
169.7097097097097,-0.16874480101690226
169.78978978978978,-0.1677698342243629
169.86986986986986,-0.17719608207956922
169.94994994994994,-0.18232898927212418
170.03003003003002,-0.20124005002548043
170.1101101101101,-0.21943714650233548
170.19019019019018,-0.24459121096024275
170.27027027027026,-0.2667359698646981
170.35035035035034,-0.29871042716286667
170.43043043043042,-0.3312317104544846
170.5105105105105,-0.372628559948775
170.59059059059058,-0.4091872773660528
170.67067067067066,-0.45307470747042944
170.75075075075074,-0.49666153131248064
170.83083083083082,-0.5474086855049417
170.9109109109109,-0.5993403721980962
170.99099099099098,-0.6549827196290833
171.07107107107106,-0.7075204914763602
171.15115115115114,-0.7609332774245829
171.23123123123122,-0.8166334809793828
171.3113113113113,-0.8755410929905441
171.39139139139138,-0.9355543472902872
171.47147147147146,-0.9968479738130058
171.55155155155154,-1.0606414272797073
171.63163163163162,-1.1265694874557948
171.7117117117117,-1.1917677597720597
171.79179179179178,-1.2561045798978114
171.87187187187186,-1.322298448845805
171.95195195195194,-1.3885847484439706
172.03203203203202,-1.452935820345682
172.11211211211213,-1.5115707782504226
172.19219219219218,-1.5756708789173337
172.2722722722723,-1.6407537027588561
172.35235235235234,-1.7078534128961094
172.43243243243245,-1.7704000839607055
172.5125125125125,-1.8357721344448417
172.5925925925926,-1.897867039911772
172.67267267267266,-1.9587168678008289
172.75275275275277,-2.017635128978345
172.83283283283282,-2.0785630614223893
172.91291291291293,-2.138069098174253
172.99299299299298,-2.1983418997183173
173.0730730730731,-2.255813852544652
173.15315315315314,-2.312922518568804
173.23323323323325,-2.3672042052609767
173.3133133133133,-2.420839583157534
173.3933933933934,-2.475393813366679
173.47347347347346,-2.5302919358482465
173.55355355355357,-2.5836368545080757
173.63363363363362,-2.6311242179574363
173.71371371371373,-2.6755608277355267
173.79379379379378,-2.71898715751997
173.8738738738739,-2.764847823884579
173.95395395395394,-2.80755060912604
174.03403403403405,-2.8473118853188146
174.1141141141141,-2.8877412436912544
174.1941941941942,-2.933926004832191
174.27427427427426,-2.9776747389345757
174.35435435435437,-3.01638521532126
174.43443443443442,-3.049787815011604
174.51451451451453,-3.082442860950735
174.59459459459458,-3.1134977862450746
174.6746746746747,-3.141994492516489
174.75475475475474,-3.169672872731506
174.83483483483485,-3.1970038251952815
174.9149149149149,-3.223476857790657
174.994994994995,-3.2486919658362052
175.07507507507506,-3.272141307223861
175.15515515515517,-3.2992536324942483
175.23523523523522,-3.319655621571615
175.31531531531533,-3.334499958871055
175.39539539539538,-3.344666387351002
175.4754754754755,-3.3599738412892868
175.55555555555554,-3.3743930321818283
175.63563563563565,-3.387492047288808
175.7157157157157,-3.3971302938818395
175.7957957957958,-3.4056483340255395
175.87587587587586,-3.4134324063667885
175.95595595595597,-3.420875434943464
176.03603603603602,-3.4259099068745678
176.11611611611613,-3.430637463779853
176.19619619619618,-3.4327343337866387
176.2762762762763,-3.430553083266424
176.35635635635634,-3.420643665691298
176.43643643643645,-3.411305062800244
176.5165165165165,-3.4054457124691337
176.5965965965966,-3.4038424430636636
176.67667667667666,-3.399488742825366
176.75675675675677,-3.3924235062602914
176.83683683683682,-3.3846877047992874
176.91691691691693,-3.375679089620808
176.99699699699698,-3.3606990680924578
177.0770770770771,-3.3394697450010535
177.15715715715714,-3.3162930247119813
177.23723723723725,-3.2908492697326244
177.3173173173173,-3.2653838778846085
177.3973973973974,-3.241637741590045
177.47747747747746,-3.2198483443183528
177.55755755755757,-3.1989283594902522
177.63763763763762,-3.176482718131375
177.71771771771773,-3.1501033916193912
177.79779779779778,-3.1185187543705184
177.8778778778779,-3.084560934839188
177.95795795795794,-3.050579537949107
178.03803803803805,-3.0134170408177607
178.1181181181181,-2.9763482293445387
178.1981981981982,-2.9372062213868744
178.27827827827826,-2.898043118794083
178.35835835835837,-2.853732615862362
178.43843843843842,-2.8079581834434717
178.51851851851853,-2.7636311646226677
178.59859859859858,-2.7216280868730074
178.6786786786787,-2.6796315397485895
178.75875875875874,-2.6326995919339673
178.83883883883885,-2.581961381588449
178.9189189189189,-2.528183166099269
178.998998998999,-2.473241330440835
179.07907907907907,-2.4183845747062214
179.15915915915917,-2.3647368695393074
179.23923923923923,-2.309530822659342
179.31931931931933,-2.25151666815288
179.39939939939939,-2.191526606269401
179.4794794794795,-2.13153699584003
179.55955955955955,-2.07453983353658
179.63963963963965,-2.0199383264343767
179.7197197197197,-1.9628216180779492
179.7997997997998,-1.8994849662281406
179.87987987987987,-1.8338949704429186
179.95995995995997,-1.7698151805842097
180.04004004004003,-1.7069966146938702
180.12012012012013,-1.6439925678625604
180.2002002002002,-1.5811116852100882
180.2802802802803,-1.5183448016477816
180.36036036036035,-1.4554123379588233
180.44044044044045,-1.3925224765688107
180.5205205205205,-1.3310121275819156
180.60060060060061,-1.270853697292017
180.68068068068067,-1.2085883045730175
180.76076076076077,-1.14275227602624
180.84084084084083,-1.077029091643891
180.92092092092093,-1.0128833940854103
181.001001001001,-0.9527004074963084
181.0810810810811,-0.8945041495977291
181.16116116116115,-0.8379308330529796
181.24124124124126,-0.7801552793659584
181.3213213213213,-0.7216093564168418
181.40140140140142,-0.6651427813142363
181.48148148148147,-0.6136415353599795
181.56156156156158,-0.5653446107373042
181.64164164164163,-0.519899219099446
181.72172172172174,-0.4761490166453951
181.8018018018018,-0.4343655538132058
181.8818818818819,-0.3948000241553913
181.96196196196195,-0.3573664310340833
182.04204204204206,-0.32368475572603084
182.1221221221221,-0.292560713433694
182.20220220220222,-0.26346019353342076
182.28228228228227,-0.23741450398579456
182.36236236236238,-0.21807020458960769
182.44244244244243,-0.2040477308584775
182.52252252252254,-0.19185875804650576
182.6026026026026,-0.18054617710337184
182.6826826826827,-0.17275965686368033
182.76276276276275,-0.169626731740474
182.84284284284286,-0.17135958347642238
182.9229229229229,-0.17664439128541853
183.00300300300302,-0.18695142842227644
183.08308308308307,-0.2002267565767917
183.16316316316318,-0.21678664636999637
183.24324324324323,-0.2332569090762196
183.32332332332334,-0.2532279245533368
183.4034034034034,-0.2784054872916368
183.4834834834835,-0.31030032871974317
183.56356356356355,-0.3448297187402497
183.64364364364366,-0.3809300217403023
183.7237237237237,-0.4187939704891318
183.80380380380382,-0.45922633611937685
183.88388388388387,-0.5021609226078335
183.96396396396398,-0.5491646354460138
184.04404404404403,-0.597906022924929
184.12412412412414,-0.6493568220046088
184.2042042042042,-0.7017739910096049
184.2842842842843,-0.7569112479438111
184.36436436436435,-0.8152810004532969
184.44444444444446,-0.8724722556671289
184.5245245245245,-0.9313418933426544
184.60460460460462,-0.9901684389618138
184.68468468468467,-1.0507366478015818
184.76476476476478,-1.1122156201166271
184.84484484484483,-1.174938571445745
184.92492492492494,-1.2379220900227155
185.005005005005,-1.3001109607788557
185.0850850850851,-1.3625677181945564
185.16516516516515,-1.4274830336401758
185.24524524524526,-1.4926660943862322
185.3253253253253,-1.5592806056206425
185.40540540540542,-1.620188653434733
185.48548548548547,-1.6816439873406561
185.56556556556558,-1.740973801339647
185.64564564564563,-1.8024375942590567
185.72572572572574,-1.8629755173707283
185.8058058058058,-1.9227821386031734
185.8858858858859,-1.9824451543459254
185.96596596596595,-2.0410886389049785
186.04604604604606,-2.100815433439374
186.1261261261261,-2.1576457131259987
186.20620620620622,-2.2133372009525467
186.28628628628627,-2.267579326866667
186.36636636636638,-2.3195002805600744
186.44644644644643,-2.3696343161454774
186.52652652652654,-2.4198117857058374
186.6066066066066,-2.4711878109769008
186.6866866866867,-2.521310646870544
186.76676676676675,-2.569436110990394
186.84684684684686,-2.6158189016653473
186.9269269269269,-2.6580848190968007
187.00700700700702,-2.703824038794529
187.08708708708707,-2.753366015778307
187.16716716716718,-2.799612185179984
187.24724724724723,-2.838425064995981
187.32732732732734,-2.8710976691489347
187.4074074074074,-2.904057483261827
187.4874874874875,-2.9392588943258082
187.56756756756755,-2.9747778607717756
187.64764764764766,-3.0108989123227468
187.7277277277277,-3.0444892559229264
187.80780780780782,-3.076919784545236
187.88788788788787,-3.106634391942561
187.96796796796798,-3.1328347799557075
188.04804804804803,-3.158886233036962
188.12812812812814,-3.18271405959619
188.2082082082082,-3.206467364222891
188.2882882882883,-3.224542210132685
188.36836836836835,-3.2451103889964728
188.44844844844846,-3.262416714230425
188.5285285285285,-3.283162449381063
188.60860860860862,-3.3006732087684236
188.68868868868867,-3.314529780409893
188.76876876876878,-3.324968716063323
188.84884884884883,-3.3311923015062446
188.92892892892894,-3.337590809415151
189.009009009009,-3.3484352413323246
189.0890890890891,-3.3573404989358435
189.16916916916915,-3.3653781042954782
189.24924924924926,-3.3662987277589282
189.3293293293293,-3.3654813754704334
189.40940940940942,-3.3608472494972874
189.48948948948947,-3.3552855898200673
189.56956956956958,-3.350219327387741
189.64964964964963,-3.3451847487559094
189.72972972972974,-3.33842468592394
189.8098098098098,-3.330087933792657
189.8898898898899,-3.316064068198782
189.96996996996995,-3.3036023372209997
190.05005005005006,-3.290965597107473
190.1301301301301,-3.282166925107098
190.21021021021022,-3.267969802063151
190.29029029029027,-3.248795522183027
190.37037037037038,-3.226943137816261
190.45045045045043,-3.204077175063909
190.53053053053054,-3.1831449279535478
190.6106106106106,-3.160269320091317
190.6906906906907,-3.1367000120362962
190.77077077077075,-3.1117769221032376
190.85085085085086,-3.084302548283547
190.9309309309309,-3.054985930647825
191.01101101101102,-3.0206652002475654
191.09109109109107,-2.9876798114708247
191.17117117117118,-2.955425001905082
191.25125125125123,-2.9222917369531185
191.33133133133134,-2.884097171651268
191.41141141141142,-2.840166217150584
191.4914914914915,-2.8011704920530387
191.57157157157158,-2.761739316540992
191.65165165165166,-2.7218981899830164
191.73173173173174,-2.673745378864725
191.81181181181182,-2.622276595779369
191.8918918918919,-2.571056377898823
191.97197197197198,-2.523171894165745
192.05205205205206,-2.4764052908136427
192.13213213213214,-2.4301382725295944
192.21221221221222,-2.3802121782297836
192.2922922922923,-2.3246766064866633
192.37237237237238,-2.265401463785098
192.45245245245246,-2.207042518095531
192.53253253253254,-2.1530838405496615
192.61261261261262,-2.0997011634083513
192.6926926926927,-2.04321172431842
192.77277277277278,-1.984269244063911
192.85285285285286,-1.9235195645459302
192.93293293293294,-1.8614626583607279
193.01301301301302,-1.7985010043635417
193.0930930930931,-1.7339702355513233
193.17317317317318,-1.672349973004485
193.25325325325326,-1.6078289055090162
193.33333333333334,-1.5455751584274944
193.41341341341342,-1.481297826751169
193.4934934934935,-1.4202947926422853
193.57357357357358,-1.3562974687823117
193.65365365365366,-1.2956532151793263
193.73373373373374,-1.2325940658588341
193.81381381381382,-1.1730032122641636
193.8938938938939,-1.1120337553342077
193.97397397397398,-1.0542179472700874
194.05405405405406,-0.9921696990069842
194.13413413413414,-0.9329344822258371
194.21421421421422,-0.8723614226048529
194.2942942942943,-0.8167056701824033
194.37437437437438,-0.7614465120679759
194.45445445445446,-0.7090220001466588
194.53453453453454,-0.6578188808467459
194.61461461461462,-0.6097577509465848
194.6946946946947,-0.5621346352269546
194.77477477477478,-0.5173040618165373
194.85485485485486,-0.4754138224098807
194.93493493493494,-0.4369167257007865
195.01501501501502,-0.397790812868821
195.0950950950951,-0.3597118114949752
195.17517517517518,-0.3257119090028288
195.25525525525526,-0.29759970475050657
195.33533533533534,-0.2729665855196183
195.41541541541542,-0.2505735256744003
195.4954954954955,-0.23236800147006362
195.57557557557558,-0.21590855655577432
195.65565565565566,-0.20416583846753786
195.73573573573574,-0.19311932856786637
195.81581581581582,-0.1873801661297781
195.8958958958959,-0.18220815224899933
195.97597597597598,-0.1836722616840926
196.05605605605606,-0.18666698935340567
196.13613613613614,-0.1996352477355468
196.21621621621622,-0.21174601733897844
196.2962962962963,-0.22954737092844196
196.37637637637638,-0.24413168954625372
196.45645645645646,-0.2687302402320162
196.53653653653654,-0.29281745895153766
196.61661661661662,-0.3254990695342972
196.6966966966967,-0.35557903396153506
196.77677677677679,-0.39088946513923284
196.85685685685687,-0.4267338709098643
196.93693693693695,-0.46946609467044914
197.01701701701703,-0.5130066091853768
197.0970970970971,-0.5599556356151343
197.17717717717719,-0.607512415233857
197.25725725725727,-0.6602170448159382
197.33733733733735,-0.7121538024475886
197.41741741741743,-0.7646499135650512
197.4974974974975,-0.8173887904509995
197.57757757757759,-0.8713133002922
197.65765765765767,-0.9270772234879261
197.73773773773775,-0.9825064419766453
197.81781781781783,-1.040023792100062
197.8978978978979,-1.097008580915649
197.977977977978,-1.1572345324457236
198.05805805805807,-1.2222997255742805
198.13813813813815,-1.2877690150928651
198.21821821821823,-1.354720728969431
198.2982982982983,-1.4110144621481449
198.3783783783784,-1.4697093938788366
198.45845845845847,-1.5261185899980816
198.53853853853855,-1.5881031261055283
198.61861861861863,-1.65230901887745
198.6986986986987,-1.7132871907240232
198.7787787787788,-1.7719424159200219
198.85885885885887,-1.8270734734552252
198.93893893893895,-1.8887762358203284
199.01901901901903,-1.9524522833531093
199.0990990990991,-2.0083077008984023
199.1791791791792,-2.0639808841192773
199.25925925925927,-2.1163047046440155
199.33933933933935,-2.1749241256468768
199.41941941941943,-2.2257546165888775
199.4994994994995,-2.2774262382715484
199.5795795795796,-2.325789237320723
199.65965965965967,-2.3794359971318295
199.73973973973975,-2.42769530065943
199.81981981981983,-2.4789115311650267
199.8998998998999,-2.5254885466614723
199.97997997998,-2.5783698953252694
200.06006006006007,-2.621590955180413
200.14014014014015,-2.6647034491367925
200.22022022022023,-2.706799066787659
200.3003003003003,-2.7516869523781438
200.3803803803804,-2.7949927716100387
200.46046046046047,-2.8374586802833743
200.54054054054055,-2.8744455053177465
200.62062062062063,-2.9067035624460735
200.7007007007007,-2.9345761727515467
200.7807807807808,-2.968429444291063
200.86086086086087,-3.0021145601738777
200.94094094094095,-3.0335504363438086
201.02102102102103,-3.0605940484581735
201.1011011011011,-3.0880490685752306
201.1811811811812,-3.115686076448519
201.26126126126127,-3.1435870491351166
201.34134134134135,-3.167562845930748
201.42142142142143,-3.1891220113951055
201.5015015015015,-3.206488050830231
201.5815815815816,-3.2227923436397687
201.66166166166167,-3.2382411833831766
201.74174174174175,-3.2578854843082703
201.82182182182183,-3.2789511409882532
201.9019019019019,-3.294573184877095
201.981981981982,-3.301756831128584
202.06206206206207,-3.305363184559589
202.14214214214215,-3.3146560305790045
202.22222222222223,-3.3216645947835137
202.3023023023023,-3.33666016811433
202.3823823823824,-3.3361251672058514
202.46246246246247,-3.3370642995839592
202.54254254254255,-3.328314588370165
202.62262262262263,-3.3253417606944273
202.7027027027027,-3.325689835083805
202.7827827827828,-3.324208821149464
202.86286286286287,-3.322626597363546
202.94294294294295,-3.318874991803082
203.02302302302303,-3.308698327013578
203.1031031031031,-3.298408837220596
203.1831831831832,-3.283492273349119
203.26326326326327,-3.270172980448615
203.34334334334335,-3.253222397410249
203.42342342342343,-3.233586871332472
203.5035035035035,-3.2134758810779136
203.5835835835836,-3.195124111154281
203.66366366366367,-3.1724017452634428
203.74374374374375,-3.153929223855593
203.82382382382383,-3.124716888058689
203.9039039039039,-3.099943136751768
203.983983983984,-3.0627490943616635
204.06406406406407,-3.0334975789864904
204.14414414414415,-2.9996394877709434
204.22422422422423,-2.969402993529054
204.3043043043043,-2.931574759588442
204.3843843843844,-2.897383930215085
204.46446446446447,-2.858299579375179
204.54454454454455,-2.826798967814266
204.62462462462463,-2.7836493093440855
204.7047047047047,-2.742406964683055
204.7847847847848,-2.692213965773674
204.86486486486487,-2.650966303515738
204.94494494494495,-2.602093412755088
205.02502502502503,-2.558853000397425
205.1051051051051,-2.5066106116156193
205.1851851851852,-2.4609245874092647
205.26526526526527,-2.410625314351771
205.34534534534535,-2.3630983656588183
205.42542542542543,-2.3090452344411845
205.5055055055055,-2.253559172448026
205.5855855855856,-2.198677018535939
205.66566566566567,-2.1442034915870143
205.74574574574575,-2.091070169490711
205.82582582582583,-2.0319966133575535
205.9059059059059,-1.9775005053669277
205.985985985986,-1.9158218705605892
206.06606606606607,-1.8629178893739424
206.14614614614615,-1.8010113024075725
206.22622622622623,-1.7459540728642735
206.3063063063063,-1.6715700642094247
206.3863863863864,-1.611305140966129
206.46646646646647,-1.536444257182911
206.54654654654655,-1.4851397418815118
206.62662662662663,-1.4135026232688899
206.7067067067067,-1.365340892670148
206.7867867867868,-1.294772772720664
206.86686686686687,-1.2440937324113637
206.94694694694695,-1.1755765945844647
207.02702702702703,-1.1224854398826336
207.1071071071071,-1.0522180035420303
207.1871871871872,-0.9959714136899409
207.26726726726727,-0.9372999062587463
207.34734734734735,-0.8871731336308417
207.42742742742743,-0.8271587870843511
207.5075075075075,-0.7707510248674982
207.5875875875876,-0.7172115525015538
207.66766766766767,-0.6738378954500532
207.74774774774775,-0.6259838259429898
207.82782782782783,-0.582474657669037
207.9079079079079,-0.5327432106378901
207.987987987988,-0.491461008226687
208.06806806806807,-0.4472016184138101
208.14814814814815,-0.40909191144270307
208.22822822822823,-0.3695448399572785
208.3083083083083,-0.3344640861141481
208.3883883883884,-0.3041641854894025
208.46846846846847,-0.27987995603019067
208.54854854854855,-0.26286868840253874
208.62862862862863,-0.24264777411508762
208.7087087087087,-0.22952212294576685
208.7887887887888,-0.2117649505402077
208.86886886886887,-0.20484346456180516
208.94894894894895,-0.19630238997821847
209.02902902902903,-0.20260459792158694
209.1091091091091,-0.2069560402352197
209.1891891891892,-0.21323015755919789
209.26926926926927,-0.21446528036418203
209.34934934934935,-0.22776002535613996
209.42942942942943,-0.23765327608707404
209.5095095095095,-0.260505780621124
209.5895895895896,-0.2746448207618818
209.66966966966967,-0.3092405171840976
209.74974974974975,-0.33810085999330847
209.82982982982983,-0.3762879356360957
209.9099099099099,-0.40270371459806475
209.98998998999,-0.43728080545829734
210.07007007007007,-0.4722467636769845
210.15015015015015,-0.514652305613795
210.23023023023023,-0.5566460263622368
210.3103103103103,-0.60354510885029
210.3903903903904,-0.6544133984068419
210.47047047047047,-0.7093287075487159
210.55055055055055,-0.7580080137843228
210.63063063063063,-0.8116301042449926
210.7107107107107,-0.8630003362569335
210.7907907907908,-0.9236154994098126
210.87087087087087,-0.9814372675907762
210.95095095095095,-1.0393218578226775
211.03103103103103,-1.1000685300092978
211.11111111111111,-1.1552219026994694
211.1911911911912,-1.2152665555663515
211.27127127127127,-1.2633853893527727
211.35135135135135,-1.3268722745189538
211.43143143143143,-1.3878021745680862
211.51151151151151,-1.4603078881438942
211.5915915915916,-1.5156883989094652
211.67167167167167,-1.581732995882126
211.75175175175175,-1.6391943897488603
211.83183183183183,-1.7054293928564415
211.91191191191191,-1.7511740197899606
211.991991991992,-1.816722573657824
212.07207207207207,-1.8671788414511308
212.15215215215215,-1.9457516179858847
212.23223223223223,-1.9936775005939278
212.31231231231232,-2.060087266339531
212.3923923923924,-2.1031170330219786
212.47247247247248,-2.166895828466708
212.55255255255256,-2.2130399166769235
212.63263263263264,-2.271498808744046
212.71271271271272,-2.316605691507926
212.7927927927928,-2.379743221050818
212.87287287287288,-2.42888223345797
212.95295295295296,-2.482098817426767
213.03303303303304,-2.5187216997485335
213.11311311311312,-2.561753483971325
213.1931931931932,-2.6068550486259974
213.27327327327328,-2.6559878728356976
213.35335335335336,-2.7050373972836237
213.43343343343344,-2.754991162954258
213.51351351351352,-2.7975618558320745
213.5935935935936,-2.8378619261294813
213.67367367367368,-2.8666294240623484
213.75375375375376,-2.9022953757525807
213.83383383383384,-2.934858295047689
213.91391391391392,-2.970706500669312
213.993993993994,-3.00573342127212
214.07407407407408,-3.0389202054535738
214.15415415415416,-3.073706589235988
214.23423423423424,-3.1021953589469717
214.31431431431432,-3.119706829343026
214.3943943943944,-3.1439493093580637
214.47447447447448,-3.163425122376582
214.55455455455456,-3.1987231737182955
214.63463463463464,-3.2240153390740685
214.71471471471472,-3.242649721449828
214.7947947947948,-3.2531546755905545
214.87487487487488,-3.2645776028447044
214.95495495495496,-3.284237102076658
215.03503503503504,-3.2957137514601667
215.11511511511512,-3.3079970305586937
215.1951951951952,-3.315638714401691
215.27527527527528,-3.3278955371822003
215.35535535535536,-3.330960596702267
215.43543543543544,-3.345454856615621
215.51551551551552,-3.344104082985724
215.5955955955956,-3.358646133227415
215.67567567567568,-3.3427303873062892
215.75575575575576,-3.3512848487047413
215.83583583583584,-3.3336201914147963
215.91591591591592,-3.3426998729240713
215.995995995996,-3.322073527838941
216.07607607607608,-3.316002174799695
216.15615615615616,-3.289044832331744
216.23623623623624,-3.2814186015664166
216.31631631631632,-3.2616829380896575
216.3963963963964,-3.26374463877851
216.47647647647648,-3.2357748559067634
216.55655655655656,-3.227304873201229
216.63663663663664,-3.190433934969423
216.71671671671672,-3.1836287502079896
216.7967967967968,-3.1495579041445896
216.87687687687688,-3.1364205996191528
216.95695695695696,-3.106187371492579
217.03703703703704,-3.081406141631301
217.11711711711712,-3.0444021020153524
217.1971971971972,-3.01435005565677
217.27727727727728,-2.979321739227858
217.35735735735736,-2.948669864245918
217.43743743743744,-2.901378425967152
217.51751751751752,-2.8712099164798066
217.5975975975976,-2.8299369183563283
217.67767767767768,-2.8043219732134093
217.75775775775776,-2.758794966035038
217.83783783783784,-2.7213830895143754
217.91791791791792,-2.670480931946604
217.997997997998,-2.62628533315095
218.07807807807808,-2.5751144599867484
218.15815815815816,-2.5308432094508557
218.23823823823824,-2.4829474464836196
218.31831831831832,-2.4360194229539416
218.3983983983984,-2.376970651062764
218.47847847847848,-2.324847716124286
218.55855855855856,-2.2668414431679063
218.63863863863864,-2.2229415402977373
218.71871871871872,-2.1624935198027084
218.7987987987988,-2.1092569782276107
218.87887887887888,-2.041156906328068
218.95895895895896,-1.9891213745478884
219.03903903903904,-1.9357040791953533
219.11911911911912,-1.885602279598894
219.1991991991992,-1.8176534899283827
219.27927927927928,-1.736912076770313
219.35935935935936,-1.6663144959209735
219.43943943943944,-1.620061984707578
219.51951951951952,-1.5819465904181116
219.5995995995996,-1.5425919417049254
219.67967967967968,-1.4651776044781593
219.75975975975976,-1.3987748118422054
219.83983983983984,-1.3179371266014204
219.91991991991992,-1.2610124267463423
220.0,-1.1939342687441303
