freq,trans_dB
140.0,-2.475417920854656
140.08008008008008,-2.4491698843600984
140.16016016016016,-2.41924164039568
140.24024024024024,-2.35847391085441
140.32032032032032,-2.2976257450277937
140.4004004004004,-2.2177284246251974
140.48048048048048,-2.1515521653902274
140.56056056056056,-2.086754308751734
140.64064064064064,-2.029432487577194
140.72072072072072,-1.964367308120621
140.8008008008008,-1.8846861157525414
140.88088088088088,-1.8170978087478304
140.96096096096096,-1.7430406705961836
141.04104104104104,-1.685295509358774
141.12112112112112,-1.6206720063825164
141.2012012012012,-1.5565969256728276
141.28128128128128,-1.4871677636421865
141.36136136136136,-1.420509358479165
141.44144144144144,-1.3503561098277859
141.52152152152152,-1.2841800060096555
141.6016016016016,-1.2147687870375086
141.68168168168168,-1.161670351236279
141.76176176176176,-1.0930585108286601
141.84184184184184,-1.0378782892335832
141.92192192192192,-0.96409232780669
142.002002002002,-0.9100159456252074
142.08208208208208,-0.8422373938816369
142.16216216216216,-0.7901848851420915
142.24224224224224,-0.7280816366609869
142.32232232232232,-0.6800500776908392
142.4024024024024,-0.6233854568090886
142.48248248248248,-0.583801060204763
142.56256256256256,-0.5301565792897552
142.64264264264264,-0.5000261105401297
142.72272272272272,-0.45130666851479206
142.8028028028028,-0.4286366100548755
142.88288288288288,-0.3749694320164096
142.96296296296296,-0.35200402613436144
143.04304304304304,-0.3119065998507076
143.12312312312312,-0.3113536673530996
143.2032032032032,-0.2824564495758134
143.28328328328328,-0.2808213792272678
143.36336336336336,-0.2566031275520591
143.44344344344344,-0.26640163032304787
143.52352352352352,-0.25616716121486743
143.6036036036036,-0.26498203620570904
143.68368368368368,-0.2610115458536572
143.76376376376376,-0.284998422122731
143.84384384384384,-0.30391312287224975
143.92392392392392,-0.33056628186922404
144.004004004004,-0.346541653226207
144.08408408408408,-0.37311256696315426
144.16416416416416,-0.40510840201993964
144.24424424424424,-0.4386698056183373
144.32432432432432,-0.48062901224724874
144.4044044044044,-0.516666821841626
144.48448448448448,-0.5715267495474571
144.56456456456456,-0.6127723652071476
144.64464464464464,-0.6723160166658216
144.72472472472472,-0.7174420155448014
144.8048048048048,-0.7904013157304176
144.88488488488488,-0.8378001265531361
144.96496496496496,-0.9108374887525987
145.04504504504504,-0.954884522536539
145.12512512512512,-1.032066372601387
145.2052052052052,-1.0825454673731316
145.28528528528528,-1.1619752793260798
145.36536536536536,-1.2188392615930557
145.44544544544544,-1.2977464284557538
145.52552552552552,-1.3560963465153528
145.6056056056056,-1.435889929615416
145.68568568568568,-1.4981935265960482
145.76576576576576,-1.5808441695451854
145.84584584584584,-1.6432636517896482
145.92592592592592,-1.721357831942606
146.006006006006,-1.7829177280325705
146.08608608608608,-1.8550562032449613
146.16616616616616,-1.9144058001116777
146.24624624624624,-1.983241247812944
146.32632632632632,-2.0462119310923987
146.4064064064064,-2.118136301821129
146.48648648648648,-2.185763174600482
146.56656656656656,-2.259597882018251
146.64664664664664,-2.3254505439771416
146.72672672672672,-2.3908056519246843
146.8068068068068,-2.454786620668273
146.88688688688688,-2.5161398104175303
146.96696696696696,-2.579616166680134
147.04704704704704,-2.638095811270657
147.12712712712712,-2.697020468227631
147.2072072072072,-2.75032538393411
147.28728728728728,-2.803148860051157
147.36736736736736,-2.8521661883049787
147.44744744744744,-2.9064639642877315
147.52752752752752,-2.9585909158916923
147.6076076076076,-3.0137062442798292
147.68768768768768,-3.0554275782331675
147.76776776776777,-3.1100105575549444
147.84784784784785,-3.151806000337589
147.92792792792793,-3.204190550309453
148.008008008008,-3.2390152113474744
148.08808808808809,-3.2819463880469657
148.16816816816817,-3.310496205004147
148.24824824824825,-3.3444809901301946
148.32832832832833,-3.374792078209362
148.4084084084084,-3.413237972325339
148.48848848848849,-3.4469503032520725
148.56856856856857,-3.4803879502771053
148.64864864864865,-3.5047290203566845
148.72872872872873,-3.5381298546760718
148.8088088088088,-3.567718801758712
148.88888888888889,-3.5977841329288847
148.96896896896897,-3.6165275870997053
149.04904904904905,-3.629043018460627
149.12912912912913,-3.643172969236965
149.2092092092092,-3.653484290136138
149.2892892892893,-3.673413002497501
149.36936936936937,-3.6848550035003864
149.44944944944945,-3.7026253274046836
149.52952952952953,-3.712983331776379
149.6096096096096,-3.721529586337508
149.6896896896897,-3.729946545662743
149.76976976976977,-3.740977732336219
149.84984984984985,-3.7504851599293465
149.92992992992993,-3.7533391409413652
150.01001001001,-3.7429187175557805
150.0900900900901,-3.7345991266772622
150.17017017017017,-3.7215198385199075
150.25025025025025,-3.720687298898301
150.33033033033033,-3.7147931437723027
150.4104104104104,-3.7066376915423986
150.4904904904905,-3.6959711889557942
150.57057057057057,-3.6854270706291175
150.65065065065065,-3.6734800941411057
150.73073073073073,-3.6640140102031284
150.8108108108108,-3.6497422959635966
150.8908908908909,-3.637214261595228
150.97097097097097,-3.611805161599645
151.05105105105105,-3.5861436919114573
151.13113113113113,-3.554917546467072
151.2112112112112,-3.531254022548789
151.2912912912913,-3.503979150396662
151.37137137137137,-3.479656487741405
151.45145145145145,-3.4487006691806896
151.53153153153153,-3.4163997931883805
151.6116116116116,-3.3819332953184222
151.6916916916917,-3.3533960381438748
151.77177177177177,-3.320829595656245
151.85185185185185,-3.2816215400290236
151.93193193193193,-3.2355078566526063
152.012012012012,-3.1863973771370344
152.0920920920921,-3.144392508294418
152.17217217217217,-3.099398168165209
152.25225225225225,-3.060621376433559
152.33233233233233,-3.0094666141729673
152.4124124124124,-2.9600834455474483
152.4924924924925,-2.905745798508558
152.57257257257257,-2.857452913305959
152.65265265265265,-2.80661746765057
152.73273273273273,-2.7621734496860824
152.8128128128128,-2.7105001828054784
152.8928928928929,-2.66395672638748
152.97297297297297,-2.598737021574742
153.05305305305305,-2.535936642702651
153.13313313313313,-2.464898742221024
153.2132132132132,-2.408752626352574
153.2932932932933,-2.350047748476938
153.37337337337337,-2.297801468105945
153.45345345345345,-2.232234533412203
153.53353353353353,-2.171358694595076
153.6136136136136,-2.1018676372888496
153.6936936936937,-2.039410032723359
153.77377377377377,-1.968734985841778
153.85385385385385,-1.90124515003696
153.93393393393393,-1.8323214000839734
154.014014014014,-1.7642214734651378
154.0940940940941,-1.6927795286291616
154.17417417417417,-1.625123178772316
154.25425425425425,-1.558639016144691
154.33433433433433,-1.495588963978626
154.4144144144144,-1.4289143648846148
154.4944944944945,-1.362651127592779
154.57457457457457,-1.2976987624356722
154.65465465465465,-1.2344583410273513
154.73473473473473,-1.1730670909926182
154.8148148148148,-1.1075343725850062
154.8948948948949,-1.0451929488578238
154.97497497497497,-0.9811161933629693
155.05505505505505,-0.9225622144655485
155.13513513513513,-0.8650134178535366
155.2152152152152,-0.814318801934984
155.2952952952953,-0.7615290337871934
155.37537537537537,-0.7120660443762513
155.45545545545545,-0.658115317021929
155.53553553553553,-0.6070032428971569
155.6156156156156,-0.556546557117748
155.6956956956957,-0.5152867322659823
155.77577577577577,-0.4778688247945362
155.85585585585585,-0.448812924294221
155.93593593593593,-0.4128459760792603
156.016016016016,-0.3810952942813992
156.0960960960961,-0.34932324951915505
156.17617617617617,-0.33030714245731324
156.25625625625625,-0.3104796475919941
156.33633633633633,-0.2965624610674514
156.4164164164164,-0.28245017272616785
156.4964964964965,-0.27702827897165094
156.57657657657657,-0.27366878261023186
156.65665665665665,-0.27768564372797355
156.73673673673673,-0.2779210241045834
156.8168168168168,-0.28540164336657675
156.8968968968969,-0.29363115077957797
156.97697697697697,-0.310392424600072
157.05705705705705,-0.3278092831523704
157.13713713713713,-0.3549831429919287
157.2172172172172,-0.38369797809094774
157.2972972972973,-0.4194811852279137
157.37737737737737,-0.4511311726451114
157.45745745745745,-0.49417215086735095
157.53753753753753,-0.534057221902062
157.6176176176176,-0.5845433148992062
157.6976976976977,-0.6268793821904298
157.77777777777777,-0.6792544002785231
157.85785785785785,-0.7294328585185846
157.93793793793793,-0.7882473047303135
158.018018018018,-0.842466652179992
158.0980980980981,-0.9010435049725141
158.17817817817817,-0.9574728040562763
158.25825825825825,-1.0179898522190296
158.33833833833833,-1.0815683977324684
158.4184184184184,-1.1473063651569124
158.4984984984985,-1.21656923084857
158.57857857857857,-1.2814850166461258
158.65865865865865,-1.3495756942477952
158.73873873873873,-1.4113463841579879
158.8188188188188,-1.480551792118256
158.8988988988989,-1.5493198875116807
158.97897897897897,-1.6208168248819825
159.05905905905905,-1.6872059419047638
159.13913913913913,-1.754400240551698
159.2192192192192,-1.821752157119748
159.2992992992993,-1.8925911331579275
159.37937937937937,-1.9574695105646758
159.45945945945945,-2.0203563541518443
159.53953953953953,-2.079928330477267
159.6196196196196,-2.144860280032996
159.6996996996997,-2.20829391590571
159.77977977977977,-2.2705838582302587
159.85985985985985,-2.3328519093381646
159.93993993993993,-2.3940088612860184
160.02002002002,-2.4556247556855113
160.1001001001001,-2.511492391690681
160.18018018018017,-2.56826497944774
160.26026026026025,-2.620948442794614
160.34034034034033,-2.6749877837499665
160.4204204204204,-2.7261389465273558
160.5005005005005,-2.7787144965445476
160.58058058058057,-2.8289875527665993
160.66066066066065,-2.883232505484776
160.74074074074073,-2.932314200356814
160.8208208208208,-2.984857110010933
160.9009009009009,-3.024468346693954
160.98098098098097,-3.0645651760829846
161.06106106106105,-3.099189127678466
161.14114114114113,-3.138826083684362
161.2212212212212,-3.1761688134350994
161.3013013013013,-3.2140783027472395
161.38138138138137,-3.252279902628856
161.46146146146145,-3.2871219203412743
161.54154154154153,-3.3185147904035865
161.6216216216216,-3.3492856118180288
161.7017017017017,-3.3790783623108633
161.78178178178177,-3.4105023954911884
161.86186186186185,-3.4331364047885073
161.94194194194193,-3.4597787541194926
162.022022022022,-3.4809123058171836
162.1021021021021,-3.5051096769145818
162.18218218218217,-3.523792362139714
162.26226226226225,-3.543060055567563
162.34234234234233,-3.5637028307827343
162.42242242242241,-3.581689104153466
162.5025025025025,-3.594460010445771
162.58258258258257,-3.603965907523402
162.66266266266265,-3.611791749352011
162.74274274274273,-3.6236294345572957
162.82282282282281,-3.6305881441304186
162.9029029029029,-3.6335169637184865
162.98298298298297,-3.631820137014228
163.06306306306305,-3.626424300408177
163.14314314314313,-3.621185182887836
163.22322322322321,-3.6110751578255984
163.3033033033033,-3.606020406336428
163.38338338338338,-3.600315568642975
163.46346346346346,-3.598331259394125
163.54354354354354,-3.590498283143607
163.62362362362362,-3.5873276394139038
163.7037037037037,-3.574670467940683
163.78378378378378,-3.566566850126708
163.86386386386386,-3.543037902943735
163.94394394394394,-3.526255488382892
164.02402402402402,-3.501618363663985
164.1041041041041,-3.484804083996312
164.18418418418418,-3.4595210312408087
164.26426426426426,-3.4417118389645025
164.34434434434434,-3.4113391622353375
164.42442442442442,-3.390033887772461
164.5045045045045,-3.356557013838028
164.58458458458458,-3.330977634144438
164.66466466466466,-3.292718211492582
164.74474474474474,-3.2643334425843222
164.82482482482482,-3.2243452622677693
164.9049049049049,-3.1861578124398098
164.98498498498498,-3.14283599929074
165.06506506506506,-3.10982313596491
165.14514514514514,-3.0708190158577016
165.22522522522522,-3.0302393446363554
165.3053053053053,-2.9789685301498294
165.38538538538538,-2.940989546006875
165.46546546546546,-2.8948042441378226
165.54554554554554,-2.8525490192394676
165.62562562562562,-2.7970439373974783
165.7057057057057,-2.7474185303193566
165.78578578578578,-2.698614418010136
165.86586586586586,-2.645169290065172
165.94594594594594,-2.5939085390523964
166.02602602602602,-2.540594257165463
166.1061061061061,-2.487152039181684
166.18618618618618,-2.4272426762928596
166.26626626626626,-2.363687695642129
166.34634634634634,-2.3031558395581886
166.42642642642642,-2.2442767559251626
166.5065065065065,-2.1829797738455676
166.58658658658658,-2.1232312350562195
166.66666666666666,-2.056009551017361
166.74674674674674,-1.9971510913937267
166.82682682682682,-1.9252215516985263
166.9069069069069,-1.865152677256407
166.98698698698698,-1.795811263479639
167.06706706706706,-1.739605578999029
167.14714714714714,-1.66982671882965
167.22722722722722,-1.6121086689355177
167.3073073073073,-1.5443435475270217
167.38738738738738,-1.484582111722164
167.46746746746746,-1.410190114682672
167.54754754754754,-1.34768455328028
167.62762762762762,-1.2771256906053319
167.7077077077077,-1.2215106688873634
167.78778778778778,-1.154901241809507
167.86786786786786,-1.0980246666177107
167.94794794794794,-1.030755471923907
168.02802802802802,-0.9766718984491386
168.1081081081081,-0.9146615771710851
168.18818818818818,-0.8607490334750565
168.26826826826826,-0.7967679790709499
168.34834834834834,-0.7427114506773103
168.42842842842842,-0.687216534308932
168.5085085085085,-0.6437745501874972
168.58858858858858,-0.5975628805704041
168.66866866866866,-0.5590495572494039
168.74874874874874,-0.5158505647004332
168.82882882882882,-0.47561159241824963
168.9089089089089,-0.43051783126276516
168.98898898898898,-0.39234728406982977
169.06906906906906,-0.3627213167372189
169.14914914914914,-0.33840506392379416
169.22922922922922,-0.31735493678682547
169.3093093093093,-0.29461728552765654
169.38938938938938,-0.2810609414239708
169.46946946946946,-0.26849388883702197
169.54954954954954,-0.26051871923580605
169.62962962962962,-0.24835004532968727
169.7097097097097,-0.24785167611659084
169.78978978978978,-0.24708880205584208
169.86986986986986,-0.2570856955718209
169.94994994994994,-0.26247681078656526
170.03003003003002,-0.2799129289790096
170.1101101101101,-0.2950975592309035
170.19019019019018,-0.31858956176781145
170.27027027027026,-0.3394953600004246
170.35035035035034,-0.3705674886845588
170.43043043043042,-0.40144385599135646
170.5105105105105,-0.44246743083063367
170.59059059059058,-0.4791019712827612
170.67067067067066,-0.5229312952016625
170.75075075075074,-0.5654026028727922
170.83083083083082,-0.6142199125119673
170.9109109109109,-0.6653007824782402
170.99099099099098,-0.7201671016579431
171.07107107107106,-0.7722898890434674
171.15115115115114,-0.8244299474730163
171.23123123123122,-0.8787435261131081
171.3113113113113,-0.9370582792616311
171.39139139139138,-0.9969222907299767
171.47147147147146,-1.059254073605858
171.55155155155154,-1.1237608317469463
171.63163163163162,-1.1905530361250312
171.7117117117117,-1.2550597385989735
171.79179179179178,-1.319599404132079
171.87187187187186,-1.3856248615772766
171.95195195195194,-1.45021124959244
172.03203203203202,-1.5116493641023596
172.11211211211213,-1.5691003466797024
172.19219219219218,-1.6339430206288055
172.2722722722723,-1.6993798239479556
172.35235235235234,-1.7668281940110537
172.43243243243245,-1.8299736973676914
172.5125125125125,-1.8965328353885063
172.5925925925926,-1.9608331219804624
172.67267267267266,-2.022355589181982
172.75275275275277,-2.0820923312786923
172.83283283283282,-2.1424560583666037
172.91291291291293,-2.2019929482468155
172.99299299299298,-2.2597802080993175
173.0730730730731,-2.3163740619575193
173.15315315315314,-2.374835546026627
173.23323323323325,-2.4317900101586
173.3133133133133,-2.4877614107472388
173.3933933933934,-2.542034188181147
173.47347347347346,-2.595996212339321
173.55355355355357,-2.6480653451488667
173.63363363363362,-2.6966727971740148
173.71371371371373,-2.742406811490794
173.79379379379378,-2.78634282419369
173.8738738738739,-2.831308062451111
173.95395395395394,-2.874632171123062
174.03403403403405,-2.914944277204299
174.1141141141141,-2.9578275854099734
174.1941941941942,-3.0044177566217503
174.27427427427426,-3.048191493810016
174.35435435435437,-3.085381186861384
174.43443443443442,-3.119042380893634
174.51451451451453,-3.15226162375498
174.59459459459458,-3.184081735461644
174.6746746746747,-3.2125662954334353
174.75475475475474,-3.240818384574959
174.83483483483485,-3.268765927818022
174.9149149149149,-3.2978071681974264
174.994994994995,-3.32417960147217
175.07507507507506,-3.349487224040158
175.15515515515517,-3.3744876616397588
175.23523523523522,-3.394519585065242
175.31531531531533,-3.4098402242144297
175.39539539539538,-3.420728729256556
175.4754754754755,-3.435406062860052
175.55555555555554,-3.4496688559390005
175.63563563563565,-3.4650825648626293
175.7157157157157,-3.4765455650367874
175.7957957957958,-3.486228641503891
175.87587587587586,-3.4947627924560996
175.95595595595597,-3.5016445085200094
176.03603603603602,-3.505496124544847
176.11611611611613,-3.507998975890605
176.19619619619618,-3.5084303059704016
176.2762762762763,-3.5051841029043525
176.35635635635634,-3.496779605278025
176.43643643643645,-3.4886928614973356
176.5165165165165,-3.484998018697744
176.5965965965966,-3.4866083702493067
176.67667667667666,-3.483018508326559
176.75675675675677,-3.474357661508113
176.83683683683682,-3.464341083086009
176.91691691691693,-3.4544974168180462
176.99699699699698,-3.4386613017104954
177.0770770770771,-3.4158970487152036
177.15715715715714,-3.3914445419362305
177.23723723723725,-3.366433316443692
177.3173173173173,-3.3435954725134667
177.3973973973974,-3.32252113349595
177.47747747747746,-3.302212327294536
177.55755755755757,-3.2817138533876475
177.63763763763762,-3.258369156650126
177.71771771771773,-3.2311067601801655
177.79779779779778,-3.199286748184785
177.8778778778779,-3.167203882745099
177.95795795795794,-3.133378280820883
178.03803803803805,-3.0958632686556173
178.1181181181181,-3.0576490429391066
178.1981981981982,-3.018847410318991
178.27827827827826,-2.980997585834424
178.35835835835837,-2.9400556814245067
178.43843843843842,-2.8960428501404123
178.51851851851853,-2.8506946092097656
178.59859859859858,-2.8062797478257853
178.6786786786787,-2.763264833092078
178.75875875875874,-2.7180908182513823
178.83883883883885,-2.6699392934848287
178.9189189189189,-2.6166905794045583
178.998998998999,-2.561223745238614
179.07907907907907,-2.5066110296552755
179.15915915915917,-2.4544376777748274
179.23923923923923,-2.401344001286458
179.31931931931933,-2.3450608924703906
179.39939939939939,-2.286012967020476
179.4794794794795,-2.225024112745283
179.55955955955955,-2.1665182355261456
179.63963963963965,-2.1117221763594363
179.7197197197197,-2.055528966778718
179.7997997997998,-1.9938924301255918
179.87987987987987,-1.9289668071606312
179.95995995995997,-1.8645134979225633
180.04004004004003,-1.8022193372772026
180.12012012012013,-1.7396170989016377
180.2002002002002,-1.678782881522313
180.2802802802803,-1.6167925718192717
180.36036036036035,-1.5541861993518444
180.44044044044045,-1.4905698868920405
180.5205205205205,-1.4288593734566628
180.60060060060061,-1.3681769115422002
180.68068068068067,-1.3044934700310808
180.76076076076077,-1.2389265931493256
180.84084084084083,-1.1735649674383897
180.92092092092093,-1.1096741234681347
181.001001001001,-1.0492059018235669
181.0810810810811,-0.9904549077917154
181.16116116116115,-0.9336498151552389
181.24124124124126,-0.875934185416881
181.3213213213213,-0.8193885178568164
181.40140140140142,-0.7638277099916253
181.48148148148147,-0.7118253524354451
181.56156156156158,-0.6622209359098261
181.64164164164163,-0.6154696283219577
181.72172172172174,-0.571320957272247
181.8018018018018,-0.5291056116238814
181.8818818818819,-0.4892410238249789
181.96196196196195,-0.4508748692694002
182.04204204204206,-0.41638845279856884
182.1221221221221,-0.3841520830545097
182.20220220220222,-0.35412091842101895
182.28228228228227,-0.3279323013950503
182.36236236236238,-0.30799403877993736
182.44244244244243,-0.29276701754190515
182.52252252252254,-0.279453376128225
182.6026026026026,-0.2669209710545096
182.6826826826827,-0.25844774168998313
182.76276276276275,-0.25477006643429406
182.84284284284286,-0.2559839564188556
182.9229229229229,-0.26017129998551464
183.00300300300302,-0.26862832198257414
183.08308308308307,-0.2803234620868713
183.16316316316318,-0.295329449502874
183.24324324324323,-0.3112343491912134
183.32332332332334,-0.33149109650261327
183.4034034034034,-0.356465281341473
183.4834834834835,-0.387681324580223
183.56356356356355,-0.42099663009717087
183.64364364364366,-0.45641898000304076
183.7237237237237,-0.4943819649419214
183.80380380380382,-0.5352364846653808
183.88388388388387,-0.5769908584865999
183.96396396396398,-0.6215555882513047
184.04404404404403,-0.6691610753372212
184.12412412412414,-0.7211988383257948
184.2042042042042,-0.774180763010443
184.2842842842843,-0.8290269391403337
184.36436436436435,-0.8862111705591961
184.44444444444446,-0.9426381030022719
184.5245245245245,-1.0000110154220503
184.60460460460462,-1.0563710245216913
184.68468468468467,-1.1162447986206252
184.76476476476478,-1.1778823379695822
184.84484484484483,-1.242101645432026
184.92492492492494,-1.3053488890851734
185.005005005005,-1.367569898138064
185.0850850850851,-1.42981876151174
185.16516516516515,-1.4937981583809934
185.24524524524526,-1.5602174515599094
185.3253253253253,-1.626465628790361
185.40540540540542,-1.6871202948129904
185.48548548548547,-1.7480860674309988
185.56556556556558,-1.808325172739534
185.64564564564563,-1.869735902250806
185.72572572572574,-1.9290302053356403
185.8058058058058,-1.988356248099324
185.8858858858859,-2.048076098392796
185.96596596596595,-2.107467624585132
186.04604604604606,-2.1685281241788097
186.1261261261261,-2.2263371138017716
186.20620620620622,-2.283707500393031
186.28628628628627,-2.3375119020452386
186.36636636636638,-2.3889107684506072
186.44644644644643,-2.4372946492978818
186.52652652652654,-2.487012572896435
186.6066066066066,-2.539410559720972
186.6866866866867,-2.591420933708823
186.76676676676675,-2.6418609230700403
186.84684684684686,-2.688373716306526
186.9269269269269,-2.7302979819831465
187.00700700700702,-2.774728531807364
187.08708708708707,-2.8228470338861174
187.16716716716718,-2.869051417904132
187.24724724724723,-2.9079403181636603
187.32732732732734,-2.9409309008669235
187.4074074074074,-2.9739506601907593
187.4874874874875,-3.009269408437365
187.56756756756755,-3.04635619207153
187.64764764764766,-3.0820814276539505
187.7277277277277,-3.11669598827521
187.80780780780782,-3.1481695503040674
187.88788788788787,-3.1776022513186475
187.96796796796798,-3.204334819352286
188.04804804804803,-3.230195292229888
188.12812812812814,-3.2539001509664374
188.2082082082082,-3.277282538494707
188.2882882882883,-3.2973640941595344
188.36836836836835,-3.3201836726316034
188.44844844844846,-3.3373817263159227
188.5285285285285,-3.3572473907134377
188.60860860860862,-3.3722166197431713
188.68868868868867,-3.385158782229539
188.76876876876878,-3.3968726286570425
188.84884884884883,-3.4031561885033494
188.92892892892894,-3.411301682575836
189.009009009009,-3.4202050347625135
189.0890890890891,-3.43086793903194
189.16916916916915,-3.440050578058969
189.24924924924926,-3.4437748037789127
189.3293293293293,-3.4446226895953154
189.40940940940942,-3.4393609103659113
189.48948948948947,-3.433840636957601
189.56956956956958,-3.4289753466710677
189.64964964964963,-3.4225437700060843
189.72972972972974,-3.4179560378892497
189.8098098098098,-3.4070753247531926
189.8898898898899,-3.395379752698028
189.96996996996995,-3.38216297824233
190.05005005005006,-3.3724288833776126
190.1301301301301,-3.3642023560655363
190.21021021021022,-3.349775630440556
190.29029029029027,-3.330761853040538
190.37037037037038,-3.3072613834969817
190.45045045045043,-3.284456126074238
190.53053053053054,-3.264988388275876
190.6106106106106,-3.243418054596189
190.6906906906907,-3.2236273693352238
190.77077077077075,-3.1985253001573555
190.85085085085086,-3.172561363963079
190.9309309309309,-3.141425923301081
191.01101101101102,-3.108105288594249
191.09109109109107,-3.075852104989635
191.17117117117118,-3.0436386244139215
191.25125125125123,-3.0141541868465205
191.33133133133134,-2.9774755244180766
191.41141141141142,-2.936629614925181
191.4914914914915,-2.8961546013496253
191.57157157157158,-2.8560310250316467
191.65165165165166,-2.814866525244621
191.73173173173174,-2.768564021691128
191.81181181181182,-2.718137776228087
191.8918918918919,-2.667230304335289
191.97197197197198,-2.6167589704276866
192.05205205205206,-2.570394543023229
192.13213213213214,-2.524447147636328
192.21221221221222,-2.4781100872168573
192.2922922922923,-2.4223543427980516
192.37237237237238,-2.3652510697287887
192.45245245245246,-2.305292515082228
192.53253253253254,-2.254470970120349
192.61261261261262,-2.1996150718812713
192.6926926926927,-2.145734574353112
192.77277277277278,-2.0869924424723703
192.85285285285286,-2.0279984683021066
192.93293293293294,-1.9657313952263398
193.01301301301302,-1.903540520178166
193.0930930930931,-1.8396577219914034
193.17317317317318,-1.7783695929913852
193.25325325325326,-1.7145475368279786
193.33333333333334,-1.6523999701413616
193.41341341341342,-1.5884708190869445
193.4934934934935,-1.5257084190670467
193.57357357357358,-1.4611328882669228
193.65365365365366,-1.3986352201792533
193.73373373373374,-1.3368862740654606
193.81381381381382,-1.2777654498118112
193.8938938938939,-1.2191446826640138
193.97397397397398,-1.160837089861857
194.05405405405406,-1.0985094381164293
194.13413413413414,-1.0367375600034427
194.21421421421422,-0.9765693385311163
194.2942942942943,-0.9229992471366957
194.37437437437438,-0.8696674599227157
194.45445445445446,-0.8169569053707603
194.53453453453454,-0.763950083769839
194.61461461461462,-0.7145940363390658
194.6946946946947,-0.6659603065445195
194.77477477477478,-0.6213811880067749
194.85485485485486,-0.5799764351142657
194.93493493493494,-0.5418012310320626
195.01501501501502,-0.5026509910625396
195.0950950950951,-0.46385097834430505
195.17517517517518,-0.43023923355999066
195.25525525525526,-0.40001150855912776
195.33533533533534,-0.37369815423056246
195.41541541541542,-0.34954589242111755
195.4954954954955,-0.3313188247327982
195.57557557557558,-0.3156651094254652
195.65565565565566,-0.30308166595327235
195.73573573573574,-0.2917710017369671
195.81581581581582,-0.28510604037596377
195.8958958958959,-0.279954755859833
195.97597597597598,-0.2799877748977099
196.05605605605606,-0.28154526883917946
196.13613613613614,-0.2918220939998337
196.21621621621622,-0.3028868097541604
196.2962962962963,-0.3197348929547511
196.37637637637638,-0.33452074868876736
196.45645645645646,-0.358971518219592
196.53653653653654,-0.3826670042849876
196.61661661661662,-0.41454946489680333
196.6966966966967,-0.4428586834395945
196.77677677677679,-0.4771950683700288
196.85685685685687,-0.5102367985998248
196.93693693693695,-0.5504173074528813
197.01701701701703,-0.5908370917765771
197.0970970970971,-0.6361785298244393
197.17717717717719,-0.6846371478255042
197.25725725725727,-0.7380661609883971
197.33733733733735,-0.7901877524245107
197.41741741741743,-0.8411198247159022
197.4974974974975,-0.8915318641506683
197.57757757757759,-0.9451270667428514
197.65765765765767,-1.0009414645130779
197.73773773773775,-1.0578625199211242
197.81781781781783,-1.1151081430301426
197.8978978978979,-1.170966221485045
197.977977977978,-1.2311681806432346
198.05805805805807,-1.29596944583684
198.13813813813815,-1.3611215021334129
198.21821821821823,-1.423384973395671
198.2982982982983,-1.4774104566888155
198.3783783783784,-1.5378278954707687
198.45845845845847,-1.5951254705589426
198.53853853853855,-1.6594938656563263
198.61861861861863,-1.7218393100018021
198.6986986986987,-1.7821457394112976
198.7787787787788,-1.8401609873679898
198.85885885885887,-1.8944442743757663
198.93893893893895,-1.9576121722070623
199.01901901901903,-2.01802933978238
199.0990990990991,-2.0751586579871915
199.1791791791792,-2.130458900575301
199.25925925925927,-2.183757717611463
199.33933933933935,-2.2421742047840247
199.41941941941943,-2.2924443369700125
199.4994994994995,-2.345683164959784
199.5795795795796,-2.3946241424341337
199.65965965965967,-2.4480850057562407
199.73973973973975,-2.496323487153417
199.81981981981983,-2.5465845913519773
199.8998998998999,-2.5934700376769206
199.97997997998,-2.6448698754064077
200.06006006006007,-2.6878149050207303
200.14014014014015,-2.7327363322878844
200.22022022022023,-2.776095932440723
200.3003003003003,-2.822626033030527
200.3803803803804,-2.865099655671754
200.46046046046047,-2.9052535951193272
200.54054054054055,-2.9397749703807268
200.62062062062063,-2.971434987477419
200.7007007007007,-3.002092115258798
200.7807807807808,-3.037213464818174
200.86086086086087,-3.0721433348295806
200.94094094094095,-3.103057650427282
201.02102102102103,-3.1293459393549607
201.1011011011011,-3.15690075860739
201.1811811811812,-3.185371621262176
201.26126126126127,-3.2147157478130186
201.34134134134135,-3.240254861041526
201.42142142142143,-3.262876053276444
201.5015015015015,-3.282581739335513
201.5815815815816,-3.300584664921197
201.66166166166167,-3.3154564122962666
201.74174174174175,-3.331918956188217
201.82182182182183,-3.3509336974298147
201.9019019019019,-3.3678645977424
201.981981981982,-3.378642629127262
202.06206206206207,-3.3844604132042075
202.14214214214215,-3.3962378674455445
202.22222222222223,-3.404149382231826
202.3023023023023,-3.4178579713550046
202.3823823823824,-3.4153146324934993
202.46246246246247,-3.4157445657940397
202.54254254254255,-3.407542580894402
202.62262262262263,-3.404918734215422
202.7027027027027,-3.4058339734694547
202.7827827827828,-3.4059184506895845
202.86286286286287,-3.4035001057544374
202.94294294294295,-3.4020519174562054
203.02302302302303,-3.3920057226787743
203.1031031031031,-3.3840344092675037
203.1831831831832,-3.36450544872824
203.26326326326327,-3.3514802144779345
203.34334334334335,-3.3342422547962425
203.42342342342343,-3.3166389478259117
203.5035035035035,-3.2978691386892725
203.5835835835836,-3.2795307007158963
203.66366366366367,-3.2577350026913443
203.74374374374375,-3.2406944710821732
203.82382382382383,-3.2119564482465197
203.9039039039039,-3.190421403795244
203.983983983984,-3.1536714123880603
204.06406406406407,-3.1255572300050116
204.14414414414415,-3.0886194184630886
204.22422422422423,-3.0594039652684897
204.3043043043043,-3.023815318278943
204.3843843843844,-2.9905306601687194
204.46446446446447,-2.952603863908219
204.54454454454455,-2.919396521453555
204.62462462462463,-2.877189280314435
204.7047047047047,-2.834373965299544
204.7847847847848,-2.7857835072517156
204.86486486486487,-2.7450728641095257
204.94494494494495,-2.6989949536373072
205.02502502502503,-2.657900742289454
205.1051051051051,-2.607670938287268
205.1851851851852,-2.561076643507106
205.26526526526527,-2.5118662759913137
205.34534534534535,-2.4630697617314947
205.42542542542543,-2.4117789315440965
205.5055055055055,-2.356351860845233
205.5855855855856,-2.301973003301023
205.66566566566567,-2.245025616297862
205.74574574574575,-2.19201677503245
205.82582582582583,-2.1323532362572806
205.9059059059059,-2.0797369505323995
205.985985985986,-2.0184478396954133
206.06606606606607,-1.965900374829728
206.14614614614615,-1.9040523470301476
206.22622622622623,-1.850108358550082
206.3063063063063,-1.7789170797923501
206.3863863863864,-1.7193253612382884
206.46646646646647,-1.6443844206003393
206.54654654654655,-1.590578351460231
206.62662662662663,-1.5176104372191668
206.7067067067067,-1.4690458852267978
206.7867867867868,-1.4004685846370737
206.86686686686687,-1.3509614327800787
206.94694694694695,-1.2838250969077079
207.02702702702703,-1.2300610068372286
207.1071071071071,-1.1624573672664644
207.1871871871872,-1.1086023093752113
207.26726726726727,-1.0504645076031243
207.34734734734735,-0.9984306844443126
207.42742742742743,-0.9379070436339698
207.5075075075075,-0.8826839428247164
207.5875875875876,-0.8271271929020321
207.66766766766767,-0.7825374605876666
207.74774774774775,-0.7334736753766596
207.82782782782783,-0.6904654628221184
207.9079079079079,-0.6394742659352577
207.987987987988,-0.6011456665077345
208.06806806806807,-0.557960334812391
208.14814814814815,-0.5221942959879937
208.22822822822823,-0.4804981713085837
208.3083083083083,-0.443996196032454
208.3883883883884,-0.4119336379551403
208.46846846846847,-0.38643946415855523
208.54854854854855,-0.36734651375881355
208.62862862862863,-0.3460855906410198
208.7087087087087,-0.3345976548296443
208.7887887887888,-0.3176897841994709
208.86886886886887,-0.30791833827278037
208.94894894894895,-0.2980594566026931
209.02902902902903,-0.3046997683583521
209.1091091091091,-0.3092499312650157
209.1891891891892,-0.3148273632933833
209.26926926926927,-0.3118830320734472
209.34934934934935,-0.32493889524754793
209.42942942942943,-0.3324950069121815
209.5095095095095,-0.35595448713274863
209.5895895895896,-0.3682423672252211
209.66966966966967,-0.4013366319827135
209.74974974974975,-0.4285548242577523
209.82982982982983,-0.46494250438832946
209.9099099099099,-0.49036090510666186
209.98998998999,-0.5249398074750129
210.07007007007007,-0.5587842134434087
210.15015015015015,-0.5995093386642997
210.23023023023023,-0.6391142182245126
210.3103103103103,-0.6843429495944855
210.3903903903904,-0.734406751979125
210.47047047047047,-0.7860540438747091
210.55055055055055,-0.8351522355437687
210.63063063063063,-0.8879403386501294
210.7107107107107,-0.9412152196234013
210.7907907907908,-0.9987341463958042
210.87087087087087,-1.055669370067747
210.95095095095095,-1.1137157357405045
211.03103103103103,-1.1721460005513427
211.11111111111111,-1.224849483439881
211.1911911911912,-1.2788833953008643
211.27127127127127,-1.3265292837946285
211.35135135135135,-1.3889362969953645
211.43143143143143,-1.4524647095230514
211.51151151151151,-1.5230892719485725
211.5915915915916,-1.5795167128247334
211.67167167167167,-1.6437720525855057
211.75175175175175,-1.7017468190911957
211.83183183183183,-1.7685854512614905
211.91191191191191,-1.8155482076367377
211.991991991992,-1.8821393537384152
212.07207207207207,-1.9308015225621122
212.15215215215215,-2.0059549335661093
212.23223223223223,-2.0545600647796443
212.31231231231232,-2.1201426408406534
212.3923923923924,-2.1665590659577845
212.47247247247248,-2.231537606365941
212.55255255255256,-2.280782826753573
212.63263263263264,-2.33989050501796
212.71271271271272,-2.3809292210955886
212.7927927927928,-2.445188433921032
212.87287287287288,-2.490199649858099
212.95295295295296,-2.544001649529057
213.03303303303304,-2.5762662259070708
213.11311311311312,-2.626118816602026
213.1931931931932,-2.6745381419678265
213.27327327327328,-2.726036454128698
213.35335335335336,-2.77470412254557
213.43343343343344,-2.82543915765893
213.51351351351352,-2.868737848661611
213.5935935935936,-2.9072072995007363
213.67367367367368,-2.9303125487775508
213.75375375375376,-2.9698588038902134
213.83383383383384,-3.004672980555739
213.91391391391392,-3.0438557992745796
213.993993993994,-3.074693178011644
214.07407407407408,-3.1021752106707954
214.15415415415416,-3.140447856878506
214.23423423423424,-3.167330263393404
214.31431431431432,-3.1916420053972807
214.3943943943944,-3.2151373468182567
214.47447447447448,-3.237099153940758
214.55455455455456,-3.271742366100314
214.63463463463464,-3.29638469564562
214.71471471471472,-3.31521174362091
214.7947947947948,-3.3273576137547023
214.87487487487488,-3.3387971747816723
214.95495495495496,-3.363335150111103
215.03503503503504,-3.370207403013162
215.11511511511512,-3.3884299454732254
215.1951951951952,-3.3945502884802385
215.27527527527528,-3.413401101076902
215.35535535535536,-3.4179748963557413
215.43543543543544,-3.431880614876002
215.51551551551552,-3.4329770701756352
215.5955955955956,-3.4401663288272384
215.67567567567568,-3.428079296985309
215.75575575575576,-3.433932897989295
215.83583583583584,-3.420266177560275
215.91591591591592,-3.429457283840061
215.995995995996,-3.4078060245353874
216.07607607607608,-3.401431577680709
216.15615615615616,-3.373976154695361
216.23623623623624,-3.369992401283116
216.31631631631632,-3.3557620488864868
216.3963963963964,-3.352196143447333
216.47647647647648,-3.3289453028225133
216.55655655655656,-3.316420854903469
216.63663663663664,-3.2876126356587285
216.71671671671672,-3.276325375800232
216.7967967967968,-3.2438680497082872
216.87687687687688,-3.230385179052179
216.95695695695696,-3.200632560059586
217.03703703703704,-3.1770487512746977
217.11711711711712,-3.1374672061057165
217.1971971971972,-3.1045531363466075
217.27727727727728,-3.0736807844593166
217.35735735735736,-3.046434360176436
217.43743743743744,-3.0067013302227235
217.51751751751752,-2.9697341427233046
217.5975975975976,-2.9294700740347186
217.67767767767768,-2.906652041263889
217.75775775775776,-2.8637903199939774
217.83783783783784,-2.8291834989123354
217.91791791791792,-2.7713458325468467
217.997997997998,-2.7321205629735736
218.07807807807808,-2.679930421032415
218.15815815815816,-2.637678857635101
218.23823823823824,-2.587098904481275
218.31831831831832,-2.5391346312278826
218.3983983983984,-2.484778538389501
218.47847847847848,-2.433433300831437
218.55855855855856,-2.378746449803416
218.63863863863864,-2.333976288092156
218.71871871871872,-2.275892153916033
218.7987987987988,-2.220584009538302
218.87887887887888,-2.1541092748830497
218.95895895895896,-2.101036813055005
219.03903903903904,-2.048618925305723
219.11911911911912,-2.0011488201768386
219.1991991991992,-1.934435112567433
219.27927927927928,-1.8555663996672713
219.35935935935936,-1.7830940770470873
219.43943943943944,-1.733118798340937
219.51951951951952,-1.6923966283804093
219.5995995995996,-1.6520360295915135
219.67967967967968,-1.5804585841034133
219.75975975975976,-1.5167339560797621
219.83983983983984,-1.4340210518763694
219.91991991991992,-1.3776406680000597
220.0,-1.3120882355665164
