freq,trans
140.0,0.2412222377523405
140.08008008008008,0.2440541442552429
140.16016016016016,0.24729518969639414
140.24024024024024,0.2539860876026645
140.32032032032032,0.26114358766768436
140.4004004004004,0.268687688607545
140.48048048048048,0.27615551356429247
140.56056056056056,0.28316848466965194
140.64064064064064,0.29042167440577366
140.72072072072072,0.29806611091285656
140.8008008008008,0.3063901905720192
140.88088088088088,0.31430548938081254
140.96096096096096,0.32147711367961396
141.04104104104104,0.3287733234784003
141.12112112112112,0.33586295455261544
141.2012012012012,0.3437814894201585
141.28128128128128,0.3504528807928432
141.36136136136136,0.35770468646419146
141.44144144144144,0.36411425227317573
141.52152152152152,0.3715566926698535
141.6016016016016,0.3774332391773132
141.68168168168168,0.38374404167413695
141.76176176176176,0.3887485597129437
141.84184184184184,0.3951821852378627
141.92192192192192,0.40031724973670874
142.002002002002,0.4063419585491496
142.08208208208208,0.4102298975258053
142.16216216216216,0.4150220804181002
142.24224224224224,0.41836920198067024
142.32232232232232,0.4224382388828577
142.4024024024024,0.4247374665741048
142.48248248248248,0.42739859442500383
142.56256256256256,0.42977036357429255
142.64264264264264,0.4320119586341648
142.72272272272272,0.4338280223043757
142.8028028028028,0.4342264949325838
142.88288288288288,0.4353703498007014
142.96296296296296,0.4349445064503131
143.04304304304304,0.4356246343273181
143.12312312312312,0.43469095804409436
143.2032032032032,0.4354333545857131
143.28328328328328,0.4340735364890721
143.36336336336336,0.4340039085511029
143.44344344344344,0.43127021342143634
143.52352352352352,0.43107095489816855
143.6036036036036,0.42836242977489947
143.68368368368368,0.4280764306643026
143.76376376376376,0.424433272975869
143.84384384384384,0.4226346122785253
143.92392392392392,0.41853379961383197
144.004004004004,0.41668650361332543
144.08408408408408,0.4128190608606613
144.16416416416416,0.4099229664406528
144.24424424424424,0.40505624075823937
144.32432432432432,0.40131755560940224
144.4044044044044,0.3967718620635635
144.48448448448448,0.39282834824909324
144.56456456456456,0.38813242118129415
144.64464464464464,0.3835141742025852
144.72472472472472,0.37933279656711655
144.8048048048048,0.3740645251384018
144.88488488488488,0.37030467575032094
144.96496496496496,0.3646975346031741
145.04504504504504,0.3610933072494837
145.12512512512512,0.3555115718066929
145.2052052052052,0.35190507048444175
145.28528528528528,0.34619713389913237
145.36536536536536,0.3419289741265515
145.44544544544544,0.3363397456060844
145.52552552552552,0.3324508368705323
145.6056056056056,0.3266743832128446
145.68568568568568,0.32277781098426606
145.76576576576576,0.3172869311684852
145.84584584584584,0.3140526245162282
145.92592592592592,0.308551087667635
146.006006006006,0.3044821951700336
146.08608608608608,0.2989741644062352
146.16616616616616,0.2956238648293694
146.24624624624624,0.29159531308323455
146.32632632632632,0.28880214812826216
146.4064064064064,0.284532720680421
146.48648648648648,0.2806512555456942
146.56656656656656,0.27619423003202564
146.64664664664664,0.27253939943172867
146.72672672672672,0.2689578115322236
146.8068068068068,0.2655591048052379
146.88688688688688,0.26233148939098777
146.96696696696696,0.2586572393387837
147.04704704704704,0.2553677355092415
147.12712712712712,0.25157467743506395
147.2072072072072,0.24867753255954753
147.28728728728728,0.24549877934084297
147.36736736736736,0.2430843653679792
147.44744744744744,0.24001752011668692
147.52752752752752,0.23755519596754807
147.6076076076076,0.23449737495365242
147.68768768768768,0.23203792644944055
147.76776776776777,0.22894392384702533
147.84784784784785,0.22669895260435266
147.92792792792793,0.22417098664877336
148.008008008008,0.22246500707217462
148.08808808808809,0.21993143322841505
148.16816816816817,0.2184190784908601
148.24824824824825,0.21652472949517465
148.32832832832833,0.21559449449898388
148.4084084084084,0.2137546678334899
148.48848848848849,0.21228224008955743
148.56856856856857,0.21073469375305026
148.64864864864865,0.20977761881238416
148.72872872872873,0.20824882857260107
148.8088088088088,0.20674635333260596
148.88888888888889,0.20543820443924202
148.96896896896897,0.20513525388217155
149.04904904904905,0.20456830235309617
149.12912912912913,0.20453854312951794
149.2092092092092,0.20409869869572758
149.2892892892893,0.20433242169889818
149.36936936936937,0.20398450493408954
149.44944944944945,0.20373720643949905
149.52952952952953,0.20360550580131215
149.6096096096096,0.20430646901286836
149.6896896896897,0.2051131650299613
149.76976976976977,0.2056008925513379
149.84984984984985,0.20619434054872707
149.92992992992993,0.20748419061089768
150.01001001001,0.20951712038567177
150.0900900900901,0.21124994088327162
150.17017017017017,0.21320045212589356
150.25025025025025,0.21496771495315467
150.33033033033033,0.21718147895395634
150.4104104104104,0.21943398741582545
150.4904904904905,0.22215160274127888
150.57057057057057,0.2252249772698615
150.65065065065065,0.2287594825968893
150.73073073073073,0.2322638465756458
150.8108108108108,0.23617105368110422
150.8908908908909,0.24002333470411047
150.97097097097097,0.24452327601571722
151.05105105105105,0.24907684007397976
151.13113113113113,0.2540431703157961
151.2112112112112,0.2591555166583192
151.2912912912913,0.26497041011406186
151.37137137137137,0.2709740311760047
151.45145145145145,0.27656816475031787
151.53153153153153,0.28235692610719243
151.6116116116116,0.2883527556582932
151.6916916916917,0.295380728325841
151.77177177177177,0.3025084895445808
151.85185185185185,0.3098368952912925
151.93193193193193,0.3167733532884137
152.012012012012,0.32418379832881894
152.0920920920921,0.33169485303294954
152.17217217217217,0.33969268808074865
152.25225225225225,0.3473876704329854
152.33233233233233,0.3554956387059515
152.4124124124124,0.3631658387528925
152.4924924924925,0.3710928935832747
152.57257257257257,0.37825202543795294
152.65265265265265,0.3865861228172777
152.73273273273273,0.39442234587876995
152.8128128128128,0.4026789459612358
152.8928928928929,0.4095543692789988
152.97297297297297,0.4169071927341838
153.05305305305305,0.4242322414122355
153.13313313313313,0.43201211331818395
153.2132132132132,0.4387211094402127
153.2932932932933,0.44559040206554446
153.37337337337337,0.45181754591954437
153.45345345345345,0.4587092825005844
153.53353353353353,0.46461316596699104
153.6136136136136,0.47043418605045184
153.6936936936937,0.47572375623235164
153.77377377377377,0.4808241460490848
153.85385385385385,0.4857698615849254
153.93393393393393,0.49040365712122597
154.014014014014,0.49547950453818745
154.0940940940941,0.500001607391475
154.17417417417417,0.5046269713425162
154.25425425425425,0.5081479608272074
154.33433433433433,0.5118209312620331
154.4144144144144,0.5147331298346635
154.4944944944945,0.5176927333303322
154.57457457457457,0.5198161776399705
154.65465465465465,0.5221662538954748
154.73473473473473,0.5239499789960808
154.8148148148148,0.5260657916717617
154.8948948948949,0.5277248027798733
154.97497497497497,0.530102240744693
155.05505505505505,0.5319564951352511
155.13513513513513,0.5335146460584611
155.2152152152152,0.53346687907123
155.2952952952953,0.5339656857934199
155.37537537537537,0.5340551131584671
155.45545545545545,0.5349197295697363
155.53553553553553,0.5345756955897142
155.6156156156156,0.534187533145413
155.6956956956957,0.5333277397686967
155.77577577577577,0.5332673605515893
155.85585585585585,0.5327302890803012
155.93593593593593,0.5320371698215415
156.016016016016,0.5302827235362501
156.0960960960961,0.528297386892007
156.17617617617617,0.5258765835868972
156.25625625625625,0.5236885248955152
156.33633633633633,0.5213946010567452
156.4164164164164,0.5192484783869967
156.4964964964965,0.5165643727379347
156.57657657657657,0.5134089910992762
156.65665665665665,0.5099660174352691
156.73673673673673,0.5067482451139784
156.8168168168168,0.5036036699830375
156.8968968968969,0.4997974898181721
156.97697697697697,0.49604668976582633
157.05705705705705,0.49132360796134233
157.13713713713713,0.48689392196218967
157.2172172172172,0.4819520184889977
157.2972972972973,0.47790576277034036
157.37737737737737,0.4730265410153314
157.45745745745745,0.4683744305946287
157.53753753753753,0.462986637225007
157.6176176176176,0.45796065843995304
157.6976976976977,0.4524557829966448
157.77777777777777,0.447217853585537
157.85785785785785,0.4413089512880599
157.93793793793793,0.43610499774781375
158.018018018018,0.43048367202197957
158.0980980980981,0.4255958451862101
158.17817817817817,0.4200385117887268
158.25825825825825,0.41511985809378354
158.33833833833833,0.4097405093936052
158.4184184184184,0.404744964095322
158.4984984984985,0.39929873143569156
158.57857857857857,0.3937547981241041
158.65865865865865,0.388009361852159
158.73873873873873,0.38254701247399997
158.8188188188188,0.3771063884545514
158.8988988988989,0.3718749302989866
158.97897897897897,0.3667767773475837
159.05905905905905,0.36188249909602943
159.13913913913913,0.3573883608186759
159.2192192192192,0.35261999605871663
159.2992992992993,0.3482617630162742
159.37937937937937,0.3434274192024321
159.45945945945945,0.33938058401527554
159.53953953953953,0.3349384209686451
159.6196196196196,0.33099960757661473
159.6996996996997,0.3267401154832283
159.77977977977977,0.32321358517672055
159.85985985985985,0.31986947999207643
159.93993993993993,0.3168269301100575
160.02002002002,0.31332959115407893
160.1001001001001,0.30998861324929916
160.18018018018017,0.30659942738536167
160.26026026026025,0.30394357887186074
160.34034034034033,0.30117030160101105
160.4204204204204,0.29826317157900284
160.5005005005005,0.2952835255846435
160.58058058058057,0.29237744534158133
160.66066066066065,0.2901631992719855
160.74074074074073,0.28801134322055694
160.8208208208208,0.2863472261870903
160.9009009009009,0.2845643752571112
160.98098098098097,0.28314273221891273
161.06106106106105,0.281584863361751
161.14114114114113,0.2804239147031027
161.2212212212212,0.27956552383308636
161.3013013013013,0.2793331172723468
161.38138138138137,0.2790869882518861
161.46146146146145,0.27921120557014717
161.54154154154153,0.2795635592413402
161.6216216216216,0.2803950618716547
161.7017017017017,0.2812009613401898
161.78178178178177,0.2819716511525671
161.86186186186185,0.28280271416082114
161.94194194194193,0.28405135170242074
162.022022022022,0.2856098428075405
162.1021021021021,0.28716505929816
162.18218218218217,0.28901771948676586
162.26226226226225,0.2913198881780053
162.34234234234233,0.29400572786488005
162.42242242242241,0.29690655015972955
162.5025025025025,0.2995467760433614
162.58258258258257,0.3023503722796331
162.66266266266265,0.30554840667817335
162.74274274274273,0.30908453123527224
162.82282282282281,0.313281156912141
162.9029029029029,0.3178162031607467
162.98298298298297,0.323242847958382
163.06306306306305,0.32872410632148463
163.14314314314313,0.33450583775460746
163.22322322322321,0.34011812562897537
163.3033033033033,0.3462606184789523
163.38338338338338,0.3525311990735994
163.46346346346346,0.3587601013623551
163.54354354354354,0.36503016036683084
163.62362362362362,0.37165464061831127
163.7037037037037,0.37873968943507397
163.78378378378378,0.3859611796694539
163.86386386386386,0.39317657279318613
163.94394394394394,0.4006715159275371
164.02402402402402,0.40815183831692875
164.1041041041041,0.4155788382149655
164.18418418418418,0.4229235505663571
164.26426426426426,0.4303111640466908
164.34434434434434,0.43769941100966553
164.42442442442442,0.44472158928171207
164.5045045045045,0.4517515533353068
164.58458458458458,0.4586948044160913
164.66466466466466,0.4659195567550144
164.74474474474474,0.4728655575604538
164.82482482482482,0.4798859938885698
164.9049049049049,0.4868132859599549
164.98498498498498,0.4933854870415308
165.06506506506506,0.499169127098494
165.14514514514514,0.5046027794581056
165.22522522522522,0.5100064394046547
165.3053053053053,0.5152819462155493
165.38538538538538,0.5197104855875558
165.46546546546546,0.5239828575190808
165.54554554554554,0.528460642831314
165.62562562562562,0.5333779979407083
165.7057057057057,0.537881263797161
165.78578578578578,0.5416489358009522
165.86586586586586,0.5452336102268466
165.94594594594594,0.5487454262400341
166.02602602602602,0.5521737289029638
166.1061061061061,0.5553343036840126
166.18618618618618,0.5580851366743296
166.26626626626626,0.5606063771368494
166.34634634634634,0.5630459607318596
166.42642642642642,0.5655146862771946
166.5065065065065,0.5682437847506975
166.58658658658658,0.5705058852011358
166.66666666666666,0.5728536040304452
166.74674674674674,0.5743913574465168
166.82682682682682,0.5758794416299976
166.9069069069069,0.5767824529508859
166.98698698698698,0.5781888420294462
167.06706706706706,0.5794081919244128
167.14714714714714,0.5811873442312188
167.22722722722722,0.5821523331793724
167.3073073073073,0.5834765489236917
167.38738738738738,0.5841960676852818
167.46746746746746,0.5856661802402189
167.54754754754754,0.5863979221940566
167.62762762762762,0.5877092217815635
167.7077077077077,0.5880563516699858
167.78778778778778,0.588860930525953
167.86786786786786,0.5891702892004252
167.94794794794794,0.5899912568928986
168.02802802802802,0.5902222479718328
168.1081081081081,0.5905589606418689
168.18818818818818,0.5906602788057882
168.26826826826826,0.5909861610411118
168.34834834834834,0.5910602227106946
168.42842842842842,0.5909064260047346
168.5085085085085,0.5905078222795923
168.58858858858858,0.5898957705568151
168.66866866866866,0.5893465287314864
168.74874874874874,0.5886417984970307
168.82882882882882,0.5881779722912798
168.9089089089089,0.587372277885204
168.98898898898898,0.5864439902034253
169.06906906906906,0.5846549096933555
169.14914914914914,0.5830955498068274
169.22922922922922,0.58120360314232
169.3093093093093,0.5797905496538753
169.38938938938938,0.5774438296578083
169.46946946946946,0.5749962284518234
169.54954954954954,0.57188843947422
169.62962962962962,0.5693475874290812
169.7097097097097,0.5662271452834309
169.78978978978978,0.5632219868741994
169.86986986986986,0.5594092236089043
169.94994994994994,0.5557297755103346
170.03003003003002,0.5512774864143529
170.1101101101101,0.5469969607685224
170.19019019019018,0.5423283057204944
170.27027027027026,0.5381532345815334
170.35035035035034,0.533678742147865
170.43043043043042,0.529403097676122
170.5105105105105,0.5244302706465852
170.59059059059058,0.5197534209219926
170.67067067067066,0.5147021091424382
170.75075075075074,0.5099244428821351
170.83083083083082,0.5046722608401407
170.9109109109109,0.49938099817390796
170.99099099099098,0.4937827966122592
171.07107107107106,0.48846364043083673
171.15115115115114,0.4832080189941098
171.23123123123122,0.4782516932687377
171.3113113113113,0.47322156923542485
171.39139139139138,0.4681845511585965
171.47147147147146,0.46284083126781533
171.55155155155154,0.457631443746355
171.63163163163162,0.4525060930754431
171.7117117117117,0.4475824519426258
171.79179179179178,0.44260284722620097
171.87187187187186,0.43751789530898644
171.95195195195194,0.43276069974041637
172.03203203203202,0.4282945134612525
172.11211211211213,0.4241968831047441
172.19219219219218,0.4199873772957016
172.2722722722723,0.4158982056809904
172.35235235235234,0.4119177938090654
172.43243243243245,0.408248579405435
172.5125125125125,0.4042320905471695
172.5925925925926,0.4007282689760052
172.67267267267266,0.39726099373863233
172.75275275275277,0.39435661860444415
172.83283283283282,0.3912837944053687
172.91291291291293,0.38882542601311865
172.99299299299298,0.38643511607129677
173.0730730730731,0.3841434160725781
173.15315315315314,0.38160751155922895
173.23323323323325,0.3796320133449106
173.3133133133133,0.37823321847281016
173.3933933933934,0.3771640377549291
173.47347347347346,0.37592013815195047
173.55355355355357,0.37529294887836306
173.63363363363362,0.37510818361202247
173.71371371371373,0.3756494138304408
173.79379379379378,0.37603927445403235
173.8738738738739,0.37673504448284484
173.95395395395394,0.37763718227310533
174.03403403403405,0.3788793295600114
174.1141141141141,0.3798092650879457
174.1941941941942,0.3807942495323855
174.27427427427426,0.3823055182542327
174.35435435435437,0.3845368312110258
174.43443443443442,0.3870108307306272
174.51451451451453,0.3898038027214302
174.59459459459458,0.3929138828913841
174.6746746746747,0.396482452254167
174.75475475475474,0.40020373520925484
174.83483483483485,0.40393697774609705
174.9149149149149,0.40792761075731615
174.994994994995,0.4119283086567693
175.07507507507506,0.4165004091158458
175.15515515515517,0.42111925624979585
175.23523523523522,0.4264629374960037
175.31531531531533,0.4323508515664711
175.39539539539538,0.4389375450471449
175.4754754754755,0.44528991330862744
175.55555555555554,0.4512235705894805
175.63563563563565,0.4569186285523729
175.7157157157157,0.46292566550083436
175.7957957957958,0.46923289257222006
175.87587587587586,0.4754835624339037
175.95595595595597,0.4814917876685127
176.03603603603602,0.487853223295918
176.11611611611613,0.4942941898485049
176.19619619619618,0.5008676490563347
176.2762762762763,0.506982134609577
176.35635635635634,0.5130244405443728
176.43643643643645,0.5188613802516656
176.5165165165165,0.5243578556067963
176.5965965965966,0.5295516889298754
176.67667667667666,0.5345687366706134
176.75675675675677,0.5397857064581594
176.83683683683682,0.5448413918309172
176.91691691691693,0.5494569846177614
176.99699699699698,0.5538458900792289
177.0770770770771,0.5581646595811361
177.15715715715714,0.5626329572106232
177.23723723723725,0.5666681324127234
177.3173173173173,0.569962604286212
177.3973973973974,0.5726660770557988
177.47747747747746,0.5753215458840878
177.55755755755757,0.5781937031270814
177.63763763763762,0.5806467180248619
177.71771771771773,0.5825796410807164
177.79779779779778,0.5842568311556873
177.8778778778779,0.5861178755403492
177.95795795795794,0.5881304399985696
178.03803803803805,0.5899077597806859
178.1181181181181,0.5911247622936746
178.1981981981982,0.5920294841222677
178.27827827827826,0.5930232150097533
178.35835835835837,0.5944328754889917
178.43843843843842,0.5957984051476072
178.51851851851853,0.5968970052755125
178.59859859859858,0.5974844124284243
178.6786786786787,0.5980376499667093
178.75875875875874,0.5987837749540901
178.83883883883885,0.59977986105205
178.9189189189189,0.6009155800868408
178.998998998999,0.6018890879877105
179.07907907907907,0.6028475571343637
179.15915915915917,0.6034350522199232
179.23923923923923,0.6035709708564391
179.31931931931933,0.6039158419285885
179.39939939939939,0.6050060993072853
179.4794794794795,0.606582918125663
179.55955955955955,0.6075945562231337
179.63963963963965,0.6078257712486046
179.7197197197197,0.6082503529603164
179.7997997997998,0.6093226815059173
179.87987987987987,0.6105294490070158
179.95995995995997,0.6114539493649189
180.04004004004003,0.6122774985835314
180.12012012012013,0.6134341637928178
180.2002002002002,0.6145882386365702
180.2802802802803,0.6155201592409133
180.36036036036035,0.6163350837962368
180.44044044044045,0.617409793969926
180.5205205205205,0.6187710660193364
180.60060060060061,0.6198503078416182
180.68068068068067,0.6205682850050327
180.76076076076077,0.6211576933582345
180.84084084084083,0.6221102420929913
180.92092092092093,0.6234581863395541
181.001001001001,0.6244941970728126
181.0810810810811,0.624966202580356
181.16116116116115,0.6250864629925418
181.24124124124126,0.6257243016588661
181.3213213213213,0.6268989389329666
181.40140140140142,0.6280395986657619
181.48148148148147,0.6286413007800862
181.56156156156158,0.628651126256012
181.64164164164163,0.6285345635433465
181.72172172172174,0.6283402263260089
181.8018018018018,0.6281834438826845
181.8818818818819,0.6280136290922995
181.96196196196195,0.6277319573211988
182.04204204204206,0.6271087054251616
182.1221221221221,0.6261364573986135
182.20220220220222,0.6250291317593648
182.28228228228227,0.6238503821309822
182.36236236236238,0.6224253966844383
182.44244244244243,0.6207152418262887
182.52252252252254,0.6188610869197102
182.6026026026026,0.6169319136052703
182.6826826826827,0.6147982616659352
182.76276276276275,0.612400289232956
182.84284284284286,0.6097067208190368
182.9229229229229,0.606822086640845
183.00300300300302,0.6039596003825078
183.08308308308307,0.6011074662642012
183.16316316316318,0.5981328682769255
183.24324324324323,0.594970626914512
183.32332332332334,0.5914292133541436
183.4034034034034,0.587742052454731
183.4834834834835,0.5839588212200891
183.56356356356355,0.5802513486568601
183.64364364364366,0.5762672336471254
183.7237237237237,0.5720706950431195
183.80380380380382,0.5680532290646346
183.88388388388387,0.564071047301357
183.96396396396398,0.5599674842615762
184.04404404404403,0.5555132628519357
184.12412412412414,0.5510818167939715
184.2042042042042,0.5468085748640981
184.2842842842843,0.5426122033674077
184.36436436436435,0.5384642542698196
184.44444444444446,0.5345894282940032
184.5245245245245,0.5308278198410554
184.60460460460462,0.527262681666051
184.68468468468467,0.5234175588974901
184.76476476476478,0.5197344665018095
184.84484484484483,0.5159754760070425
184.92492492492494,0.5128069083815064
185.005005005005,0.5097573415229686
185.0850850850851,0.5069161822048127
185.16516516516515,0.5038150365744949
185.24524524524526,0.5009158560706426
185.3253253253253,0.4983545524848955
185.40540540540542,0.4966943334026563
185.48548548548547,0.4951874412395036
185.56556556556558,0.4936656809786376
185.64564564564563,0.49198586283851303
185.72572572572574,0.49064529390570194
185.8058058058058,0.489632735046621
185.8858858858859,0.4888042594699932
185.96596596596595,0.48814304163211714
186.04604604604606,0.4880417740496472
186.1261261261261,0.4887085115940847
186.20620620620622,0.48983060096258535
186.28628628628627,0.4912964897687815
186.36636636636638,0.4927611840293516
186.44644644644643,0.4945550251431305
186.52652652652654,0.49646705497111415
186.6066066066066,0.4986445838033911
186.6866866866867,0.5009212652747311
186.76676676676675,0.503551935013992
186.84684684684686,0.5066936588121554
186.9269269269269,0.510426468031366
187.00700700700702,0.5139658324149293
187.08708708708707,0.5173550377866563
187.16716716716718,0.5209308214215835
187.24724724724723,0.5252282366123928
187.32732732732734,0.529751416556373
187.4074074074074,0.5341199479550187
187.4874874874875,0.5383730542197449
187.56756756756755,0.5427416710230096
187.64764764764766,0.5473832463712262
187.7277277277277,0.5518620047284315
187.80780780780782,0.5563798954703661
187.88788788788787,0.5609256667571824
187.96796796796798,0.5656423994718718
188.04804804804803,0.5702620669099212
188.12812812812814,0.574883134513532
188.2082082082082,0.5793099740947625
188.2882882882883,0.5832764467235468
188.36836836836835,0.5866246100562379
188.44844844844846,0.5900941279068347
188.5285285285285,0.5936774728249008
188.60860860860862,0.5972075969382101
188.68868868868867,0.6003322449788592
188.76876876876878,0.6032752720125745
188.84884884884883,0.6061634256336276
188.92892892892894,0.6086081556163675
189.009009009009,0.6104284130863252
189.0890890890891,0.6118492146076436
189.16916916916915,0.6132600756327447
189.24924924924926,0.6147839618283607
189.3293293293293,0.6162480181447416
189.40940940940942,0.6173332572251251
189.48948948948947,0.6181395673736536
189.56956956956958,0.6186578804067306
189.64964964964963,0.6193140247851073
189.72972972972974,0.6197205014211565
189.8098098098098,0.619941336315421
189.8898898898899,0.6200619567422793
189.96996996996995,0.6201403415547971
190.05005005005006,0.6201443951668966
190.1301301301301,0.6193953644625775
190.21021021021022,0.6185786954698922
190.29029029029027,0.6181503873433694
190.37037037037038,0.6182265563704091
190.45045045045043,0.618447955029739
190.53053053053054,0.6180523292383775
190.6106106106106,0.6174022210798706
190.6906906906907,0.6166037968995846
190.77077077077075,0.615973100317662
190.85085085085086,0.6154085796184737
190.9309309309309,0.6147706389143204
191.01101101101102,0.6145596209317609
191.09109109109107,0.6145630810380082
191.17117117117118,0.6146560449894846
191.25125125125123,0.6142441767729379
191.33133133133134,0.6137646108088789
191.41141141141142,0.6138206134626416
191.4914914914915,0.6142600899296681
191.57157157157158,0.614457528902437
191.65165165165166,0.6140700044998058
191.73173173173174,0.6137011565321372
191.81181181181182,0.6142970079278479
191.8918918918919,0.6151334385270725
191.97197197197198,0.6159352884953448
192.05205205205206,0.6159591907424915
192.13213213213214,0.6161311346277683
192.21221221221222,0.6168170918817605
192.2922922922923,0.6179731471270774
192.37237237237238,0.618876593923225
192.45245245245246,0.6193491893443309
192.53253253253254,0.6199182187963074
192.61261261261262,0.620688269737346
192.6926926926927,0.6215951614920177
192.77277277277278,0.6224668805718109
192.85285285285286,0.6237623676034171
192.93293293293294,0.6255044117998976
193.01301301301302,0.6272354382440458
193.0930930930931,0.6286278092982233
193.17317317317318,0.6299445440573009
193.25325325325326,0.631601709918647
193.33333333333334,0.6333573663654586
193.41341341341342,0.6346408711576635
193.4934934934935,0.635922315786049
193.57357357357358,0.6375730184700621
193.65365365365366,0.6394257713480649
193.73373373373374,0.6411067523047922
193.81381381381382,0.642592419312951
193.8938938938939,0.644252068050768
193.97397397397398,0.6460047376874161
194.05405405405406,0.6478814533329591
194.13413413413414,0.6494904017723386
194.21421421421422,0.6511532151888514
194.2942942942943,0.6525199078970417
194.37437437437438,0.6540192779428556
194.45445445445446,0.6552308771296967
194.53453453453454,0.656545885070959
194.61461461461462,0.6578582250699697
194.6946946946947,0.6593174159498362
194.77477477477478,0.6605063662298901
194.85485485485486,0.6613524492619213
194.93493493493494,0.6621188162228768
195.01501501501502,0.6629910700482887
195.0950950950951,0.6636880242021175
195.17517517517518,0.6638205082324361
195.25525525525526,0.6635461953215709
195.33533533533534,0.6634013759233723
195.41541541541542,0.6635666544946716
195.4954954954955,0.6636529432882622
195.57557557557558,0.663315766635228
195.65565565565566,0.6627073590571123
195.73573573573574,0.6622529557703116
195.81581581581582,0.6615662451834674
195.8958958958959,0.6606220165709444
195.97597597597598,0.6592720792178703
196.05605605605606,0.6581403752357734
196.13613613613614,0.6568124882695707
196.21621621621622,0.6554518856683164
196.2962962962963,0.6538658664676826
196.37637637637638,0.6525770565998471
196.45645645645646,0.6509613642686983
196.53653653653654,0.6493743425718393
196.61661661661662,0.6470059728119641
196.6966966966967,0.6446209658334108
196.77677677677679,0.6421712650825089
196.85685685685687,0.6401723325555815
196.93693693693695,0.6381405719746504
197.01701701701703,0.635840160443896
197.0970970970971,0.633632051445362
197.17717717717719,0.6315354074566432
197.25725725725727,0.6296988260354314
197.33733733733735,0.6277601933571183
197.41741741741743,0.6259474437210149
197.4974974974975,0.6241053742534468
197.57757757757759,0.6222102081742453
197.65765765765767,0.6205485272939608
197.73773773773775,0.6191550956034043
197.81781781781783,0.6184288088055234
197.8978978978979,0.6176378215357756
197.977977977978,0.6167485109608349
198.05805805805807,0.6157264358729735
198.13813813813815,0.6152369200998375
198.21821821821823,0.6153075147155148
198.2982982982983,0.6156219409290888
198.3783783783784,0.6157672256413417
198.45845845845847,0.6161739558486367
198.53853853853855,0.6168218695750871
198.61861861861863,0.6181102813460939
198.6986986986987,0.6194410780105938
198.7787787787788,0.6210429558224977
198.85885885885887,0.6225751258737257
198.93893893893895,0.6241306579685227
199.01901901901903,0.6259792033102839
199.0990990990991,0.6278601725747375
199.1791791791792,0.6299111362180478
199.25925925925927,0.6321682163907012
199.33933933933935,0.6345792239083651
199.41941941941943,0.6368458327565366
199.4994994994995,0.639033677539341
199.5795795795796,0.6416727588944613
199.65965965965967,0.644507988745718
199.73973973973975,0.6472046473127168
199.81981981981983,0.6491336926714212
199.8998998998999,0.6510665729587388
199.97997997998,0.6529051107419901
200.06006006006007,0.6550724371151203
200.14014014014015,0.656953745471913
200.22022022022023,0.6588794426282102
200.3003003003003,0.6601310182770713
200.3803803803804,0.6614436267525913
200.46046046046047,0.6624486203529293
200.54054054054055,0.6638479939002214
200.62062062062063,0.6646758420922697
200.7007007007007,0.6654660396862216
200.7807807807808,0.665360486329386
200.86086086086087,0.6650419702743177
200.94094094094095,0.6647005238591577
201.02102102102103,0.6646030973721625
201.1011011011011,0.6644157508612565
201.1811811811812,0.6632898483246678
201.26126126126127,0.6622279229974345
201.34134134134135,0.661301850394787
201.42142142142143,0.6601970969930038
201.5015015015015,0.6587377182127456
201.5815815815816,0.6568624592720115
201.66166166166167,0.6555571702001182
201.74174174174175,0.6540232134431853
201.82182182182183,0.6523731811731533
201.9019019019019,0.6505843473776444
201.981981981982,0.6489263897176524
202.06206206206207,0.647437797533068
202.14214214214215,0.6452908412884356
202.22222222222223,0.6434423912781284
202.3023023023023,0.6415994135935851
202.3823823823824,0.6405644312469565
202.46246246246247,0.6388020673585193
202.54254254254255,0.6369424301530684
202.62262262262263,0.6348311930391705
202.7027027027027,0.6333650496379621
202.7827827827828,0.631667265479122
202.86286286286287,0.6298340808694998
202.94294294294295,0.6275480524701221
203.02302302302303,0.6261541269560991
203.1031031031031,0.6250828013373126
203.1831831831832,0.6243861782450706
203.26326326326327,0.62280628325195
203.34334334334335,0.6211669780473721
203.42342342342343,0.619805648324763
203.5035035035035,0.6193272402141234
203.5835835835836,0.6182820345362714
203.66366366366367,0.6174508734191506
203.74374374374375,0.6165965779635492
203.82382382382383,0.6165456945522025
203.9039039039039,0.6160290468537614
203.983983983984,0.6155253009836158
204.06406406406407,0.6151370967981489
204.14414414414415,0.6154419452044383
204.22422422422423,0.6152933543875143
204.3043043043043,0.6151718846742369
204.3843843843844,0.6146082168722221
204.46446446446447,0.6147991740256626
204.54454454454455,0.6149980506368153
204.62462462462463,0.6155984598795384
204.7047047047047,0.6163476585429306
204.7847847847848,0.6173007615428269
204.86486486486487,0.6178794562361417
204.94494494494495,0.618267608183605
205.02502502502503,0.6187720238066399
205.1051051051051,0.6197884595970179
205.1851851851852,0.6209532231122162
205.26526526526527,0.6220426671202653
205.34534534534535,0.6236081683564401
205.42542542542543,0.6250032545491612
205.5055055055055,0.6267306735247229
205.5855855855856,0.6280785674377695
205.66566566566567,0.6303425038367336
205.74574574574575,0.6320639269504357
205.82582582582583,0.6340889824187322
205.9059059059059,0.6359506475399765
205.985985985986,0.6385806224560011
206.06606606606607,0.6404518390370081
206.14614614614615,0.6425829533293567
206.22622622622623,0.6444311017331762
206.3063063063063,0.647919832127244
206.3863863863864,0.6499312227232722
206.46646646646647,0.6529894979758034
206.54654654654655,0.6546998840246464
206.62662662662663,0.6584030392816571
206.7067067067067,0.6603498418832779
206.7867867867868,0.6636105490577124
206.86686686686687,0.6653886079038501
206.94694694694695,0.6688913084029263
207.02702702702703,0.6710788084326088
207.1071071071071,0.6745011404295669
207.1871871871872,0.6770587182179506
207.26726726726727,0.6804615474404642
207.34734734734735,0.6828376981913218
207.42742742742743,0.6858031105257342
207.5075075075075,0.6884778054858958
207.5875875875876,0.6915238240403238
207.66766766766767,0.6939182363118209
207.74774774774775,0.696382001753019
207.82782782782783,0.699123312983969
207.9079079079079,0.7016776367305366
207.987987987988,0.7039432814245284
208.06806806806807,0.7067423600926833
208.14814814814815,0.7094682713003712
208.22822822822823,0.7119197332138001
208.3083083083083,0.7136563144261069
208.3883883883884,0.7157764104705432
208.46846846846847,0.7182245861857607
208.54854854854855,0.719877497447331
208.62862862862863,0.7216019268209088
208.7087087087087,0.7228074407783497
208.7887887887888,0.7250339032318205
208.86886886886887,0.726387133340399
208.94894894894895,0.7277934499342553
209.02902902902903,0.7280776593249213
209.1091091091091,0.729368279463326
209.1891891891892,0.730555257834108
209.26926926926927,0.7322512886251245
209.34934934934935,0.7321665928305419
209.42942942942943,0.7331678793181127
209.5095095095095,0.7334883270127397
209.5895895895896,0.7350395614134122
209.66966966966967,0.7344958031118082
209.74974974974975,0.7354557097107008
209.82982982982983,0.7356309995221347
209.9099099099099,0.7373101826172956
209.98998998999,0.7369547194807181
210.07007007007007,0.7374736076034634
210.15015015015015,0.7375468710351903
210.23023023023023,0.7391227186268338
210.3103103103103,0.7394685467975667
210.3903903903904,0.7398494160622312
210.47047047047047,0.7391059582260231
210.55055055055055,0.739905855500442
210.63063063063063,0.7402019522108934
210.7107107107107,0.741252917601408
210.7907907907908,0.7412538557791336
210.87087087087087,0.7427848128293213
210.95095095095095,0.7434471759100402
211.03103103103103,0.7441394021239379
211.11111111111111,0.7439794654415893
211.1911911911912,0.7444421184838198
211.27127127127127,0.745599806813609
211.35135135135135,0.746025788804219
211.43143143143143,0.7461436507337572
211.51151151151151,0.7457450385473299
211.5915915915916,0.746032496597618
211.67167167167167,0.7461803903752509
211.75175175175175,0.7462932614239516
211.83183183183183,0.7454131046775262
211.91191191191191,0.7450317140770099
211.991991991992,0.7443242265115252
212.07207207207207,0.744344176963405
212.15215215215215,0.7426974037776078
212.23223223223223,0.7419269111581309
212.31231231231232,0.7401294340908613
212.3923923923924,0.7394913664691418
212.47247247247248,0.7370624834473362
212.55255255255256,0.7356175253936124
212.63263263263264,0.7332816162140843
212.71271271271272,0.7320584141804999
212.7927927927928,0.7291722149502666
212.87287287287288,0.7265594855680494
212.95295295295296,0.723254346106805
213.03303303303304,0.7211118388661252
213.11311311311312,0.7183238327798775
213.1931931931932,0.7156909351115225
213.27327327327328,0.7125758473214346
213.35335335335336,0.7098461754717879
213.43343343343344,0.7059459917383571
213.51351351351352,0.7020245135993963
213.5935935935936,0.6978623685550751
213.67367367367368,0.6950629247403074
213.75375375375376,0.6922771387751129
213.83383383383384,0.6890179833197773
213.91391391391392,0.6851681773659482
213.993993993994,0.6811436954247799
214.07407407407408,0.6777381919612301
214.15415415415416,0.6740260898409578
214.23423423423424,0.670538973291891
214.31431431431432,0.6673544306027777
214.3943943943944,0.6645271752659261
214.47447447447448,0.6615564999881375
214.55455455455456,0.6577761536372929
214.63463463463464,0.6542019592452956
214.71471471471472,0.651195793385474
214.7947947947948,0.6484368874956435
214.87487487487488,0.6457524377182059
214.95495495495496,0.6426930862417952
215.03503503503504,0.640574501702407
215.11511511511512,0.6378734023689341
215.1951951951952,0.6354617390326219
215.27527527527528,0.6323997102464383
215.35535535535536,0.6300235094933393
215.43543543543544,0.627634448026961
215.51551551551552,0.6261207404402699
215.5955955955956,0.6238286796132728
215.67567567567568,0.6228046196672011
215.75575575575576,0.620441482099686
215.83583583583584,0.6196505538243716
215.91591591591592,0.617236078119967
215.995995995996,0.6165906346690867
216.07607607607608,0.6151059232647355
216.15615615615616,0.615135950917389
216.23623623623624,0.6142616563242459
216.31631631631632,0.61353931819705
216.3963963963964,0.6125214958967183
216.47647647647648,0.6127439339586556
216.55655655655656,0.611825010884047
216.63663663663664,0.6114690082828553
216.71671671671672,0.6102088272048826
216.7967967967968,0.6112697768860763
216.87687687687688,0.6110181649398696
216.95695695695696,0.6117907506311774
217.03703703703704,0.6111553067437746
217.11711711711712,0.6118987038322153
217.1971971971972,0.612073534304243
217.27727727727728,0.6131086014172271
217.35735735735736,0.6133370053919689
217.43743743743744,0.6146844686854955
217.51751751751752,0.6151837737268668
217.5975975975976,0.6166390450617958
217.67767767767768,0.6165555875837784
217.75775775775776,0.6184569080236172
217.83783783783784,0.6194707140893249
217.91791791791792,0.6214907047251821
217.997997997998,0.6229890209328557
218.07807807807808,0.6248987815303138
218.15815815815816,0.6274181092939038
218.23823823823824,0.6296391106851346
218.31831831831832,0.6321178429360146
218.3983983983984,0.634182008131854
218.47847847847848,0.6360459120429294
218.55855855855856,0.638314997471082
218.63863863863864,0.6406673948536191
218.71871871871872,0.6435329042717927
218.7987987987988,0.6455533908995925
218.87887887887888,0.6482646315519952
218.95895895895896,0.6514445249182312
219.03903903903904,0.6553503617118845
219.11911911911912,0.6583440186958155
219.1991991991992,0.6608880157497493
219.27927927927928,0.6632815016371263
219.35935935935936,0.6672176387996089
219.43943943943944,0.6721846436003757
219.51951951951952,0.6761631247178619
219.5995995995996,0.6805614304914918
219.67967967967968,0.6825792421933627
219.75975975975976,0.6877478235831918
219.83983983983984,0.6895866161967856
219.91991991991992,0.6952756790150764
220.0,0.6980807244570202
