freq,trans
140.0,0.7513185137990528
140.08008008008008,0.7541445091209498
140.16016016016016,0.756599372626591
140.24024024024024,0.7624830113932775
140.32032032032032,0.7679928118660275
140.4004004004004,0.7750535915878562
140.48048048048048,0.7809409538949106
140.56056056056056,0.7867877891308643
140.64064064064064,0.7927992803388973
140.72072072072072,0.798825081690861
140.8008008008008,0.8062233792374821
140.88088088088088,0.8123352441090326
140.96096096096096,0.8194331126423104
141.04104104104104,0.8255346835455416
141.12112112112112,0.8322444515382239
141.2012012012012,0.8385622383822239
141.28128128128128,0.8452261861863452
141.36136136136136,0.8514933192591684
141.44144144144144,0.8586909874349573
141.52152152152152,0.8656555867023052
141.6016016016016,0.8731961458146725
141.68168168168168,0.8789339082045916
141.76176176176176,0.8856782374489568
141.84184184184184,0.8913278493984413
141.92192192192192,0.8986648010641832
142.002002002002,0.904530653277357
142.08208208208208,0.9114983103729404
142.16216216216216,0.9168587224083288
142.24224224224224,0.9232722486521692
142.32232232232232,0.9280779461115379
142.4024024024024,0.9344639103158499
142.48248248248248,0.9391180658766789
142.56256256256256,0.9453553819203997
142.64264264264264,0.9487318914439417
142.72272272272272,0.9539684937524366
142.8028028028028,0.9562285988842397
142.88288288288288,0.9615652155417178
142.96296296296296,0.963279222393552
143.04304304304304,0.9675749136468547
143.12312312312312,0.9678206837560798
143.2032032032032,0.971376787452829
143.28328328328328,0.9714688034223754
143.36336336336336,0.9741013990769561
143.44344344344344,0.9730940876929354
143.52352352352352,0.9742910940823102
143.6036036036036,0.9731062475927507
143.68368368368368,0.9732812563762371
143.76376376376376,0.9705132571229911
143.84384384384384,0.9684100431876786
143.92392392392392,0.9651764147681116
144.004004004004,0.962984537502791
144.08408408408408,0.9596794540061209
144.16416416416416,0.955921956007097
144.24424424424424,0.9519341947854013
144.32432432432432,0.9470625541477979
144.4044044044044,0.943222200481592
144.48448448448448,0.9373007103995286
144.56456456456456,0.9328290462019148
144.64464464464464,0.9260382277762234
144.72472472472472,0.9210205662807248
144.8048048048048,0.9129942656663306
144.88488488488488,0.9077125045772907
144.96496496496496,0.9000055514121962
145.04504504504504,0.8953821819421458
145.12512512512512,0.8875170911906953
145.2052052052052,0.882265530842061
145.28528528528528,0.8740592703718462
145.36536536536536,0.8681043289346957
145.44544544544544,0.8600499122116155
145.52552552552552,0.8544003765261531
145.6056056056056,0.8467197026005477
145.68568568568568,0.8407429311601441
145.76576576576576,0.8327018603098335
145.84584584584584,0.826524176867764
145.92592592592592,0.819109626759908
146.006006006006,0.8129777150245168
146.08608608608608,0.8061778659266321
146.16616616616616,0.8005156717509758
146.24624624624624,0.7943812311754653
146.32632632632632,0.7886205953595575
146.4064064064064,0.7820079715928048
146.48648648648648,0.7758848340294733
146.56656656656656,0.7692760042240774
146.64664664664664,0.7633665814918587
146.72672672672672,0.757620548626734
146.8068068068068,0.7520125169620073
146.88688688688688,0.7469467908830015
146.96696696696696,0.7415031708480472
147.04704704704704,0.7365739489764263
147.12712712712712,0.7314689131128894
147.2072072072072,0.7270534617014149
147.28728728728728,0.7226708452955568
147.36736736736736,0.718499367839937
147.44744744744744,0.7139326541263258
147.52752752752752,0.7096951745992688
147.6076076076076,0.7053803829869341
147.68768768768768,0.7021113139757479
147.76776776776777,0.6976168434417749
147.84784784784785,0.6940931933927545
147.92792792792793,0.6899230966940331
148.008008008008,0.687128327373298
148.08808808808809,0.6839601558373373
148.16816816816817,0.6816611564618751
148.24824824824825,0.6788948436462947
148.32832832832833,0.6764425266654615
148.4084084084084,0.6733220514719682
148.48848848848849,0.6709440649995027
148.56856856856857,0.6684620003692268
148.64864864864865,0.6666403287578005
148.72872872872873,0.6640568482762024
148.8088088088088,0.6617397579876719
148.88888888888889,0.6595898778308872
148.96896896896897,0.657953108131081
149.04904904904905,0.6570850254059669
149.12912912912913,0.6559551910060659
149.2092092092092,0.6553795652402151
149.2892892892893,0.6538124952397592
149.36936936936937,0.6528651695993981
149.44944944944945,0.6515656902247244
149.52952952952953,0.6508542251842955
149.6096096096096,0.650579375725142
149.6896896896897,0.6502029496394767
149.76976976976977,0.6493361697561142
149.84984984984985,0.648458464836307
149.92992992992993,0.6480150666821876
150.01001001001,0.6486390593538308
150.0900900900901,0.6493134418929088
150.17017017017017,0.6502778937596975
150.25025025025025,0.6506002305678757
150.33033033033033,0.6510422329035542
150.4104104104104,0.6517358913108785
150.4904904904905,0.6526887758488005
150.57057057057057,0.6536585270694597
150.65065065065065,0.6547941482644187
150.73073073073073,0.6556568206672237
150.8108108108108,0.6569548508834836
150.8908908908909,0.6579195947102117
150.97097097097097,0.6597643400852841
151.05105105105105,0.6617303767723844
151.13113113113113,0.6640981722269668
151.2112112112112,0.6661229304418533
151.2912912912913,0.6682922893470938
151.37137137137137,0.6703654372885312
151.45145145145145,0.6729081320784525
151.53153153153153,0.6753791810049156
151.6116116116116,0.6782681223382556
151.6916916916917,0.6806114558366694
151.77177177177177,0.683268375109393
151.85185185185185,0.6864197727709306
151.93193193193193,0.6900809573728823
152.012012012012,0.6943447989991414
152.0920920920921,0.6979057554075764
152.17217217217217,0.7016400116002726
152.25225225225225,0.7047759169847274
152.33233233233233,0.7089787813522603
152.4124124124124,0.7132580190951152
152.4924924924925,0.7177932122917292
152.57257257257257,0.7218945180572555
152.65265265265265,0.726025554330932
152.73273273273273,0.7300312170676648
152.8128128128128,0.7345761624345898
152.8928928928929,0.739130951486948
152.97297297297297,0.7449328384357448
153.05305305305305,0.7507569367284865
153.13313313313313,0.7568805953494153
153.2132132132132,0.7618512409043795
153.2932932932933,0.7672506108332214
153.37337337337337,0.7721899626865386
153.45345345345345,0.7784241129213026
153.53353353353353,0.7838689835398308
153.6136136136136,0.7901346276580375
153.6936936936937,0.7958332050047146
153.77377377377377,0.8023870708474409
153.85385385385385,0.8087772662543166
153.93393393393393,0.8152329910112299
154.014014014014,0.8216542188649119
154.0940940940941,0.8282909186714176
154.17417417417417,0.8347283421637631
154.25425425425425,0.8413421041764747
154.33433433433433,0.8475997070511266
154.4144144144144,0.8542722036858346
154.4944944944945,0.86073496237497
154.57457457457457,0.8673418525585294
154.65465465465465,0.8736270248505339
154.73473473473473,0.8797819171562338
154.8148148148148,0.8862787444525506
154.8948948948949,0.8927791216584109
154.97497497497497,0.8994929506509116
155.05505505505505,0.9058672428499723
155.13513513513513,0.9117224400459079
155.2152152152152,0.9171322118236529
155.2952952952953,0.9225551987158952
155.37537537537537,0.928233491111193
155.45545545545545,0.9340012977604331
155.53553553553553,0.939352972678925
155.6156156156156,0.944220129181199
155.6956956956957,0.9484544139704367
155.77577577577577,0.9527150193130807
155.85585585585585,0.9561789586952459
155.93593593593593,0.959876946888779
156.016016016016,0.9631646804159627
156.0960960960961,0.9666661806304631
156.17617617617617,0.9688329293727498
156.25625625625625,0.9708475996633757
156.33633633633633,0.9720987551727307
156.4164164164164,0.9735203514492388
156.4964964964965,0.973934913914819
156.57657657657657,0.9741669176864688
156.65665665665665,0.9736790019370376
156.73673673673673,0.9736552163890632
156.8168168168168,0.9725128464790641
156.8968968968969,0.9711997312089368
156.97697697697697,0.9689704910118644
157.05705705705705,0.9667514596336808
157.13713713713713,0.9635923533862173
157.2172172172172,0.9602357264117233
157.2972972972973,0.9561539709384758
157.37737737737737,0.9523993130977914
157.45745745745745,0.9476340202320547
157.53753753753753,0.943181657171409
157.6176176176176,0.9376008144984619
157.6976976976977,0.9326407505764037
157.77777777777777,0.9266066537883454
157.85785785785785,0.9210287896013948
157.93793793793793,0.9146165556685102
158.018018018018,0.9087377699821854
158.0980980980981,0.9024399528360194
158.17817817817817,0.8962037345356749
158.25825825825825,0.8898946076340621
158.33833833833833,0.8833337246756069
158.4184184184184,0.8767472331785171
158.4984984984985,0.8696876973289814
158.57857857857857,0.8629410032115589
158.65865865865865,0.8561174379978669
158.73873873873873,0.8498728523688266
158.8188188188188,0.8431145225413358
158.8988988988989,0.8363681422975028
158.97897897897897,0.8295722817908425
159.05905905905905,0.8233952276969247
159.13913913913913,0.8168675399378139
159.2192192192192,0.8104341684464615
159.2992992992993,0.8036399511281479
159.37937937937937,0.7978737875985152
159.45945945945945,0.7920941335803107
159.53953953953953,0.786648839183212
159.6196196196196,0.7806290225792316
159.6996996996997,0.7748195366685452
159.77977977977977,0.7692390383862385
159.85985985985985,0.7636280079576345
159.93993993993993,0.7582392598732905
160.02002002002,0.7527343316332691
160.1001001001001,0.7477987442941797
160.18018018018017,0.7430201937287522
160.26026026026025,0.7386597378065657
160.34034034034033,0.7343177817064783
160.4204204204204,0.730108338745539
160.5005005005005,0.7256984011951244
160.58058058058057,0.7216079732792201
160.66066066066065,0.717083473881654
160.74074074074073,0.7132879917370936
160.8208208208208,0.7089844758551651
160.9009009009009,0.7056188316504227
160.98098098098097,0.7020105551361674
161.06106106106105,0.6990318302492563
161.14114114114113,0.6960126065767422
161.2212212212212,0.6931774309560774
161.3013013013013,0.6903889540253142
161.38138138138137,0.6873699948263845
161.46146146146145,0.6847242599302539
161.54154154154153,0.6822998542754571
161.6216216216216,0.6799832491248986
161.7017017017017,0.6779701260926781
161.78178178178177,0.6755170460179298
161.86186186186185,0.6737171561334274
161.94194194194193,0.6714860662334629
162.022022022022,0.6698336973870415
162.1021021021021,0.6682142928736017
162.18218218218217,0.6670139904967067
162.26226226226225,0.6659469874269356
162.34234234234233,0.6647244013820145
162.42242242242241,0.6637389292045871
162.5025025025025,0.6629009651037473
162.58258258258257,0.6619384317195174
162.66266266266265,0.661108995323277
162.74274274274273,0.6601391375808509
162.82282282282281,0.6598108157003836
162.9029029029029,0.6596465694577741
162.98298298298297,0.6599356572006656
163.06306306306305,0.6602998163453023
163.14314314314313,0.6606351720067978
163.22322322322321,0.6612715063847794
163.3033033033033,0.6617089943205057
163.38338338338338,0.6623822559143114
163.46346346346346,0.6627893660766403
163.54354354354354,0.663641907948677
163.62362362362362,0.6641908106119753
163.7037037037037,0.6651988120212187
163.78378378378378,0.6659618213990428
163.86386386386386,0.6676674774299245
163.94394394394394,0.6690934933085573
164.02402402402402,0.6711144563330234
164.1041041041041,0.6727122933399339
164.18418418418418,0.6750670417181719
164.26426426426426,0.6765221044630704
164.34434434434434,0.678827008597438
164.42442442442442,0.680489073403404
164.5045045045045,0.6833134439999236
164.58458458458458,0.6855033397946915
164.66466466466466,0.6886631887113887
164.74474474474474,0.6911761963129288
164.82482482482482,0.6944381892170706
164.9049049049049,0.697476583833571
164.98498498498498,0.7009663760789212
165.06506506506506,0.7039886969938508
165.14514514514514,0.7077305062976416
165.22522522522522,0.7111599612684816
165.3053053053053,0.7152343377333317
165.38538538538538,0.7183991071937593
165.46546546546546,0.7226952312521581
165.54554554554554,0.7267070945268304
165.62562562562562,0.7314175719965671
165.7057057057057,0.7355778246571214
165.78578578578578,0.7396201156419678
165.86586586586586,0.7442025729329016
165.94594594594594,0.7486930042942208
166.02602602602602,0.7534820260469536
166.1061061061061,0.7583011991507318
166.18618618618618,0.7634937902688962
166.26626626626626,0.7688684430731965
166.34634634634634,0.7741322207245781
166.42642642642642,0.7795772253461469
166.5065065065065,0.7854868616026206
166.58658658658658,0.7911163615185335
166.66666666666666,0.7973062466798279
166.74674674674674,0.802654224427481
166.82682682682682,0.8092371809171817
166.9069069069069,0.8149383540292875
166.98698698698698,0.8216712041900827
167.06706706706706,0.8270728871256171
167.14714714714714,0.8338314426155444
167.22722722722722,0.8394525977801056
167.3073073073073,0.8462490332445823
167.38738738738738,0.8519738040287489
167.46746746746746,0.8592005922398781
167.54754754754754,0.8652598250703861
167.62762762762762,0.8724404487874096
167.7077077077077,0.8778736681981796
167.78778778778778,0.8845358718114967
167.86786786786786,0.8902640240593965
167.94794794794794,0.8972516968584129
168.02802802802802,0.902783959670849
168.1081081081081,0.9092211929201226
168.18818818818818,0.9149768050194683
168.26826826826826,0.92173858527146
168.34834834834834,0.9274679315440281
168.42842842842842,0.9333066166068512
168.5085085085085,0.9380268445951899
168.58858858858858,0.9430032781982833
168.66866866866866,0.9473503647224034
168.74874874874874,0.9519800849557988
168.82882882882882,0.9562390308321268
168.9089089089089,0.9607760653288243
168.98898898898898,0.9648081790737947
169.06906906906906,0.9679528417100779
169.14914914914914,0.9705836486468139
169.22922922922922,0.9726862784260386
169.3093093093093,0.9750827200121577
169.38938938938938,0.9765963861806793
169.46946946946946,0.9779951050193596
169.54954954954954,0.9786584983760064
169.62962962962962,0.9796875859429957
169.7097097097097,0.9795428263337187
169.78978978978978,0.9794648144654697
169.86986986986986,0.9782557809753125
169.94994994994994,0.9772842061116146
170.03003003003002,0.974963313608451
170.1101101101101,0.9727462628122876
170.19019019019018,0.9695705664769335
170.27027027027026,0.9667413604714904
170.35035035035034,0.9632836157006708
170.43043043043042,0.9599723781833818
170.5105105105105,0.955460352234348
170.59059059059058,0.9511463513291565
170.67067067067066,0.9461695839674964
170.75075075075074,0.9413814582032026
170.83083083083082,0.9357505195020605
170.9109109109109,0.9300882823178727
170.99099099099098,0.9240908752685368
171.07107107107106,0.9186355518081892
171.15115115115114,0.9129633154947288
171.23123123123122,0.9070578181233975
171.3113113113113,0.9008119740398237
171.39139139139138,0.8946812385837731
171.47147147147146,0.8883115588763975
171.55155155155154,0.8815267427872625
171.63163163163162,0.8746434913701108
171.7117117117117,0.867913936973613
171.79179179179178,0.8613806281458839
171.87187187187186,0.8546509732581271
171.95195195195194,0.8480331359919511
172.03203203203202,0.8418191198803566
172.11211211211213,0.8358776438251054
172.19219219219218,0.8297042665510558
172.2722722722723,0.8234902122626361
172.35235235235234,0.817250508174266
172.43243243243245,0.8114016223807511
172.5125125125125,0.8052985472962283
172.5925925925926,0.7995375638216492
172.67267267267266,0.7939060530244604
172.75275275275277,0.7885446105996066
172.83283283283282,0.7830039599152796
172.91291291291293,0.777496479920669
172.99299299299298,0.7720828542338254
173.0730730730731,0.7671473478412328
173.15315315315314,0.7621943703367311
173.23323323323325,0.7574987125139483
173.3133133133133,0.7528054341696074
173.3933933933934,0.7480128861998238
173.47347347347346,0.7431909346877471
173.55355355355357,0.7386365080785063
173.63363363363362,0.7346022620353281
173.71371371371373,0.730737534915823
173.79379379379378,0.726982434849622
173.8738738738739,0.7232860269365732
173.95395395395394,0.7198516906534594
174.03403403403405,0.7165471249451721
174.1141141141141,0.7129972037673115
174.1941941941942,0.7091156551522958
174.27427427427426,0.7056132259927355
174.35435435435437,0.7026538193104187
174.43443443443442,0.7001742492842711
174.51451451451453,0.697622231154938
174.59459459459458,0.695174885317519
174.6746746746747,0.6928959983667508
174.75475475475474,0.6907691604349748
174.83483483483485,0.6887225938455354
174.9149149149149,0.6866651087704506
174.994994994995,0.6847139376881795
175.07507507507506,0.6828251164184361
175.15515515515517,0.6808089727023253
175.23523523523522,0.6791410457854131
175.31531531531533,0.6780435847273442
175.39539539539538,0.6774586174290765
175.4754754754755,0.676610797425777
175.55555555555554,0.6757243960663475
175.63563563563565,0.674785210915068
175.7157157157157,0.674155275063254
175.7957957957958,0.6736176764180911
175.87587587587586,0.673156305327577
175.95595595595597,0.6728084081380286
176.03603603603602,0.6725921575891466
176.11611611611613,0.6724867067904834
176.19619619619618,0.6725746588110142
176.2762762762763,0.6730320000010384
176.35635635635634,0.6738497656613733
176.43643643643645,0.6746379244769883
176.5165165165165,0.6752676884391802
176.5965965965966,0.6754877625216749
176.67667667667666,0.6758848963160168
176.75675675675677,0.6765042514408222
176.83683683683682,0.6773506931202767
176.91691691691693,0.6782118777637809
176.99699699699698,0.6795087169467505
177.0770770770771,0.681407271578378
177.15715715715714,0.6834656159681789
177.23723723723725,0.6855829203799568
177.3173173173173,0.6874916443154371
177.3973973973974,0.6893454953198921
177.47747747747746,0.691206186750326
177.55755755755757,0.6930555203080568
177.63763763763762,0.6949706187325412
177.71771771771773,0.6972122638372981
177.79779779779778,0.6999070363763517
177.8778778778779,0.7027302589269634
177.95795795795794,0.7055257405482551
178.03803803803805,0.7085085215341024
178.1181181181181,0.7117101814947246
178.1981981981982,0.7150830539653602
178.27827827827826,0.7184512179125906
178.35835835835837,0.722067694561803
178.43843843843842,0.7257326854030363
178.51851851851853,0.7294628296522598
178.59859859859858,0.7330966549262876
178.6786786786787,0.7368415966935227
178.75875875875874,0.7408133123320454
178.83883883883885,0.7449992355573063
178.9189189189189,0.7495571441573483
178.998998998999,0.7543989530218814
179.07907907907907,0.7593740592478098
179.15915915915917,0.764096584665144
179.23923923923923,0.7688468637334155
179.31931931931933,0.7739694006497276
179.39939939939939,0.7793971292973186
179.4794794794795,0.7848658400714813
179.55955955955955,0.7900083651509634
179.63963963963965,0.79498990546107
179.7197197197197,0.800293663715363
179.7997997997998,0.8061272467486305
179.87987987987987,0.8121653257223278
179.95995995995997,0.8181438014341847
180.04004004004003,0.824074608818102
180.12012012012013,0.8300350254420473
180.2002002002002,0.8359137310296809
180.2802802802803,0.8418048106421167
180.36036036036035,0.8478498783160902
180.44044044044045,0.8541248048543774
180.5205205205205,0.8604268878170364
180.60060060060061,0.86663246256066
180.68068068068067,0.8728703478776072
180.76076076076077,0.8792939746542214
180.84084084084083,0.8856993481991162
180.92092092092093,0.8921055451699281
181.001001001001,0.8982294248181676
181.0810810810811,0.9041670890490496
181.16116116116115,0.9099186297532531
181.24124124124126,0.9158929820403853
181.3213213213213,0.9220510575907003
181.40140140140142,0.9280251186024961
181.48148148148147,0.933346742374433
181.56156156156158,0.9381942750379647
181.64164164164163,0.9429948640701145
181.72172172172174,0.9479172952920006
181.8018018018018,0.9527194939159902
181.8818818818819,0.9570625718559488
181.96196196196195,0.9610181629260428
182.04204204204206,0.9645789714609792
182.1221221221221,0.967960996529398
182.20220220220222,0.9710596884335232
182.28228228228227,0.9736884629373114
182.36236236236238,0.9755955880974854
182.44244244244243,0.977069788182692
182.52252252252254,0.9784494549506002
182.6026026026026,0.9796323645444633
182.6826826826827,0.98031748045762
182.76276276276275,0.9804228146895722
182.84284284284286,0.9801348004281552
182.9229229229229,0.9794178104456486
183.00300300300302,0.9781473907467867
183.08308308308307,0.9764428046487219
183.16316316316318,0.9744601641678373
183.24324324324323,0.9724449107053036
183.32332332332334,0.9699925180056892
183.4034034034034,0.9672211310327861
183.4834834834835,0.9638708624906643
183.56356356356355,0.9600888970980974
183.64364364364366,0.9557748420423406
183.7237237237237,0.9512372365423771
183.80380380380382,0.9466592258190212
183.88388388388387,0.941927609563043
183.96396396396398,0.9367840048296294
184.04404404404403,0.9314237582410078
184.12412412412414,0.9257935723872678
184.2042042042042,0.9201688257391915
184.2842842842843,0.914358105465497
184.36436436436435,0.9083472270442177
184.44444444444446,0.9023215384583595
184.5245245245245,0.896053677470786
184.60460460460462,0.8899466830015638
184.68468468468467,0.8836751567715143
184.76476476476478,0.8772518181756768
184.84484484484483,0.8706132482338522
184.92492492492494,0.8642588740246886
185.005005005005,0.858201657016517
185.0850850850851,0.852163349240722
185.16516516516515,0.8459433605298564
185.24524524524526,0.8396134884044827
185.3253253253253,0.8332888681847874
185.40540540540542,0.8274681532343456
185.48548548548547,0.8216675754681629
185.56556556556558,0.8159893258469446
185.64564564564563,0.8100757760853913
185.72572572572574,0.8044220261416916
185.8058058058058,0.7988541568350165
185.8858858858859,0.7934343680005255
185.96596596596595,0.7881411369662458
186.04604604604606,0.7829039591266957
186.1261261261261,0.7778409894439885
186.20620620620622,0.7727360062501775
186.28628628628627,0.7679172486726972
186.36636636636638,0.7634571840983002
186.44644644644643,0.7592997442692672
186.52652652652654,0.7550684712202321
186.6066066066066,0.750673335699901
186.6866866866867,0.7463992510272967
186.76676676676675,0.7423442905547378
186.84684684684686,0.7385580140421188
186.9269269269269,0.735038344741544
187.00700700700702,0.7311785892413595
187.08708708708707,0.7271860937332482
187.16716716716718,0.7235046757674053
187.24724724724723,0.7203670831413354
187.32732732732734,0.7176681230690843
187.4074074074074,0.7149441690155188
187.4874874874875,0.7121665134361229
187.56756756756755,0.7093377643807084
187.64764764764766,0.7066597538551103
187.7277277277277,0.7041155726637689
187.80780780780782,0.7016486396937806
187.88788788788787,0.6992748558239382
187.96796796796798,0.697199286307785
188.04804804804803,0.6952825507775394
188.12812812812814,0.6937035380415266
188.2082082082082,0.692137025619194
188.2882882882883,0.6907368651774121
188.36836836836835,0.6892081518662189
188.44844844844846,0.6879162247565304
188.5285285285285,0.6864671020457327
188.60860860860862,0.6851177977543405
188.68868868868867,0.6839741305144021
188.76876876876878,0.6832257928631124
188.84884884884883,0.682916091231759
188.92892892892894,0.6827612483063484
189.009009009009,0.6823593536360897
189.0890890890891,0.6819627530072803
189.16916916916915,0.6813571545069775
189.24924924924926,0.6811595646060655
189.3293293293293,0.6810923030939682
189.40940940940942,0.6815302768923354
189.48948948948947,0.682034942415331
189.56956956956958,0.6825076359765602
189.64964964964963,0.6829632858583305
189.72972972972974,0.6833791569301502
189.8098098098098,0.6841842196113511
189.8898898898899,0.6854482542460443
189.96996996996995,0.6867658107600618
190.05005005005006,0.6878997690546729
190.1301301301301,0.6886311523966475
190.21021021021022,0.6898270078933832
190.29029029029027,0.6914426366044191
190.37037037037038,0.6932777126349433
190.45045045045043,0.6950667458207168
190.53053053053054,0.6965122656210689
190.6106106106106,0.6982141220383881
190.6906906906907,0.6999403767116872
190.77077077077075,0.7020663387097642
190.85085085085086,0.7044443128966531
190.9309309309309,0.7069573269882538
191.01101101101102,0.7097040274544433
191.09109109109107,0.712357547237526
191.17117117117118,0.7150457416488943
191.25125125125123,0.717827891680273
191.33133133133134,0.7208888774934713
191.41141141141142,0.7244547895104461
191.4914914914915,0.7277027736877143
191.57157157157158,0.7311098128526724
191.65165165165166,0.734607765795579
191.73173173173174,0.7387354133098607
191.81181181181182,0.7431388736348872
191.8918918918919,0.7474162749599315
191.97197197197198,0.7515984625472191
192.05205205205206,0.7556765530033799
192.13213213213214,0.7598966967941052
192.21221221221222,0.7642903548273049
192.2922922922923,0.7690684557281072
192.37237237237238,0.7741373801215317
192.45245245245246,0.779345700063097
192.53253253253254,0.7843836531841074
192.61261261261262,0.7893620524509606
192.6926926926927,0.7943389850218838
192.77277277277278,0.7995546467074073
192.85285285285286,0.8050253279882932
192.93293293293294,0.8109385162982184
193.01301301301302,0.8168091715345653
193.0930930930931,0.8228172112568547
193.17317317317318,0.8285170518175945
193.25325325325326,0.834602186083286
193.33333333333334,0.8405785381020092
193.41341341341342,0.8467269703926713
193.4934934934935,0.8527520081025103
193.57357357357358,0.8587429881280803
193.65365365365366,0.8646935158876241
193.73373373373374,0.8708153597596491
193.81381381381382,0.8769986640633319
193.8938938938939,0.8831246532172454
193.97397397397398,0.8889489721671823
194.05405405405406,0.8949556945439541
194.13413413413414,0.900921762598242
194.21421421421422,0.9072206965023325
194.2942942942943,0.9132108111330531
194.37437437437438,0.9191033146192508
194.45445445445446,0.9246504211130209
194.53453453453454,0.9301643907994204
194.61461461461462,0.935420620089937
194.6946946946947,0.9404958628112162
194.77477477477478,0.9452614671587584
194.85485485485486,0.9498364425049715
194.93493493493494,0.9540205778539608
195.01501501501502,0.958210510698815
195.0950950950951,0.9620271295914659
195.17517517517518,0.9656130606774965
195.25525525525526,0.9685594328828234
195.33533533533534,0.9711056135982399
195.41541541541542,0.9735400145638327
195.4954954954955,0.975611104159544
195.57557557557558,0.9774184228650955
195.65565565565566,0.9785311688260491
195.73573573573574,0.9795114747993975
195.81581581581582,0.9800881572539147
195.8958958958959,0.9806308158400628
195.97597597597598,0.9803045823059494
196.05605605605606,0.9798093306941923
196.13613613613614,0.9782843288529126
196.21621621621622,0.9769630415264292
196.2962962962963,0.9748910330373391
196.37637637637638,0.973006675675005
196.45645645645646,0.9700653602151698
196.53653653653654,0.9669933736181701
196.61661661661662,0.9632759652897444
196.6966966966967,0.9598823190291007
196.77677677677679,0.955915070483947
196.85685685685687,0.9517662936691706
196.93693693693695,0.947083576738186
197.01701701701703,0.9423730149770535
197.0970970970971,0.9373794765340684
197.17717717717719,0.9321146717891567
197.25725725725727,0.9267397710151452
197.33733733733735,0.9212963928357314
197.41741741741743,0.9157006242152014
197.4974974974975,0.9097683239410085
197.57757757757759,0.9039814023669513
197.65765765765767,0.8982585824096491
197.73773773773775,0.892613260549386
197.81781781781783,0.886647619244649
197.8978978978979,0.880446302609992
197.977977977978,0.8740861131968087
198.05805805805807,0.8677227439711623
198.13813813813815,0.8612839505857486
198.21821821821823,0.8550026401245812
198.2982982982983,0.8490622931750027
198.3783783783784,0.8434897988233727
198.45845845845847,0.8378005370104802
198.53853853853855,0.8321367186498998
198.61861861861863,0.826195596084696
198.6986986986987,0.820746914525334
198.7787787787788,0.8152232491449175
198.85885885885887,0.8100256048959708
198.93893893893895,0.804436756662081
199.01901901901903,0.7989778523582534
199.0990990990991,0.7938864216396702
199.1791791791792,0.7888351900418442
199.25925925925927,0.7840795684182186
199.33933933933935,0.7790612334062156
199.41941941941943,0.7746191840012729
199.4994994994995,0.7700173618074208
199.5795795795796,0.76581415952318
199.65965965965967,0.7614509540011458
199.73973973973975,0.7575548095295469
199.81981981981983,0.7533336038086282
199.8998998998999,0.7491580233931947
199.97997997998,0.7447239105208084
200.06006006006007,0.7411219911513958
200.14014014014015,0.7374792105852226
200.22022022022023,0.7342702409907059
200.3003003003003,0.7306608552247462
200.3803803803804,0.7274172682793382
200.46046046046047,0.7238403073096972
200.54054054054055,0.7207560563090891
200.62062062062063,0.7179392477544986
200.7007007007007,0.7156596005175287
200.7807807807808,0.712951244535259
200.86086086086087,0.7102494428163166
200.94094094094095,0.7076765126308925
201.02102102102103,0.7059539277399112
201.1011011011011,0.7040550034356747
201.1811811811812,0.7017877823171851
201.26126126126127,0.6993995873910787
201.34134134134135,0.697378357397044
201.42142142142143,0.6958386984916706
201.5015015015015,0.6945535051106947
201.5815815815816,0.6932356531948032
201.66166166166167,0.6921907511295524
201.74174174174175,0.6908096163292962
201.82182182182183,0.6895146819352044
201.9019019019019,0.688145171706055
201.981981981982,0.6872497819848192
202.06206206206207,0.686960410103127
202.14214214214215,0.6863763154709854
202.22222222222223,0.6859249010726379
202.3023023023023,0.6847889998793607
202.3823823823824,0.6847212374271184
202.46246246246247,0.6847677392187922
202.54254254254255,0.6852316877034891
202.62262262262263,0.6853449183074636
202.7027027027027,0.6855088314371349
202.7827827827828,0.6859028108873391
202.86286286286287,0.6862983301456884
202.94294294294295,0.6863891473999311
203.02302302302303,0.687053430414146
203.1031031031031,0.688014295013231
203.1831831831832,0.6894418580070839
203.26326326326327,0.6904209489130246
203.34334334334335,0.6915893267226967
203.42342342342343,0.6930326902861831
203.5035035035035,0.6949368406891226
203.5835835835836,0.6963669982800518
203.66366366366367,0.6981778985355286
203.74374374374375,0.6997685166556746
203.82382382382383,0.7021803352679532
203.9039039039039,0.7040575522361298
203.983983983984,0.7065216900870124
204.06406406406407,0.708782159751807
204.14414414414415,0.7117570331544858
204.22422422422423,0.7143243769979816
204.3043043043043,0.7171230411212766
204.3843843843844,0.7197644142498167
204.46446446446447,0.7229488394902824
204.54454454454455,0.7258892791681392
204.62462462462463,0.7294407554965497
204.7047047047047,0.7330820158851279
204.7847847847848,0.7374374775982474
204.86486486486487,0.7410755801506826
204.94494494494495,0.7449683518756391
205.02502502502503,0.7485692668136845
205.1051051051051,0.7528792385571335
205.1851851851852,0.7571067951566544
205.26526526526527,0.7612905215268452
205.34534534534535,0.7655897934924655
205.42542542542543,0.7703647888096691
205.5055055055055,0.7754819182699614
205.5855855855856,0.7802783747711848
205.66566566566567,0.7853827736551838
205.74574574574575,0.7901888485960007
205.82582582582583,0.7954230783104662
205.9059059059059,0.8003985554911639
205.985985985986,0.8058968499215383
206.06606606606607,0.8108450289630789
206.14614614614615,0.8165418701189902
206.22622622622623,0.8223332770517464
206.3063063063063,0.8295319236478842
206.3863863863864,0.8352384516583283
206.46646646646647,0.8418804663834805
206.54654654654655,0.846734792914931
206.62662662662663,0.8536020182668317
206.7067067067067,0.858443279712733
206.7867867867868,0.8654580294117477
206.86686686686687,0.8706613442769132
206.94694694694695,0.8778548176548904
207.02702702702703,0.8830497636009929
207.1071071071071,0.8896926501134036
207.1871871871872,0.8954714128280837
207.26726726726727,0.9018851278112844
207.34734734734735,0.9073110542432306
207.42742742742743,0.9132058172728861
207.5075075075075,0.9190684806081431
207.5875875875876,0.9250802595216759
207.66766766766767,0.9299950764836963
207.74774774774775,0.9348006191875041
207.82782782782783,0.9398250505371375
207.9079079079079,0.9453247567370109
207.987987987988,0.9500307897714373
208.06806806806807,0.9542315536726659
208.14814814814815,0.958165846755639
208.22822822822823,0.9623893538751748
208.3083083083083,0.966390548601892
208.3883883883884,0.9693200975073913
208.46846846846847,0.9718550177978349
208.54854854854855,0.9736619721667483
208.62862862862863,0.9762781363453036
208.7087087087087,0.9777460144935763
208.7887887887888,0.979479458561784
208.86886886886887,0.9803074480324115
208.94894894894895,0.9810014100403156
209.02902902902903,0.980064006462901
209.1091091091091,0.9789744118589014
209.1891891891892,0.9782932409306586
209.26926926926927,0.9779987163051104
209.34934934934935,0.9765384211329632
209.42942942942943,0.9751498258460723
209.5095095095095,0.9729031383092566
209.5895895895896,0.9711628143262288
209.66966966966967,0.967410464360584
209.74974974974975,0.9641293088230548
209.82982982982983,0.9600190957171487
209.9099099099099,0.9569834985187938
209.98998998999,0.9529771675219713
210.07007007007007,0.9488811972867311
210.15015015015015,0.9444060505785556
210.23023023023023,0.9394905907340337
210.3103103103103,0.9343286611764104
210.3903903903904,0.928452763113683
210.47047047047047,0.9226534589722521
210.55055055055055,0.9175263200906535
210.63063063063063,0.912494352297734
210.7107107107107,0.9073442026217269
210.7907907907908,0.9011386501999966
210.87087087087087,0.8950045800424727
210.95095095095095,0.8890225554128605
211.03103103103103,0.8831946104590479
211.11111111111111,0.8775682902324882
211.1911911911912,0.8715130596982618
211.27127127127127,0.8666279347006659
211.35135135135135,0.8607069354342766
211.43143143143143,0.8549668973144007
211.51151151151151,0.8480149188085955
211.5915915915916,0.8424527888287116
211.67167167167167,0.8363679369888174
211.75175175175175,0.8309024824438884
211.83183183183183,0.824773769900479
211.91191191191191,0.8200718488230898
211.991991991992,0.8142788052619193
212.07207207207207,0.8096909529604334
212.15215215215215,0.803207962426766
212.23223223223223,0.7984419909074107
212.31231231231232,0.7924123374355322
212.3923923923924,0.7883799864465143
212.47247247247248,0.7825938590917116
212.55255255255256,0.7784305813385217
212.63263263263264,0.7733588292087967
212.71271271271272,0.7695788087835794
212.7927927927928,0.764148488163568
212.87287287287288,0.7597095343193504
212.95295295295296,0.7551603639769141
213.03303303303304,0.7519251390289428
213.11311311311312,0.7481574927558978
213.1931931931932,0.7445705559507608
213.27327327327328,0.740551355903458
213.35335335335336,0.7365654940186455
213.43343343343344,0.7321860938283163
213.51351351351352,0.7287109532790659
213.5935935935936,0.7255536720936255
213.67367367367368,0.7232104928563033
213.75375375375376,0.7205947360659481
213.83383383383384,0.7176912384331873
213.91391391391392,0.7149052967476011
213.993993993994,0.7116074301614171
214.07407407407408,0.7090017083374376
214.15415415415416,0.7063037637742441
214.23423423423424,0.7041232230430741
214.31431431431432,0.702628662322392
214.3943943943944,0.7008051849544041
214.47447447447448,0.6992188717547093
214.55455455455456,0.6963668256150745
214.63463463463464,0.6941931770961617
214.71471471471472,0.6931264077690223
214.7947947947948,0.6922292493705046
214.87487487487488,0.691244381540703
214.95495495495496,0.6891684302282571
215.03503503503504,0.6886000907583317
215.11511511511512,0.6874902353762573
215.1951951951952,0.6869771070597993
215.27527527527528,0.6855122753297961
215.35535535535536,0.6853772442716785
215.43543543543544,0.6846263295802131
215.51551551551552,0.6850572754790731
215.5955955955956,0.6842869407446444
215.67567567567568,0.6853078770089649
215.75575575575576,0.6846285181449068
215.83583583583584,0.6858147368988403
215.91591591591592,0.6849442526742215
215.995995995996,0.6864792314804494
216.07607607607608,0.6868179047848296
216.15615615615616,0.6892383309008409
216.23623623623624,0.6899475776387776
216.31631631631632,0.6913943586620002
216.3963963963964,0.6913067411503031
216.47647647647648,0.6935229436833739
216.55655655655656,0.6943835960173065
216.63663663663664,0.6969553850150894
216.71671671671672,0.6974323013448602
216.7967967967968,0.699970970046945
216.87687687687688,0.7008688597368558
216.95695695695696,0.7038329963332257
217.03703703703704,0.70545158786003
217.11711711711712,0.7087554179714373
217.1971971971972,0.7108046968542482
217.27727727727728,0.7139507669810521
217.35735735735736,0.7164337606199559
217.43743743743744,0.7203948774800113
217.51751751751752,0.7230770286241857
217.5975975975976,0.7265307461619234
217.67767767767768,0.728085084437883
217.75775775775776,0.7319706179713505
217.83783783783784,0.7352023366788761
217.91791791791792,0.7398459542112156
217.997997997998,0.7436702578462027
218.07807807807808,0.7479170264831773
218.15815815815816,0.7522008913625338
218.23823823823824,0.7564197930172818
218.31831831831832,0.7607033074588857
218.3983983983984,0.7655202439362286
218.47847847847848,0.7699338168346179
218.55855855855856,0.7750878617260811
218.63863863863864,0.7793026107771683
218.71871871871872,0.7846042592103375
218.7987987987988,0.7891708059441721
218.87887887887888,0.7950679403296652
218.95895895895896,0.8001609454678044
219.03903903903904,0.8059483125208119
219.11911911911912,0.8105891073105097
219.1991991991992,0.8160619265654206
219.27927927927928,0.8218554563323408
219.35935935935936,0.8282548525917592
219.43943943943944,0.8343044745490718
219.51951951951952,0.8393993337868495
219.5995995995996,0.844822661422151
219.67967967967968,0.8511536601965826
219.75975975975976,0.8580729020859006
219.83983983983984,0.8654051413438437
219.91991991991992,0.8717880415135928
220.0,0.8773741548116682
