freq,trans_dB
140.0,-3.813780137804656
140.08008008008008,-3.7766799313707247
140.16016016016016,-3.7410243397757776
140.24024024024024,-3.6707819107929462
140.32032032032032,-3.6041344163642317
140.4004004004004,-3.5166368512637103
140.48048048048048,-3.4398647687159984
140.56056056056056,-3.3638064868305104
140.64064064064064,-3.296255234420739
140.72072072072072,-3.2202687743005716
140.8008008008008,-3.132184710995443
140.88088088088088,-3.0517723117692968
140.96096096096096,-2.9704924563854584
141.04104104104104,-2.8995932536072315
141.12112112112112,-2.8242105789682546
141.2012012012012,-2.7467617607990267
141.28128128128128,-2.6652856768876134
141.36136136136136,-2.5903683433985694
141.44144144144144,-2.509982336748891
141.52152152152152,-2.4322977799707104
141.6016016016016,-2.349932710278174
141.68168168168168,-2.2814269389470447
141.76176176176176,-2.202804864235517
141.84184184184184,-2.132747458263544
141.92192192192192,-2.0498693475222565
142.002002002002,-1.9832493875502464
142.08208208208208,-1.9065975004734117
142.16216216216216,-1.843969862926872
142.24224224224224,-1.7728150789047548
142.32232232232232,-1.7163830363645183
142.4024024024024,-1.6550842123459595
142.48248248248248,-1.6114488186246991
142.56256256256256,-1.5560691980226111
142.64264264264264,-1.5187613204921917
142.72272272272272,-1.4638728039986413
142.8028028028028,-1.43331638138152
142.88288288288288,-1.3782009575471577
142.96296296296296,-1.3517934876417619
143.04304304304304,-1.313183437194645
143.12312312312312,-1.3065671647207007
143.2032032032032,-1.2754788520896299
143.28328328328328,-1.2678724349478838
143.36336336336336,-1.2428323317445964
143.44344344344344,-1.249435838822288
143.52352352352352,-1.2390897828057503
143.6036036036036,-1.2442139572386341
143.68368368368368,-1.2402962984649135
143.76376376376376,-1.259607301868972
143.84384384384384,-1.2766417297105288
143.92392392392392,-1.301073996431591
144.004004004004,-1.3194225049035833
144.08408408408408,-1.3453838375523748
144.16416416416416,-1.3744419728209059
144.24424424424424,-1.4062074765208157
144.32432432432432,-1.448016335981814
144.4044044044044,-1.489784236082638
144.48448448448448,-1.5458770854272716
144.56456456456456,-1.5896588948908594
144.64464464464464,-1.6475948604364241
144.72472472472472,-1.6934715005832195
144.8048048048048,-1.7649306331809664
144.88488488488488,-1.8118524341965083
144.96496496496496,-1.8837541880998492
145.04504504504504,-1.9297863224226162
145.12512512512512,-2.0062195295574208
145.2052052052052,-2.059815113261664
145.28528528528528,-2.1401451239603975
145.36536536536536,-2.201384903919846
145.44544544544544,-2.2822579469630706
145.52552552552552,-2.345043297947144
145.6056056056056,-2.4288668671832596
145.68568568568568,-2.4949307686991706
145.76576576576576,-2.581745417548888
145.84584584584584,-2.646689596070215
145.92592592592592,-2.7280335919755987
146.006006006006,-2.792040932819187
146.08608608608608,-2.866039054531374
146.16616616616616,-2.9283860167614337
146.24624624624624,-2.9993586088718995
146.32632632632632,-3.0661155820837664
146.4064064064064,-3.1407937796820486
146.48648648648648,-3.2136068787338052
146.56656656656656,-3.2912578317492653
146.64664664664664,-3.3585409474294936
146.72672672672672,-3.426146405772101
146.8068068068068,-3.493351097991599
146.88688688688688,-3.559835344494541
146.96696696696696,-3.6264625858051622
147.04704704704704,-3.6894012286919486
147.12712712712712,-3.753310447513393
147.2072072072072,-3.8114441277328237
147.28728728728728,-3.8725111538997776
147.36736736736736,-3.92614904153778
147.44744744744744,-3.987044726168712
147.52752752752752,-4.038747364700686
147.6076076076076,-4.097017217102008
147.68768768768768,-4.1416483078100095
147.76776776776777,-4.202592168172163
147.84784784784785,-4.250430200891178
147.92792792792793,-4.306411000149058
148.008008008008,-4.345271719802078
148.08808808808809,-4.392731479450976
148.16816816816817,-4.427278548229118
148.24824824824825,-4.468019107639697
148.32832832832833,-4.503435022852777
148.4084084084084,-4.548007731267163
148.48848848848849,-4.586042652843889
148.56856856856857,-4.624103031588203
148.64864864864865,-4.652239091574779
148.72872872872873,-4.689542717512474
148.8088088088088,-4.727112010398471
148.88888888888889,-4.761615924884841
148.96896896896897,-4.787177892508401
149.04904904904905,-4.803583221949658
149.12912912912913,-4.823255701366407
149.2092092092092,-4.838642499891379
149.2892892892893,-4.862819908739566
149.36936936936937,-4.880288748139537
149.44944944944945,-4.901957296716442
149.52952952952953,-4.916789908046132
149.6096096096096,-4.928343397718002
149.6896896896897,-4.940274827083232
149.76976976976977,-4.957401338504115
149.84984984984985,-4.972513534638746
149.92992992992993,-4.980949320434921
150.01001001001,-4.974428540778132
150.0900900900901,-4.970622066589444
150.17017017017017,-4.962896057928326
150.25025025025025,-4.96722454110441
150.33033033033033,-4.966204711828023
150.4104104104104,-4.960489417592872
150.4904904904905,-4.949123510723355
150.57057057057057,-4.9401887008599905
150.65065065065065,-4.932470690661452
150.73073073073073,-4.926401392338837
150.8108108108108,-4.912988779710978
150.8908908908909,-4.8988317573630225
150.97097097097097,-4.873256296008844
151.05105105105105,-4.84865346877406
151.13113113113113,-4.817667683864406
151.2112112112112,-4.791934924462173
151.2912912912913,-4.758007218368244
151.37137137137137,-4.725474658717712
151.45145145145145,-4.69028241892767
151.53153153153153,-4.657860042059736
151.6116116116116,-4.623794637983813
151.6916916916917,-4.591341556121682
151.77177177177177,-4.550600513090578
151.85185185185185,-4.5017231515035165
151.93193193193193,-4.44723130338189
152.012012012012,-4.391876950581062
152.0920920920921,-4.3398838125277885
152.17217217217217,-4.282944738736714
152.25225225225225,-4.2309986261506705
152.33233233233233,-4.168292066080413
152.4124124124124,-4.105275753978105
152.4924924924925,-4.037778294902168
152.57257257257257,-3.9761957687669485
152.65265265265265,-3.913222296103996
152.73273273273273,-3.853230540080749
152.8128128128128,-3.787233567371353
152.8928928928929,-3.7244889650172475
152.97297297297297,-3.6463390746181843
153.05305305305305,-3.568729978673709
153.13313313313313,-3.4814550136278304
153.2132132132132,-3.412638376971854
153.2932932932933,-3.3402683541497167
153.37337337337337,-3.273680274629525
153.45345345345345,-3.1894673913409965
153.53353353353353,-3.113246544796082
153.6136136136136,-3.029377428033936
153.6936936936937,-2.957593629325652
153.77377377377377,-2.8797816449881153
153.85385385385385,-2.8062819010526745
153.93393393393393,-2.7277471348219113
154.014014014014,-2.6480414668589525
154.0940940940941,-2.566627532535352
154.17417417417417,-2.49175440956299
154.25425425425425,-2.420175999199814
154.33433433433433,-2.350664934445998
154.4144144144144,-2.2777151793533874
154.4944944944945,-2.209610626662997
154.57457457457457,-2.140754575677038
154.65465465465465,-2.0749624474462944
154.73473473473473,-2.0101536531517366
154.8148148148148,-1.9458262454713888
154.8948948948949,-1.8816184362373882
154.97497497497497,-1.8145119377905428
155.05505505505505,-1.7504912271148532
155.13513513513513,-1.6906246327111958
155.2152152152152,-1.64032660175422
155.2952952952953,-1.5897865863238012
155.37537537537537,-1.5427247109001105
155.45545545545545,-1.4894081752546655
155.53553553553553,-1.4412889252003336
155.6156156156156,-1.3938384623277928
155.6956956956957,-1.3546318154061991
155.77577577577577,-1.3156712877999104
155.85585585585585,-1.2830079186179744
155.93593593593593,-1.2473169201107264
156.016016016016,-1.218797331856607
156.0960960960961,-1.1906213436658633
156.17617617617617,-1.1753230722956434
156.25625625625625,-1.1591475770055482
156.33633633633633,-1.149711695920103
156.4164164164164,-1.135604101518285
156.4964964964965,-1.1335891583835302
156.57657657657657,-1.1303537344597898
156.65665665665665,-1.1385163488040673
156.73673673673673,-1.1396339728609284
156.8168168168168,-1.1486953644017146
156.8968968968969,-1.157459988283966
156.97697697697697,-1.1786732665602004
157.05705705705705,-1.2003977742403682
157.13713713713713,-1.2320792707027088
157.2172172172172,-1.2628264867531238
157.2972972972973,-1.3012791448537522
157.37737737737737,-1.3341606238646568
157.45745745745745,-1.3793462191285173
157.53753753753753,-1.4196687675524349
157.6176176176176,-1.4701088832539235
157.6976976976977,-1.5157371387994085
157.77777777777777,-1.5703287599552307
157.85785785785785,-1.6236459871747386
157.93793793793793,-1.6829954331427806
158.018018018018,-1.7416578858687763
158.0980980980981,-1.8015653908575036
158.17817817817817,-1.8620878776893728
158.25825825825825,-1.925084115480221
158.33833833833833,-1.9943447027678558
158.4184184184184,-2.0632393027436517
158.4984984984985,-2.1355000352968108
158.57857857857857,-2.202913783141874
158.65865865865865,-2.2763598109940406
158.73873873873873,-2.3434814522223113
158.8188188188188,-2.4187202982463267
158.8988988988989,-2.492429578354181
158.97897897897897,-2.570921184391891
159.05905905905905,-2.6408989100127336
159.13913913913913,-2.712302914321957
159.2192192192192,-2.78404294667328
159.2992992992993,-2.859516886486919
159.37937937937937,-2.928542086870558
159.45945945945945,-2.995189062207226
159.53953953953953,-3.059894712405457
159.6196196196196,-3.129514696344743
159.6996996996997,-3.1977062475087177
159.77977977977977,-3.2653718173539814
159.85985985985985,-3.3312506063888847
159.93993993993993,-3.3952727716315922
160.02002002002,-3.461892420631403
160.1001001001001,-3.5228376358778286
160.18018018018017,-3.587641903099554
160.26026026026025,-3.644297409236027
160.34034034034033,-3.7031358114224666
160.4204204204204,-3.7597686120716776
160.5005005005005,-3.8190709380085885
160.58058058058057,-3.878032249824289
160.66066066066065,-3.937012050179982
160.74074074074073,-3.9939721730755613
160.8208208208208,-4.053154522428669
160.9009009009009,-4.100141330693642
160.98098098098097,-4.145972233352989
161.06106106106105,-4.185838846659472
161.14114114114113,-4.232196468483836
161.2212212212212,-4.276369575818919
161.3013013013013,-4.318102634321721
161.38138138138137,-4.359444721671915
161.46146146146145,-4.396464471228664
161.54154154154153,-4.430744370240912
161.6216216216216,-4.463864983122001
161.7017017017017,-4.496321399125129
161.78178178178177,-4.532405843469507
161.86186186186185,-4.561258220513763
161.94194194194193,-4.594050309476141
162.022022022022,-4.618802555139515
162.1021021021021,-4.646485040487253
162.18218218218217,-4.66927206654906
162.26226226226225,-4.692225343197896
162.34234234234233,-4.713481538152427
162.42242242242241,-4.729235642754263
162.5025025025025,-4.741628059988243
162.58258258258257,-4.753304405731038
162.66266266266265,-4.764676277237849
162.74274274274273,-4.7774291243250735
162.82282282282281,-4.782841182267095
162.9029029029029,-4.7834121192742645
162.98298298298297,-4.778744008464446
163.06306306306305,-4.76870633085331
163.14314314314313,-4.757745971071465
163.22322322322321,-4.740454109134401
163.3033033033033,-4.7278452804749715
163.38338338338338,-4.7131588146792085
163.46346346346346,-4.705602996241737
163.54354354354354,-4.6912221238755025
163.62362362362362,-4.680906341353098
163.7037037037037,-4.657501254843798
163.78378378378378,-4.636935216284148
163.86386386386386,-4.6023006181656
163.94394394394394,-4.573549817661222
164.02402402402402,-4.5356965694951
164.1041041041041,-4.501733192576556
164.18418418418418,-4.458099540452793
164.26426426426426,-4.422933384929139
164.34434434434434,-4.377351378224557
164.42442442442442,-4.34111577690366
164.5045045045045,-4.292125665434874
164.58458458458458,-4.24922468075542
164.66466466466466,-4.194310345846345
164.74474474474474,-4.145868472209615
164.82482482482482,-4.087153698392699
164.9049049049049,-4.030114403211089
164.98498498498498,-3.9707101049026208
165.06506506506506,-3.9227724121089014
165.14514514514514,-3.870102638399463
165.22522522522522,-3.8165161038847835
165.3053053053053,-3.7531408786126175
165.38538538538538,-3.703655815752939
165.46546546546546,-3.6490241758272104
165.54554554554554,-3.596207077007214
165.62562562562562,-3.5289369275232447
165.7057057057057,-3.4656959802449117
165.78578578578578,-3.4069987155630885
165.86586586586586,-3.345180052821903
165.94594594594594,-3.2879135833846043
166.02602602602602,-3.2267832568813333
166.1061061061061,-3.1670810535434075
166.18618618618618,-3.100630850679417
166.26626626626626,-3.03438765520512
166.34634634634634,-2.970461057765373
166.42642642642642,-2.9093580621880437
166.5065065065065,-2.8430042646857983
166.58658658658658,-2.7796179852555163
166.66666666666666,-2.7091540185583485
166.74674674674674,-2.6499114024846473
166.82682682682682,-2.579359122554018
166.9069069069069,-2.522527181625882
166.98698698698698,-2.4557084529577233
167.06706706706706,-2.400285596949989
167.14714714714714,-2.3314488233338833
167.22722722722722,-2.27625956176819
167.3073073073073,-2.2104243069392835
167.38738738738738,-2.152740193719091
167.46746746746746,-2.080054846072324
167.54754754754754,-2.02238021252887
167.62762762762762,-1.9577419659712092
167.7077077077077,-1.9069790359987633
167.78778778778778,-1.8428715401170845
167.86786786786786,-1.7876596684782458
167.94794794794794,-1.7252249617730946
168.02802802802802,-1.6738849085162695
168.1081081081081,-1.6154018381505293
168.18818818818818,-1.564660821785863
168.26826826826826,-1.506862634330377
168.34834834834834,-1.4570373249949895
168.42842842842842,-1.4047138472357017
168.5085085085085,-1.3647361271119862
168.58858858858858,-1.3234974167991467
168.66866866866866,-1.2899866419833592
168.74874874874874,-1.2510432169612495
168.82882882882882,-1.2117921908319975
168.9089089089089,-1.1698018260531942
168.98898898898898,-1.1342869546176917
169.06906906906906,-1.1095810554903431
169.14914914914914,-1.0879376887460737
169.22922922922922,-1.0712257143542532
169.3093093093093,-1.0514875679499678
169.38938938938938,-1.0421335892835237
169.46946946946946,-1.0326090329878292
169.54954954954954,-1.0287059102548504
169.62962962962962,-1.019895626512541
169.7097097097097,-1.02300460825907
169.78978978978978,-1.024410802621291
169.86986986986986,-1.035271994189475
169.94994994994994,-1.0430824906192826
170.03003003003002,-1.065260485129415
170.1101101101101,-1.0862876303212026
170.19019019019018,-1.1151661887919748
170.27027027027026,-1.1391823489703634
170.35035035035034,-1.1727600395930324
170.43043043043042,-1.2059438086330696
170.5105105105105,-1.2496564642663475
170.59059059059058,-1.288599163275627
170.67067067067066,-1.335491638374766
170.75075075075074,-1.3816900737054494
170.83083083083082,-1.433357140775947
170.9109109109109,-1.4862781972508048
170.99099099099098,-1.5430599470704227
171.07107107107106,-1.5980092006338082
171.15115115115114,-1.6547468476664249
171.23123123123122,-1.713767012932167
171.3113113113113,-1.7779122769586162
171.39139139139138,-1.8433904080536574
171.47147147147146,-1.9103042885695116
171.55155155155154,-1.9768246346076566
171.63163163163162,-2.044832820118263
171.7117117117117,-2.1129221628048978
171.79179179179178,-2.182789394268473
171.87187187187186,-2.2551201729954324
171.95195195195194,-2.325098077139375
172.03203203203202,-2.3912358814584875
172.11211211211213,-2.4532162055970854
172.19219219219218,-2.5228468512100024
172.2722722722723,-2.593109853115123
172.35235235235234,-2.664642693254317
172.43243243243245,-2.731618785587101
172.5125125125125,-2.80326348728561
172.5925925925926,-2.8729717314585037
172.67267267267266,-2.939907238924628
172.75275275275277,-3.003633373037382
172.83283283283282,-3.0699259106188523
172.91291291291293,-3.1349301012774324
172.99299299299298,-3.1969154264810147
173.0730730730731,-3.2566671251919925
173.15315315315314,-3.320755216130529
173.23323323323325,-3.385515982971432
173.3133133133133,-3.4478173129859835
173.3933933933934,-3.5064272568216146
173.47347347347346,-3.5635356047329023
173.55355355355357,-3.6170606583760985
173.63363363363362,-3.6673679873787126
173.71371371371373,-3.713810735486543
173.79379379379378,-3.7606796056921095
173.8738738738739,-3.8084316779098004
173.95395395395394,-3.852411720563801
174.03403403403405,-3.89274590180549
174.1141141141141,-3.935608581434939
174.1941941941942,-3.984352093804523
174.27427427427426,-4.029300453144535
174.35435435435437,-4.065816690318515
174.43443443443442,-4.0988270594650364
174.51451451451453,-4.130172755672926
174.59459459459458,-4.160723981505936
174.6746746746747,-4.185208599180462
174.75475475475474,-4.208989691928283
174.83483483483485,-4.232975282572538
174.9149149149149,-4.257520607245142
174.994994994995,-4.278849273762642
175.07507507507506,-4.296733937922272
175.15515515515517,-4.315258817448388
175.23523523523522,-4.327341958682
175.31531531531533,-4.333897655702379
175.39539539539538,-4.335570601295539
175.4754754754755,-4.33642122624407
175.55555555555554,-4.336183390126922
175.63563563563565,-4.336951312475914
175.7157157157157,-4.336314662199458
175.7957957957958,-4.332381077971666
175.87587587587586,-4.325579731925056
175.95595595595597,-4.3184375147434375
176.03603603603602,-4.308088090145815
176.11611611611613,-4.297092320747504
176.19619619619618,-4.281037351897673
176.2762762762763,-4.261166314149101
176.35635635635634,-4.236048580255599
176.43643643643645,-4.210588874757611
176.5165165165165,-4.1877666964426865
176.5965965965966,-4.169001150657789
176.67667667667666,-4.148442037612127
176.75675675675677,-4.122924049064479
176.83683683683682,-4.095374463472442
176.91691691691693,-4.067304113926271
176.99699699699698,-4.034969552235718
177.0770770770771,-4.000698648221807
177.15715715715714,-3.96498470683751
177.23723723723725,-3.9289010342357225
177.3173173173173,-3.8939460057894157
177.3973973973974,-3.863074995964512
177.47747747747746,-3.8331702832294963
177.55755755755757,-3.801649421758302
177.63763763763762,-3.7693598010475378
177.71771771771773,-3.735818743656906
177.79779779779778,-3.70059785220262
177.8778778778779,-3.664680092732376
177.95795795795794,-3.6256856347240363
178.03803803803805,-3.5831857597479275
178.1181181181181,-3.542189437099165
178.1981981981982,-3.502729661804924
178.27827827827826,-3.4640052998329063
178.35835835835837,-3.4208426128314273
178.43843843843842,-3.3747782901505157
178.51851851851853,-3.3288868309844535
178.59859859859858,-3.2862564934436294
178.6786786786787,-3.2460826198395516
178.75875875875874,-3.203330655986023
178.83883883883885,-3.1577004929753687
178.9189189189189,-3.1069904816454397
178.998998998999,-3.0536939586787346
179.07907907907907,-3.000908605993191
179.15915915915917,-2.9515475115135126
179.23923923923923,-2.9048562268362654
179.31931931931933,-2.855313892378536
179.39939939939939,-2.800364559385379
179.4794794794795,-2.741807036445597
179.55955955955955,-2.6877873265052243
179.63963963963965,-2.6393539408568434
179.7197197197197,-2.587617604009901
179.7997997997998,-2.528722545142791
179.87987987987987,-2.4677859287226753
179.95995995995997,-2.4086651068891927
180.04004004004003,-2.352170358812874
180.12012012012013,-2.2941181039410328
180.2002002002002,-2.237410220337415
180.2802802802803,-2.1807889301364938
180.36036036036035,-2.124055754145993
180.44044044044045,-2.064970883034323
180.5205205205205,-2.006033678734206
180.60060060060061,-1.950364383664108
180.68068068068067,-1.8934113351222037
180.76076076076077,-1.8341629305685079
180.84084084084083,-1.77452958925614
180.92092092092093,-1.714984343569876
181.001001001001,-1.6593002810427264
181.0810810810811,-1.6059450813082041
181.16116116116115,-1.555129441013664
181.24124124124126,-1.5021902868003398
181.3213213213213,-1.4488647846351284
181.40140140140142,-1.3958012704776643
181.48148148148147,-1.346371366933676
181.56156156156158,-1.3013211593987122
181.64164164164163,-1.2598330237447817
181.72172172172174,-1.2216565640620547
181.8018018018018,-1.185115196598102
181.8818818818819,-1.1503853649420444
181.96196196196195,-1.1164299623721232
182.04204204204206,-1.0869186962581705
182.1221221221221,-1.0604867601733101
182.20220220220222,-1.0346506933982176
182.28228228228227,-1.0109223668825078
182.36236236236238,-0.9940391029446506
182.44244244244243,-0.982588344805304
182.52252252252254,-0.9727799057470905
182.6026026026026,-0.9637780172127437
182.6826826826827,-0.9593803260474535
182.76276276276275,-0.9604545061293981
182.84284284284286,-0.9656880486241086
182.9229229229229,-0.9722516211694796
183.00300300300302,-0.9824176299288623
183.08308308308307,-0.9963083405568001
183.16316316316318,-1.0141274284605524
183.24324324324323,-1.032832745673084
183.32332332332334,-1.0567252390957773
183.4034034034034,-1.0855883390444754
183.4834834834835,-1.119037322510872
183.56356356356355,-1.15363926158782
183.64364364364366,-1.1908538978258763
183.7237237237237,-1.2317591157605798
183.80380380380382,-1.2758273746356956
183.88388388388387,-1.3211128712446936
183.96396396396398,-1.3684155159053923
184.04404404404403,-1.4182090342134335
184.12412412412414,-1.4722370147471084
184.2042042042042,-1.5288004251404659
184.2842842842843,-1.5877750137113966
184.36436436436435,-1.6483450651593963
184.44444444444446,-1.7063399069727891
184.5245245245245,-1.7655723523135194
184.60460460460462,-1.8244328324066685
184.68468468468467,-1.8874670606365425
184.76476476476478,-1.9514483572785506
184.84484484484483,-2.0186876587846174
184.92492492492494,-2.084143317291049
185.005005005005,-2.148951187854138
185.0850850850851,-2.213114263802826
185.16516516516515,-2.279500526180407
185.24524524524526,-2.3468292661154773
185.3253253253253,-2.4144461801850974
185.40540540540542,-2.4764566241983084
185.48548548548547,-2.538965408925058
185.56556556556558,-2.60106228874528
185.64564564564563,-2.663971383800275
185.72572572572574,-2.724839771648744
185.8058058058058,-2.785674105037982
185.8858858858859,-2.847524972215238
185.96596596596595,-2.9080027694125157
186.04604604604606,-2.966786215414542
186.1261261261261,-3.0215553998968123
186.20620620620622,-3.075196288664405
186.28628628628627,-3.1258958156773398
186.36636636636638,-3.173662955206173
186.44644644644643,-3.219304560511519
186.52652652652654,-3.2676084303577264
186.6066066066066,-3.31659354113774
186.6866866866867,-3.3612815334789503
186.76676676676675,-3.402688047646948
186.84684684684686,-3.44169638962131
186.9269269269269,-3.4756080265664098
187.00700700700702,-3.5105296480885144
187.08708708708707,-3.5490924738470184
187.16716716716718,-3.586387498119018
187.24724724724723,-3.614572543688487
187.32732732732734,-3.635066618472271
187.4074074074074,-3.6562271297238587
187.4874874874875,-3.678126401773319
187.56756756756755,-3.7011822355600668
187.64764764764766,-3.722541221160283
187.7277277277277,-3.7433478875062205
187.80780780780782,-3.759403543634737
187.88788788788787,-3.77090957921238
187.96796796796798,-3.7790093168443404
188.04804804804803,-3.7902310989844543
188.12812812812814,-3.800320916238233
188.2082082082082,-3.8087472284988606
188.2882882882883,-3.8124019994264717
188.36836836836835,-3.8207601305713177
188.44844844844846,-3.825462935890617
188.5285285285285,-3.8300065937870027
188.60860860860862,-3.830951848043934
188.68868868868867,-3.8291486116849027
188.76876876876878,-3.826483659853605
188.84884884884883,-3.8194630493119814
188.92892892892894,-3.8168486436188
189.009009009009,-3.8180729006666074
189.0890890890891,-3.821665234041089
189.16916916916915,-3.821035454545079
189.24924924924926,-3.8142083581742217
189.3293293293293,-3.804559248401673
189.40940940940942,-3.7932965805335934
189.48948948948947,-3.7827209697873148
189.56956956956958,-3.7746582881906736
189.64964964964963,-3.765103427423371
189.72972972972974,-3.756409345295635
189.8098098098098,-3.743511887185585
189.8898898898899,-3.7292043213007187
189.96996996996995,-3.7144552437608556
190.05005005005006,-3.702980948872554
190.1301301301301,-3.6958758614934215
190.21021021021022,-3.683980502770053
190.29029029029027,-3.6658611932805654
190.37037037037038,-3.6437461904096167
190.45045045045043,-3.619716864320538
190.53053053053054,-3.6007633361310227
190.6106106106106,-3.5792228898154757
190.6906906906907,-3.5612793077463505
190.77077077077075,-3.5405724796632376
190.85085085085086,-3.520238215411525
190.9309309309309,-3.494280241110488
191.01101101101102,-3.46299950391496
191.09109109109107,-3.431835315270343
191.17117117117118,-3.401448983040655
191.25125125125123,-3.376616610712835
191.33133133133134,-3.3473561329128283
191.41141141141142,-3.313311692849162
191.4914914914915,-3.277992060055101
191.57157157157158,-3.243209579384673
191.65165165165166,-3.2079928362905408
191.73173173173174,-3.168604028025819
191.81181181181182,-3.123913624282515
191.8918918918919,-3.0793636100554016
191.97197197197198,-3.0331925245825255
192.05205205205206,-2.9929724768874935
192.13213213213214,-2.9517960768804534
192.21221221221222,-2.910621599600271
192.2922922922923,-2.860432426390634
192.37237237237238,-2.8100399415902695
192.45245245245246,-2.757262519701597
192.53253253253254,-2.7142727720071056
192.61261261261262,-2.6653917311886386
192.6926926926927,-2.6148345497574534
192.77277277277278,-2.5585675786931783
192.85285285285286,-2.504470010699251
192.93293293293294,-2.4476523438819022
193.01301301301302,-2.3923436946192136
193.0930930930931,-2.335132840731129
193.17317317317318,-2.2794854535138342
193.25325325325326,-2.220638416945583
193.33333333333334,-2.1644744384755423
193.41341341341342,-2.108109232869166
193.4934934934935,-2.054119797000986
193.57357357357358,-1.9964940023928543
193.65365365365366,-1.9377525521561902
193.73373373373374,-1.878266510762004
193.81381381381382,-1.8236430054018071
193.8938938938939,-1.7682124072003362
193.97397397397398,-1.7132847560615307
194.05405405405406,-1.6553086609137506
194.13413413413414,-1.6004255324005443
194.21421421421422,-1.5458437924739608
194.2942942942943,-1.4960596118670257
194.37437437437438,-1.4457393152025957
194.45445445445446,-1.396146081523496
194.53453453453454,-1.3465476504035891
194.61461461461462,-1.2997060520414756
194.6946946946947,-1.2544943800117374
194.77477477477478,-1.2147499575716947
194.85485485485486,-1.1769349347825702
194.93493493493494,-1.1407965269981117
195.01501501501502,-1.104953853032785
195.0950950950951,-1.07169004361535
195.17517517517518,-1.0431304290161272
195.25525525525526,-1.0191786242852214
195.33533533533534,-0.9972271003126524
195.41541541541542,-0.9758306877433323
195.4954954954955,-0.9573458121560154
195.57557557557558,-0.9433970585561205
195.65565565565566,-0.9329230086556338
195.73573573573574,-0.9246746801669562
195.81581581581582,-0.9215876125557781
195.8958958958959,-0.9188264578278987
195.97597597597598,-0.9207324142275779
196.05605605605606,-0.9227846261041697
196.13613613613614,-0.9328191191841977
196.21621621621622,-0.942853924312476
196.2962962962963,-0.9604059693931394
196.37637637637638,-0.9755423153540792
196.45645645645646,-0.9999400804854393
196.53653653653654,-1.0218146882084636
196.61661661661662,-1.0530668340484313
196.6966966966967,-1.081603166900493
196.77677677677679,-1.1189257661924386
196.85685685685687,-1.1530273540870817
196.93693693693695,-1.1927515270069566
197.01701701701703,-1.2314349862032452
197.0970970970971,-1.2764430297167275
197.17717717717719,-1.3255601784475721
197.25725725725727,-1.3771752233498695
197.33733733733735,-1.4266717996191924
197.41741741741743,-1.4735775069766401
197.4974974974975,-1.5220641985065604
197.57757757757759,-1.5741350301469215
197.65765765765767,-1.62934015204085
197.73773773773775,-1.6845846633731567
197.81781781781783,-1.7389514428379007
197.8978978978979,-1.7929650245963464
197.977977977978,-1.8507573493466245
198.05805805805807,-1.9111544478246976
198.13813813813815,-1.9702860893054943
198.21821821821823,-2.0259585655823042
198.2982982982983,-2.0762310127222654
198.3783783783784,-2.1326531534773516
198.45845845845847,-2.1851576311776952
198.53853853853855,-2.2433721943481917
198.61861861861863,-2.294940813434479
198.6986986986987,-2.3476188149944477
198.7787787787788,-2.3982188532266826
198.85885885885887,-2.4476266922205747
198.93893893893895,-2.500436362708898
199.01901901901903,-2.5489675645739456
199.0990990990991,-2.5932291540282564
199.1791791791792,-2.6396742608238797
199.25925925925927,-2.6827110361018263
199.33933933933935,-2.7297819432198334
199.41941941941943,-2.769114765646406
199.4994994994995,-2.811037161821246
199.5795795795796,-2.846725928485627
199.65965965965967,-2.8854234227122513
199.73973973973975,-2.918455778189695
199.81981981981983,-2.9551530890488147
199.8998998998999,-2.9872924966887404
199.97997997998,-3.0281235342649424
200.06006006006007,-3.059201447115552
200.14014014014015,-3.0910504969743386
200.22022022022023,-3.118229444769783
200.3003003003003,-3.1532560271970937
200.3803803803804,-3.1848147666212565
200.46046046046047,-3.214327328736261
200.54054054054055,-3.2341779828314046
200.62062062062063,-3.255674212479304
200.7007007007007,-3.2756610278877623
200.7807807807808,-3.3034264230128745
200.86086086086087,-3.3288020553308715
200.94094094094095,-3.35337721875169
201.02102102102103,-3.3741677143812208
201.1011011011011,-3.396130862761818
201.1811811811812,-3.4195289557587163
201.26126126126127,-3.443140271778337
201.34134134134135,-3.4621364739642817
201.42142142142143,-3.4828630406201526
201.5015015015015,-3.5016967294609844
201.5815815815816,-3.5217380198186103
201.66166166166167,-3.53598420250352
201.74174174174175,-3.5522595102449204
201.82182182182183,-3.5677463863294445
201.9019019019019,-3.579625360035814
201.981981981982,-3.590842017647903
202.06206206206207,-3.60309076231956
202.14214214214215,-3.6179422453115384
202.22222222222223,-3.6242108730392304
202.3023023023023,-3.6281937664271693
202.3823823823824,-3.6265908739059953
202.46246246246247,-3.6334781126142635
202.54254254254255,-3.635967071052339
202.62262262262263,-3.6398512846972593
202.7027027027027,-3.6423577892110424
202.7827827827828,-3.645494921275924
202.86286286286287,-3.646858229365611
202.94294294294295,-3.647194683843205
203.02302302302303,-3.639862676716608
203.1031031031031,-3.632983728740313
203.1831831831832,-3.6197961298652825
203.26326326326327,-3.613878469918338
203.34334334334335,-3.6014199513749237
203.42342342342343,-3.5896643715018595
203.5035035035035,-3.5710704748633018
203.5835835835836,-3.5584046347608758
203.66366366366367,-3.540877490375664
203.74374374374375,-3.5252180069375316
203.82382382382383,-3.499968862050748
203.9039039039039,-3.480939815955088
203.983983983984,-3.453652473311706
204.06406406406407,-3.430588295154451
204.14414414414415,-3.3993397260738787
204.22422422422423,-3.3770908606595698
204.3043043043043,-3.348059541121317
204.3843843843844,-3.3213346647322552
204.46446446446447,-3.2859490974056667
204.54454454454455,-3.2581446813599353
204.62462462462463,-3.2213419371560805
204.7047047047047,-3.1820625085687966
204.7847847847848,-3.136303817037507
204.86486486486487,-3.1017916304713813
204.94494494494495,-3.065282002191726
205.02502502502503,-3.0303564800194556
205.1051051051051,-2.9843669363641774
205.1851851851852,-2.944174230950109
205.26526526526527,-2.900315792929895
205.34534534534535,-2.8522924689274833
205.42542542542543,-2.8029592869312956
205.5055055055055,-2.7522447154528025
205.5855855855856,-2.704911261765149
205.66566566566567,-2.6527125482935707
205.74574574574575,-2.6051657072251513
205.82582582582583,-2.5527191162587712
205.9059059059059,-2.502609426007204
205.985985985986,-2.4450115452661616
206.06606606606607,-2.3957924839543896
206.14614614614615,-2.3408695707937546
206.22622622622623,-2.28857344255153
206.3063063063063,-2.2224935353468
206.3863863863864,-2.170441772338477
206.46646646646647,-2.104929765832589
206.54654654654655,-2.054717145454985
206.62662662662663,-1.9850416572275913
206.7067067067067,-1.940117858686457
206.7867867867868,-1.8763089565263422
206.86686686686687,-1.8310640729144059
206.94694694694695,-1.7654280522579713
207.02702702702703,-1.7164642149173608
207.1071071071071,-1.6502525530232932
207.1871871871872,-1.6014038748006514
207.26726726726727,-1.5424820299505777
207.34734734734735,-1.4956404653489794
207.42742742742743,-1.4365768310049007
207.5075075075075,-1.3874134640896507
207.5875875875876,-1.3367689501599869
207.66766766766767,-1.2945195699008003
207.74774774774775,-1.2473361389221254
207.82782782782783,-1.2037395803541913
207.9079079079079,-1.1582251976791462
207.987987987988,-1.1234155456842225
208.06806806806807,-1.083964455227683
208.14814814814815,-1.0478520825513105
208.22822822822823,-1.0076395091858676
208.3083083083083,-0.9745445854828632
208.3883883883884,-0.9451737196447164
208.46846846846847,-0.9175464064679106
208.54854854854855,-0.8977875090039208
208.62862862862863,-0.8752500318168581
208.7087087087087,-0.8623914558751002
208.7887887887888,-0.8410372388142774
208.86886886886887,-0.8325473505946193
208.94894894894895,-0.8200539008758696
209.02902902902903,-0.8267929979331599
209.1091091091091,-0.8247076234534357
209.1891891891892,-0.8261983753908211
209.26926926926927,-0.8195597317111873
209.34934934934935,-0.8343515935092789
209.42942942942943,-0.8415575038409666
209.5095095095095,-0.8619041179043272
209.5895895895896,-0.8687564462684902
209.66966966966967,-0.8998189149355251
209.74974974974975,-0.9194150129059925
209.82982982982983,-0.9495644600355515
209.9099099099099,-0.9652558720931468
209.98998998999,-0.997451194401253
210.07007007007007,-1.0271320930623227
210.15015015015015,-1.0636655243846393
210.23023023023023,-1.0943210374085603
210.3103103103103,-1.1304334642690226
210.3903903903904,-1.1734506922438723
210.47047047047047,-1.2193713331903635
210.55055055055055,-1.259804876584838
210.63063063063063,-1.302544705469064
210.7107107107107,-1.3434735153762876
210.7907907907908,-1.3917202792094496
210.87087087087087,-1.432467842910487
210.95095095095095,-1.47962367297691
211.03103103103103,-1.5283047594532773
211.11111111111111,-1.577072580343865
211.1911911911912,-1.624152203347855
211.27127127127127,-1.6605593309453095
211.35135135135135,-1.714656576614153
211.43143143143143,-1.7674198808831223
211.51151151151151,-1.8268690226820143
211.5915915915916,-1.8719846870310382
211.67167167167167,-1.9215055268272685
211.75175175175175,-1.9684584452132248
211.83183183183183,-2.0247640841726087
211.91191191191191,-2.0681113970186726
211.991991991992,-2.1230805860155284
212.07207207207207,-2.1632454203788343
212.15215215215215,-2.2261029310175346
212.23223223223223,-2.2676309192301787
212.31231231231232,-2.325699963956323
212.3923923923924,-2.363465039116771
212.47247247247248,-2.4200749881955708
212.55255255255256,-2.4587885668851657
212.63263263263264,-2.510732066439993
212.71271271271272,-2.5480296422777444
212.7927927927928,-2.6081545008119167
212.87287287287288,-2.6533087846028534
212.95295295295296,-2.7041314394410785
213.03303303303304,-2.7363003097324947
213.11311311311312,-2.781953494460307
213.1931931931932,-2.8276480625228584
213.27327327327328,-2.8738555435108672
213.35335335335336,-2.917600740878593
213.43343343343344,-2.9648083319848735
213.51351351351352,-3.009713476631067
213.5935935935936,-3.0533077873346097
213.67367367367368,-3.079319270946229
213.75375375375376,-3.11488251100657
213.83383383383384,-3.1492917590502074
213.91391391391392,-3.191427009620199
213.993993993994,-3.228427379750616
214.07407407407408,-3.2567911293434646
214.15415415415416,-3.2936702217432714
214.23423423423424,-3.3253066489038647
214.31431431431432,-3.356191540853807
214.3943943943944,-3.3847684450998243
214.47447447447448,-3.4071639184366305
214.55455455455456,-3.4406501789485526
214.63463463463464,-3.4670885045917523
214.71471471471472,-3.4895753534076315
214.7947947947948,-3.509032287741377
214.87487487487488,-3.525045621229626
214.95495495495496,-3.5506730845077965
215.03503503503504,-3.5606638428011927
215.11511511511512,-3.583460677516781
215.1951951951952,-3.59561276738051
215.27527527527528,-3.6144380746777984
215.35535535535536,-3.6250669070563304
215.43543543543544,-3.6427163149149004
215.51551551551552,-3.6506276118455774
215.5955955955956,-3.6602578020582324
215.67567567567568,-3.650567107241909
215.75575575575576,-3.661044856872557
215.83583583583584,-3.6511536672723657
215.91591591591592,-3.661679102578628
215.995995995996,-3.646022025963112
216.07607607607608,-3.644192715805848
216.15615615615616,-3.6241132367117306
216.23623623623624,-3.6167947282815307
216.31631631631632,-3.6085421381570586
216.3963963963964,-3.6054517508161132
216.47647647647648,-3.589783547396051
216.55655655655656,-3.584492009561168
216.63663663663664,-3.5635570553121245
216.71671671671672,-3.555843141836214
216.7967967967968,-3.5214500375435756
216.87687687687688,-3.5083695446560057
216.95695695695696,-3.4750158021215984
217.03703703703704,-3.46274722239659
217.11711711711712,-3.4307706592739144
217.1971971971972,-3.4083122510255124
217.27727727727728,-3.3760124112142176
217.35735735735736,-3.354323613029755
217.43743743743744,-3.314568721910829
217.51751751751752,-3.285343582874341
217.5975975975976,-3.24635798524842
217.67767767767768,-3.231529219452054
217.75775775775776,-3.1927908374076037
217.83783783783784,-3.163439358930765
217.91791791791792,-3.11085048036528
217.997997997998,-3.0706119556954747
218.07807807807808,-3.0236253966124043
218.15815815815816,-2.984952522262177
218.23823823823824,-2.9412962023241462
218.31831831831832,-2.893821095502207
218.3983983983984,-2.841560048928016
218.47847847847848,-2.7965719553563644
218.55855855855856,-2.744312650560184
218.63863863863864,-2.7023654901229817
218.71871871871872,-2.6472039761749384
218.7987987987988,-2.6058698533000597
218.87887887887888,-2.542351280469491
218.95895895895896,-2.4910566113940016
219.03903903903904,-2.4332328589718384
219.11911911911912,-2.3929226887480466
219.1991991991992,-2.331444389938297
219.27927927927928,-2.267237819067143
219.35935935935936,-2.1894298497786
219.43943943943944,-2.133229727200404
219.51951951951952,-2.08206429616347
219.5995995995996,-2.039245372675538
219.67967967967968,-1.985095527328959
219.75975975975976,-1.9227102894215176
219.83983983983984,-1.866464509361298
219.91991991991992,-1.8005074485218797
220.0,-1.7445985625386229
