freq,trans
140.0,0.5691470472915383
140.08008008008008,0.5717262319156546
140.16016016016016,0.5742162168411148
140.24024024024024,0.5790315873302344
140.32032032032032,0.5838708776654347
140.4004004004004,0.5891941088711921
140.48048048048048,0.5935728748396512
140.56056056056056,0.5974156371621325
140.64064064064064,0.6000460376591307
140.72072072072072,0.6032234161849777
140.8008008008008,0.6062247650929125
140.88088088088088,0.609186175777275
140.96096096096096,0.610844387207603
141.04104104104104,0.6120992007633339
141.12112112112112,0.612114705900358
141.2012012012012,0.6125779335319396
141.28128128128128,0.6111877488614261
141.36136136136136,0.6106735980571556
141.44144144144144,0.6087107435131093
141.52152152152152,0.6075846982336737
141.6016016016016,0.604272656707384
141.68168168168168,0.6013924292150675
141.76176176176176,0.5972303637245904
141.84184184184184,0.5941789420730148
141.92192192192192,0.5896734843100666
142.002002002002,0.585168767125592
142.08208208208208,0.5792036672533131
142.16216216216216,0.5741786999181594
142.24224224224224,0.5684413479867199
142.32232232232232,0.5632927098008381
142.4024024024024,0.5566751857766769
142.48248248248248,0.5503720616018639
142.56256256256256,0.5434498798218166
142.64264264264264,0.5364902625440864
142.72272272272272,0.5294163595250287
142.8028028028028,0.5218969649273525
142.88288288288288,0.5156128749375064
142.96296296296296,0.5082101969479198
143.04304304304304,0.5014605702278574
143.12312312312312,0.4930065695442053
143.2032032032032,0.4863822131699863
143.28328328328328,0.47855923005169676
143.36336336336336,0.4725167048828922
143.44344344344344,0.46472018519943864
143.52352352352352,0.4592278374841428
143.6036036036036,0.451648600550603
143.68368368368368,0.4462933751215598
143.76376376376376,0.43853522004645584
143.84384384384384,0.4331338363442057
143.92392392392392,0.4260695228810756
144.004004004004,0.4205814764034739
144.08408408408408,0.4137996232126548
144.16416416416416,0.4078903877219386
144.24424424424424,0.4014786476083488
144.32432432432432,0.39625098608127257
144.4044044044044,0.3908711053209633
144.48448448448448,0.38606642950796155
144.56456456456456,0.381019184078413
144.64464464464464,0.3766630476020981
144.72472472472472,0.37233849752684356
144.8048048048048,0.36728370546072214
144.88488488488488,0.363563876637851
144.96496496496496,0.3592761544507155
145.04504504504504,0.35699932417858043
145.12512512512512,0.35301161860373326
145.2052052052052,0.35045334758938124
145.28528528528528,0.346534021074818
145.36536536536536,0.344774040924573
145.44544544544544,0.3420735465412142
145.52552552552552,0.3407019819597316
145.6056056056056,0.3380271465337962
145.68568568568568,0.3370088235275962
145.76576576576576,0.33468252063608156
145.84584584584584,0.33365643641085735
145.92592592592592,0.33137867832251994
146.006006006006,0.33082780890814656
146.08608608608608,0.32971171901306673
146.16616616616616,0.3296450077375098
146.24624624624624,0.3291340380727212
146.32632632632632,0.32892400929139515
146.4064064064064,0.3278003593638262
146.48648648648648,0.32711486299860143
146.56656656656656,0.3265624912738522
146.64664664664664,0.3273127547634587
146.72672672672672,0.32784798359990097
146.8068068068068,0.3281656736369798
146.88688688688688,0.32831793797526393
146.96696696696696,0.328532019042031
147.04704704704704,0.3295607222828552
147.12712712712712,0.33036449876098684
147.2072072072072,0.33172050887959215
147.28728728728728,0.3327770596370757
147.36736736736736,0.3344336243179213
147.44744744744744,0.3356367517717974
147.52752752752752,0.3370554938864147
147.6076076076076,0.33828851396719833
147.68768768768768,0.34051249414013707
147.76776776776777,0.3421532469546745
147.84784784784785,0.34472505568877626
147.92792792792793,0.346309011002372
148.008008008008,0.34927326738526954
148.08808808808809,0.35187222359534825
148.16816816816817,0.35540201784148295
148.24824824824825,0.35808271164635475
148.32832832832833,0.36116190975575696
148.4084084084084,0.3640531623334111
148.48848848848849,0.3673056407235923
148.56856856856857,0.3707511291011277
148.64864864864865,0.37431554368951664
148.72872872872873,0.37758343791336896
148.8088088088088,0.3809900238270489
148.88888888888889,0.38460738840207404
148.96896896896897,0.389040211031948
149.04904904904905,0.3933333451671476
149.12912912912913,0.3977704358078618
149.2092092092092,0.4021566356257913
149.2892892892893,0.4066215119545955
149.36936936936937,0.41118203455541275
149.44944944944945,0.4157787139329189
149.52952952952953,0.4209589636769735
149.6096096096096,0.4262891994254316
149.6896896896897,0.4315806893047718
149.76976976976977,0.4368254726451413
149.84984984984985,0.44271193749307514
149.92992992992993,0.448601884098483
150.01001001001,0.4548348882592921
150.0900900900901,0.46092040971197784
150.17017017017017,0.46743014452972187
150.25025025025025,0.47368722515154754
150.33033033033033,0.48031450672631415
150.4104104104104,0.48708573344014977
150.4904904904905,0.49419916160789384
150.57057057057057,0.5009980674529627
150.65065065065065,0.5075242508969692
150.73073073073073,0.5138746448432301
150.8108108108108,0.5212646790388775
150.8908908908909,0.5285756492229986
150.97097097097097,0.5364203741398522
151.05105105105105,0.5436867453043264
151.13113113113113,0.5511128507598069
151.2112112112112,0.5582492412582896
151.2912912912913,0.5657478220682105
151.37137137137137,0.5734035258129311
151.45145145145145,0.5809197637486057
151.53153153153153,0.588211852656975
151.6116116116116,0.5951667600124539
151.6916916916917,0.6025381364763959
151.77177177177177,0.6092360314613636
151.85185185185185,0.6162801524705157
151.93193193193193,0.6223483132823249
152.012012012012,0.6292826652434752
152.0920920920921,0.635030916987907
152.17217217217217,0.6409501120058956
152.25225225225225,0.6458094544332309
152.33233233233233,0.6513033456201914
152.4124124124124,0.655663850942437
152.4924924924925,0.6599885554758489
152.57257257257257,0.6632103638193416
152.65265265265265,0.6670863028337369
152.73273273273273,0.6700028204578656
152.8128128128128,0.6731167387628781
152.8928928928929,0.6747646644222005
152.97297297297297,0.6765883314124466
153.05305305305305,0.6774151153318259
153.13313313313313,0.6779787852144044
153.2132132132132,0.6776466377225161
153.2932932932933,0.6774762573198082
153.37337337337337,0.676541900451247
153.45345345345345,0.6756860376212596
153.53353353353353,0.6737545273512804
153.6136136136136,0.671520006807339
153.6936936936937,0.6683385906940417
153.77377377377377,0.664948933233203
153.85385385385385,0.6611413840374651
153.93393393393393,0.6571648269694289
154.014014014014,0.6534397753639147
154.0940940940941,0.6494951973533676
154.17417417417417,0.6458775064490566
154.25425425425425,0.6413435802241564
154.33433433433433,0.6364099726373778
154.4144144144144,0.6307263504268243
154.4944944944945,0.6257881948247616
154.57457457457457,0.6204343196551638
154.65465465465465,0.6149295929398929
154.73473473473473,0.608675895103978
154.8148148148148,0.6030733434831609
154.8948948948949,0.5976757055858234
154.97497497497497,0.592492999786866
155.05505505505505,0.5867768755151388
155.13513513513513,0.5811085559813812
155.2152152152152,0.5746012645211962
155.2952952952953,0.568501560122078
155.37537537537537,0.5619343053117868
155.45545545545545,0.5560582782795661
155.53553553553553,0.5500114851657197
155.6156156156156,0.5440869753333575
155.6956956956957,0.5382184740777441
155.77577577577577,0.5325589473989306
155.85585585585585,0.5264413444446883
155.93593593593593,0.5202212026254962
156.016016016016,0.5139177709619265
156.0960960960961,0.5080833255568514
156.17617617617617,0.5017460225056604
156.25625625625625,0.49582001058583974
156.33633633633633,0.489565666151035
156.4164164164164,0.48393042663913943
156.4964964964965,0.478218139769389
156.57657657657657,0.4726945091002925
156.65665665665665,0.4675224112907411
156.73673673673673,0.4623277462289032
156.8168168168168,0.45721099343219124
156.8968968968969,0.45169783314040757
156.97697697697697,0.44658301609918905
157.05705705705705,0.4412885836388179
157.13713713713713,0.4364959007058517
157.2172172172172,0.4320577494422047
157.2972972972973,0.42833683320567156
157.37737737737737,0.4243904322033599
157.45745745745745,0.42043175024726925
157.53753753753753,0.41603179223944536
157.6176176176176,0.41213978909014903
157.6976976976977,0.4084832750085538
157.77777777777777,0.40538463217591997
157.85785785785785,0.4017740142041001
157.93793793793793,0.39864056961668215
158.018018018018,0.39579725865312193
158.0980980980981,0.3936979239911142
158.17817817817817,0.3917421368839242
158.25825825825825,0.3900400199409776
158.33833833833833,0.3884025796892614
158.4184184184184,0.3868337192660342
158.4984984984985,0.385325966569989
158.57857857857857,0.38412039099751827
158.65865865865865,0.38293279973784927
158.73873873873873,0.3823116139374197
158.8188188188188,0.3818223020876047
158.8988988988989,0.3818926601826977
158.97897897897897,0.3819586752766659
159.05905905905905,0.3822801726685457
159.13913913913913,0.38267739956283114
159.2192192192192,0.38293800020102164
159.2992992992993,0.3834087451872821
159.37937937937937,0.3838065076875616
159.45945945945945,0.384986396360958
159.53953953953953,0.3862247072082986
159.6196196196196,0.38773714911707063
159.6996996996997,0.38904549471552835
159.77977977977977,0.3908700531548377
159.85985985985985,0.39261834616318053
159.93993993993993,0.39495812789498186
160.02002002002,0.39737951755858686
160.1001001001001,0.40064656948436933
160.18018018018017,0.40342379325253325
160.26026026026025,0.40612029842949654
160.34034034034033,0.4084449116736985
160.4204204204204,0.41137590748608915
160.5005005005005,0.4151300781713818
160.58058058058057,0.41867762315687296
160.66066066066065,0.42249655433844907
160.74074074074073,0.4262792562542208
160.8208208208208,0.43060453906372936
160.9009009009009,0.43449865908943486
160.98098098098097,0.43842506328053715
161.06106106106105,0.44229019998688573
161.14114114114113,0.44695957949326987
161.2212212212212,0.45190322105130964
161.3013013013013,0.4570097978996807
161.38138138138137,0.4621229173141597
161.46146146146145,0.4677542005808222
161.54154154154153,0.4735473722852481
161.6216216216216,0.47938218432651813
161.7017017017017,0.4849232801814641
161.78178178178177,0.49079011776086423
161.86186186186185,0.49712269380249585
161.94194194194193,0.5036722586912531
162.022022022022,0.5102289209163723
162.1021021021021,0.5168940793571475
162.18218218218217,0.5238656125086429
162.26226226226225,0.5309800986818513
162.34234234234233,0.5379188768015242
162.42242242242241,0.5450191839627772
162.5025025025025,0.5519425043882669
162.58258258258257,0.558846891430466
162.66266266266265,0.5658215679771168
162.74274274274273,0.5729556074511046
162.82282282282281,0.5807270656750235
162.9029029029029,0.5881321866648302
162.98298298298297,0.59569769159871
163.06306306306305,0.6028986840214652
163.14314314314313,0.6108158547792149
163.22322322322321,0.6186454594130875
163.3033033033033,0.6265724960578752
163.38338338338338,0.6341041778460228
163.46346346346346,0.6416925858208687
163.54354354354354,0.6489917986424976
163.62362362362362,0.6561719686643549
163.7037037037037,0.6628920705863647
163.78378378378378,0.6694575013386102
163.86386386386386,0.6756162931194847
163.94394394394394,0.6818177083791386
164.02402402402402,0.6874033944734976
164.1041041041041,0.6929040690910556
164.18418418418418,0.6981505721618998
164.26426426426426,0.7031139927972122
164.34434434434434,0.7074649537796808
164.42442442442442,0.7112162847168506
164.5045045045045,0.7146375386475047
164.58458458458458,0.7174920780659397
164.66466466466466,0.7199129204198486
164.74474474474474,0.7216502910798367
164.82482482482482,0.7232620613783483
164.9049049049049,0.7247093729458761
164.98498498498498,0.7255734044039481
165.06506506506506,0.7256938874094462
165.14514514514514,0.7253211325943602
165.22522522522522,0.7245452152187314
165.3053053053053,0.7232312493156303
165.38538538538538,0.7214481959538059
165.46546546546546,0.7196926599778823
165.54554554554554,0.7178203722001197
165.62562562562562,0.7154498515771602
165.7057057057057,0.7125361810870277
165.78578578578578,0.7092169572087447
165.86586586586586,0.706315319357563
165.94594594594594,0.7034674587620466
166.02602602602602,0.700389462623822
166.1061061061061,0.6967558737038745
166.18618618618618,0.6929572259052044
166.26626626626626,0.6888534305407945
166.34634634634634,0.6849733769771253
166.42642642642642,0.681071477175716
166.5065065065065,0.6776384746330063
166.58658658658658,0.6736267778578031
166.66666666666666,0.6696928306241294
166.74674674674674,0.6652373058842141
166.82682682682682,0.6610600518809012
166.9069069069069,0.6565993990516972
166.98698698698698,0.6525175623364664
167.06706706706706,0.6478936157496842
167.14714714714714,0.6436691973392416
167.22722722722722,0.6390292464060041
167.3073073073073,0.6349542299207912
167.38738738738738,0.6304884208132979
167.46746746746746,0.6264774528311859
167.54754754754754,0.6220125297312904
167.62762762762762,0.6179962212091564
167.7077077077077,0.6135429627454793
167.78778778778778,0.6093795944833078
167.86786786786786,0.605067387118075
167.94794794794794,0.6012331430296661
168.02802802802802,0.5971404875276423
168.1081081081081,0.5928876290866625
168.18818818818818,0.5885353125256668
168.26826826826826,0.5844596472110907
168.34834834834834,0.58056479630812
168.42842842842842,0.5764503266598703
168.5085085085085,0.5722604435565135
168.58858858858858,0.5677302772613964
168.66866866866866,0.5637830173287692
168.74874874874874,0.5595102770912396
168.82882882882882,0.5556691379972426
168.9089089089089,0.5512822914577507
168.98898898898898,0.5474094038561735
169.06906906906906,0.5432318946344995
169.14914914914914,0.5394694833893636
169.22922922922922,0.5352886694211649
169.3093093093093,0.5315644877728164
169.38938938938938,0.5272143819606492
169.46946946946946,0.5233536311097314
169.54954954954954,0.5189182478684756
169.62962962962962,0.5153394780343572
169.7097097097097,0.5113082273870867
169.78978978978978,0.5080008501893635
169.86986986986986,0.5040648575907029
169.94994994994994,0.500644216225283
170.03003003003002,0.4969768117498455
170.1101101101101,0.4937477463359658
170.19019019019018,0.49040617998133806
170.27027027027026,0.48731215006652984
170.35035035035034,0.4843120912440251
170.43043043043042,0.4817068574783349
170.5105105105105,0.4790944120277822
170.59059059059058,0.4770475743220983
170.67067067067066,0.4749622897649618
170.75075075075074,0.4734376326441531
170.83083083083082,0.4715661505682059
170.9109109109109,0.46980889129653375
170.99099099099098,0.46800425301671617
171.07107107107106,0.4664605056423843
171.15115115115114,0.4652968459790637
171.23123123123122,0.4644665810898978
171.3113113113113,0.46411114631942835
171.39139139139138,0.4639470954039835
171.47147147147146,0.46392479489821553
171.55155155155154,0.46386879252039825
171.63163163163162,0.4638802846323225
171.7117117117117,0.4638983080719896
171.79179179179178,0.46446436165226257
171.87187187187186,0.46536899050424474
171.95195195195194,0.4667443572643717
172.03203203203202,0.4680096084362605
172.11211211211213,0.46949810528652147
172.19219219219218,0.47084265658188157
172.2722722722723,0.472886014615354
172.35235235235234,0.4749310398948963
172.43243243243245,0.4775315047483844
172.5125125125125,0.48013495307052795
172.5925925925926,0.4834252765263537
172.67267267267266,0.48650164755320424
172.75275275275277,0.48988020254773795
172.83283283283282,0.4932092773019667
172.91291291291293,0.49704193580931755
172.99299299299298,0.5007193016750244
173.0730730730731,0.5048524063488665
173.15315315315314,0.5090053240600647
173.23323323323325,0.5139032551530395
173.3133133133133,0.5187844136962146
173.3933933933934,0.5239455484633954
173.47347347347346,0.5287631537275067
173.55355355355357,0.5340629832354653
173.63363363363362,0.5395546539080674
173.71371371371373,0.5457352857190134
173.79379379379378,0.5522275858962058
173.8738738738739,0.5589556134215854
173.95395395395394,0.5654825187578943
174.03403403403405,0.5718926363884556
174.1141141141141,0.5781929494621023
174.1941941941942,0.5848617184083545
174.27427427427426,0.5918106653382461
174.35435435435437,0.5990381495545753
174.43443443443442,0.6058890051801934
174.51451451451453,0.612786532441109
174.59459459459458,0.6198987282720624
174.6746746746747,0.6275209373425067
174.75475475475474,0.6350679337239403
174.83483483483485,0.6420252176144596
174.9149149149149,0.6487108350781725
174.994994994995,0.6552462537510866
175.07507507507506,0.6625106054581834
175.15515515515517,0.6697819293252404
175.23523523523522,0.6772888420825606
175.31531531531533,0.6845313479765129
175.39539539539538,0.6915675672831271
175.4754754754755,0.6980732143267121
175.55555555555554,0.7043877782624564
175.63563563563565,0.7106653338348456
175.7157157157157,0.7168185014742194
175.7957957957958,0.7224092253681115
175.87587587587586,0.7277428216243044
175.95595595595597,0.7327660017510417
176.03603603603602,0.7379987990890553
176.11611611611613,0.7425233938948935
176.19619619619618,0.7463796684161703
176.2762762762763,0.7492844782637912
176.35635635635634,0.7520120462975636
176.43643643643645,0.7542640952095996
176.5165165165165,0.7561627897347907
176.5965965965966,0.7576596493521479
176.67667667667666,0.7589887102197113
176.75675675675677,0.7598385034932138
176.83683683683682,0.7601698102010225
176.91691691691693,0.7598542513171006
176.99699699699698,0.7593850649890318
177.0770770770771,0.7586630302848353
177.15715715715714,0.7578782280843359
177.23723723723725,0.7567118402121582
177.3173173173173,0.7552990832693359
177.3973973973974,0.7535579784988579
177.47747747747746,0.7515793895149803
177.55755755755757,0.7491704526580222
177.63763763763762,0.746442274316582
177.71771771771773,0.7433553680476279
177.79779779779778,0.740259462128871
177.8778778778779,0.7372642987513913
177.95795795795794,0.7342605752416616
178.03803803803805,0.7309027538947717
178.1181181181181,0.7272240480964252
178.1981981981982,0.7235816676282091
178.27827827827826,0.7200876632122291
178.35835835835837,0.7168898937913164
178.43843843843842,0.7137086748072315
178.51851851851853,0.7104261102020273
178.59859859859858,0.7069579291289788
178.6786786786787,0.7034686533744569
178.75875875875874,0.6999336005089279
178.83883883883885,0.6965948677437866
178.9189189189189,0.693311087344044
178.998998998999,0.6899316402830491
179.07907907907907,0.6865456595993774
179.15915915915917,0.6832077927786407
179.23923923923923,0.6799841056219417
179.31931931931933,0.6769483045773451
179.39939939939939,0.6740548733007842
179.4794794794795,0.6708898440290799
179.55955955955955,0.6673838484585103
179.63963963963965,0.6640519743953619
179.7197197197197,0.6613367771547024
179.7997997997998,0.6590399935704554
179.87987987987987,0.6565490280775574
179.95995995995997,0.6537599449108668
180.04004004004003,0.6508976434858501
180.12012012012013,0.648156505794445
180.2002002002002,0.6455778464516969
180.2802802802803,0.6430645337729793
180.36036036036035,0.6406180966746859
180.44044044044045,0.6383701423781021
180.5205205205205,0.6361549958017624
180.60060060060061,0.6339048990715916
180.68068068068067,0.6315400418279078
180.76076076076077,0.6290810926230455
180.84084084084083,0.626666458639133
180.92092092092093,0.624264595567637
181.001001001001,0.6219285970840056
181.0810810810811,0.619472078207383
181.16116116116115,0.6171192846478796
181.24124124124126,0.6149332358836521
181.3213213213213,0.6130140889687054
181.40140140140142,0.6110239061363395
181.48148148148147,0.6086640437385554
181.56156156156158,0.6061873398237672
181.64164164164163,0.6037278303182072
181.72172172172174,0.6015301357540217
181.8018018018018,0.5994930515060546
181.8818818818819,0.5973981079766699
181.96196196196195,0.5951724272720602
182.04204204204206,0.5927653125381013
182.1221221221221,0.5906525278258168
182.20220220220222,0.588723167970711
182.28228228228227,0.5867760421333577
182.36236236236238,0.5844844193029616
182.44244244244243,0.5821300617752079
182.52252252252254,0.5800812200360802
182.6026026026026,0.5780005849856225
182.6826826826827,0.5758216526400382
182.76276276276275,0.5734553923396378
182.84284284284286,0.5715689368130596
182.9229229229229,0.5700957342363235
183.00300300300302,0.5687783543477547
183.08308308308307,0.5675228245445658
183.16316316316318,0.5662065327067685
183.24324324324323,0.5650999818720583
183.32332332332334,0.5638242447811397
183.4034034034034,0.5625934990229263
183.4834834834835,0.5618702671827482
183.56356356356355,0.5614189875648067
183.64364364364366,0.56098515434854
183.7237237237237,0.5602778537128935
183.80380380380382,0.5600470229310592
183.88388388388387,0.5601497684593747
183.96396396396398,0.5604478755594265
184.04404404404403,0.5607071140849478
184.12412412412414,0.5611186390840265
184.2042042042042,0.5621003257234404
184.2842842842843,0.5632853372485008
184.36436436436435,0.5644724004431384
184.44444444444446,0.565709270642837
184.5245245245245,0.5672091662621812
184.60460460460462,0.5693641430916457
184.68468468468467,0.5715866387052938
184.76476476476478,0.5740329702177659
184.84484484484483,0.5764994017511613
184.92492492492494,0.5793872389083522
185.005005005005,0.5824973324705334
185.0850850850851,0.5858288867554539
185.16516516516515,0.5892191623784617
185.24524524524526,0.5929479580558159
185.3253253253253,0.5972440004301894
185.40540540540542,0.6021398292087963
185.48548548548547,0.6068481615852328
185.56556556556558,0.6114266249874051
185.64564564564563,0.6161323138834943
185.72572572572574,0.6212718035820529
185.8058058058058,0.6264480472925645
185.8858858858859,0.6314301190641037
185.96596596596595,0.6366346831160213
186.04604604604606,0.6422848653765564
186.1261261261261,0.6482935459470457
186.20620620620622,0.654189205700388
186.28628628628627,0.6604106298708315
186.36636636636638,0.6666048519304882
186.44644644644643,0.6729097626353009
186.52652652652654,0.6792623349875495
186.6066066066066,0.6857572812132295
186.6866866866867,0.6921720092986967
186.76676676676675,0.698414662494899
186.84684684684686,0.7045546855179149
186.9269269269269,0.7110804371746817
187.00700700700702,0.717476510062108
187.08708708708707,0.7239891389544602
187.16716716716718,0.7302404875093683
187.24724724724723,0.7363480978332365
187.32732732732734,0.7416921102578398
187.4074074074074,0.746695625951031
187.4874874874875,0.751463235891931
187.56756756756755,0.7563887518582703
187.64764764764766,0.7611953296577086
187.7277277277277,0.7658625469828187
187.80780780780782,0.7703154327841994
187.88788788788787,0.7744344227257238
187.96796796796798,0.7778866826485364
188.04804804804803,0.7807489375685144
188.12812812812814,0.7833688929422116
188.2082082082082,0.7858071605060363
188.2882882882883,0.7879166397215787
188.36836836836835,0.7896082038007091
188.44844844844846,0.7908266503653519
188.5285285285285,0.7915528605222579
188.60860860860862,0.7917262091869446
188.68868868868867,0.7916803065038245
188.76876876876878,0.7915864829692858
188.84884884884883,0.7914970102998994
188.92892892892894,0.7908722797451277
189.009009009009,0.7895569707291422
189.0890890890891,0.7878207400862633
189.16916916916915,0.7859163021458847
189.24924924924926,0.7837003356228589
189.3293293293293,0.781444416068878
189.40940940940942,0.7790054946189053
189.48948948948947,0.7764392561103038
189.56956956956958,0.7739977481741053
189.64964964964963,0.7714428775144428
189.72972972972974,0.7686037152370512
189.8098098098098,0.7652431179781864
189.8898898898899,0.7617805852039854
189.96996996996995,0.7583230815530376
190.05005005005006,0.755043320677234
190.1301301301301,0.7516734388573648
190.21021021021022,0.7481557261996824
190.29029029029027,0.7448281979849937
190.37037037037038,0.7415345118106133
190.45045045045043,0.7382561026161844
190.53053053053054,0.7348314309042034
190.6106106106106,0.7315584842535554
190.6906906906907,0.7283821008517314
190.77077077077075,0.7249423414778631
190.85085085085086,0.7215459083406927
190.9309309309309,0.7182388592434394
191.01101101101102,0.7153309426203301
191.09109109109107,0.7125088116227556
191.17117117117118,0.7097127847404882
191.25125125125123,0.7069288349112149
191.33133133133134,0.7043752349584073
191.41141141141142,0.7020746976823297
191.4914914914915,0.6995941844668295
191.57157157157158,0.6969165529530651
191.65165165165166,0.6940248717986384
191.73173173173174,0.6913973447222882
191.81181181181182,0.6892715715446212
191.8918918918919,0.6873795196595293
191.97197197197198,0.6855540705891575
192.05205205205206,0.6835529029360321
192.13213213213214,0.6814852805806692
192.21221221221222,0.6794104258443987
192.2922922922923,0.6773054230053183
192.37237237237238,0.6754310320577623
192.45245245245246,0.6736436906424691
192.53253253253254,0.6721718542614996
192.61261261261262,0.6703962786850636
192.6926926926927,0.6687479100523531
192.77277277277278,0.6671786104521
192.85285285285286,0.6661125548700766
192.93293293293294,0.6651915814809751
193.01301301301302,0.6642299627205541
193.0930930930931,0.6632738813259265
193.17317317317318,0.6621819839684457
193.25325325325326,0.6611100964157888
193.33333333333334,0.6601872873764384
193.41341341341342,0.6594370389843893
193.4934934934935,0.6588641524950151
193.57357357357358,0.6579267119455466
193.65365365365366,0.6570185898188775
193.73373373373374,0.6563631044650736
193.81381381381382,0.6561110620601944
193.8938938938939,0.6558013934618907
193.97397397397398,0.6553340784374964
194.05405405405406,0.6549520980174783
194.13413413413414,0.6545379616245998
194.21421421421422,0.653988958441547
194.2942942942943,0.6534583682664974
194.37437437437438,0.65338732120481
194.45445445445446,0.6534856888372736
194.53453453453454,0.6536359485886886
194.61461461461462,0.6534413289700236
194.6946946946947,0.6537222253592793
194.77477477477478,0.6539457890363799
194.85485485485486,0.6541317054199227
194.93493493493494,0.6536742919211419
195.01501501501502,0.6534150961922343
195.0950950950951,0.6530880965040834
195.17517517517518,0.6531350908565475
195.25525525525526,0.6532870634847134
195.33533533533534,0.6535322739107421
195.41541541541542,0.6539482851751769
195.4954954954955,0.6542850801841505
195.57557557557558,0.654500118372018
195.65565565565566,0.6544180448718131
195.73573573573574,0.6545704759422643
195.81581581581582,0.6548888669041293
195.8958958958959,0.6553519562757176
195.97597597597598,0.6557337562992905
196.05605605605606,0.6565529662072697
196.13613613613614,0.6575255867559252
196.21621621621622,0.658799075067823
196.2962962962963,0.6599115538658615
196.37637637637638,0.6613508443162344
196.45645645645646,0.6627990185571359
196.53653653653654,0.6644803457558898
196.61661661661662,0.6659081182872046
196.6966966966967,0.6676369317389358
196.77677677677679,0.6696784466172753
196.85685685685687,0.6721175942402672
196.93693693693695,0.6744606714066551
197.01701701701703,0.6768832627703254
197.0970970970971,0.679357933894888
197.17717717717719,0.6825510195945651
197.25725725725727,0.6858700841497848
197.33733733733735,0.6893408851695841
197.41741741741743,0.6926983757544379
197.4974974974975,0.6962390443296295
197.57757757757759,0.6997713821796321
197.65765765765767,0.7035008661062245
197.73773773773775,0.707538888962085
197.81781781781783,0.7119467142788828
197.8978978978979,0.7165153788432311
197.977977977978,0.7212574469866424
198.05805805805807,0.725961464982341
198.13813813813815,0.7304667373337114
198.21821821821823,0.7349109108590622
198.2982982982983,0.7396492042882581
198.3783783783784,0.7446062149244217
198.45845845845847,0.7497420355629462
198.53853853853855,0.7550822836310718
198.61861861861863,0.7604937022690548
198.6986986986987,0.7659520907857709
198.7787787787788,0.7712351963772981
198.85885885885887,0.7761350719825575
198.93893893893895,0.780798326559156
199.01901901901903,0.7853114739108703
199.0990990990991,0.7899964759726426
199.1791791791792,0.7941823950065566
199.25925925925927,0.7982556319350239
199.33933933933935,0.80176355693395
199.41941941941943,0.8054197123036853
199.4994994994995,0.8089301869094594
199.5795795795796,0.8126617689678446
199.65965965965967,0.8159446407011296
199.73973973973975,0.8188764028387178
199.81981981981983,0.8211927948776058
199.8998998998999,0.8228806025646214
199.97997997998,0.8242087684846235
200.06006006006007,0.8257724869398124
200.14014014014015,0.8273855897760319
200.22022022022023,0.8284783699737062
200.3003003003003,0.8288608769251136
200.3803803803804,0.8287691062711138
200.46046046046047,0.8285475235175331
200.54054054054055,0.8282566598512628
200.62062062062063,0.8276747695661285
200.7007007007007,0.8268099271148569
200.7807807807808,0.8250895281848704
200.86086086086087,0.8229098558516157
200.94094094094095,0.8205891510803158
201.02102102102103,0.8189661928067411
201.1011011011011,0.8171298969092369
201.1811811811812,0.8147039084730519
201.26126126126127,0.8114415788812069
201.34134134134135,0.8080863335743198
201.42142142142143,0.8050198909018883
201.5015015015015,0.8019050909750659
201.5815815815816,0.7988578229827044
201.66166166166167,0.795087942546647
201.74174174174175,0.7916032498905881
201.82182182182183,0.7876664760990544
201.9019019019019,0.7841744871103403
201.981981981982,0.7805875251563019
202.06206206206207,0.7777973205409985
202.14214214214215,0.7743825233082368
202.22222222222223,0.7708587104309725
202.3023023023023,0.766717108621456
202.3823823823824,0.7630671152143101
202.46246246246247,0.7596691781849579
202.54254254254255,0.7564084279751381
202.62262262262263,0.7531685981612766
202.7027027027027,0.749437225131069
202.7827827827828,0.7455538348425315
202.86286286286287,0.7418127153801869
202.94294294294295,0.7380519862928412
203.02302302302303,0.7351955141973695
203.1031031031031,0.7319874556865349
203.1831831831832,0.7288216452017725
203.26326326326327,0.7254799868361917
203.34334334334335,0.7223219670609027
203.42342342342343,0.7194151880025798
203.5035035035035,0.7167590555251787
203.5835835835836,0.7140651625561198
203.66366366366367,0.7115196474313636
203.74374374374375,0.7084657414575573
203.82382382382383,0.705661431010541
203.9039039039039,0.7031477898374455
203.983983983984,0.7010979243629073
204.06406406406407,0.6994248477488295
204.14414414414415,0.6973488013641383
204.22422422422423,0.6956922759578725
204.3043043043043,0.6937930488520879
204.3843843843844,0.6919664303172405
204.46446446446447,0.6904547455775233
204.54454454454455,0.6889099069699252
204.62462462462463,0.6880064705922412
204.7047047047047,0.6866685816356244
204.7847847847848,0.686003484656806
204.86486486486487,0.6847388270602657
204.94494494494495,0.6837650088385394
205.02502502502503,0.6827429793978422
205.1051051051051,0.6820163736000181
205.1851851851852,0.6816866395799082
205.26526526526527,0.6813314420422144
205.34534534534535,0.6811574931186339
205.42542542542543,0.680652525502334
205.5055055055055,0.6806275264302366
205.5855855855856,0.6800879542212642
205.66566566566567,0.6804652931905784
205.74574574574575,0.6801165815704657
205.82582582582583,0.6808704380929006
205.9059059059059,0.6804349564246659
205.985985985986,0.6815487599246868
206.06606606606607,0.6812938155206105
206.14614614614615,0.6823107608791182
206.22622622622623,0.6825788833979319
206.3063063063063,0.6842800562813065
206.3863863863864,0.6849419199752618
206.46646646646647,0.686162790094279
206.54654654654655,0.6864891634122883
206.62662662662663,0.6879631489775185
206.7067067067067,0.6886855799870379
206.7867867867868,0.6905473915273531
206.86686686686687,0.6909597944260772
206.94694694694695,0.6930946808201488
207.02702702702703,0.69395645277942
207.1071071071071,0.6962621559164885
207.1871871871872,0.6975079485614827
207.26726726726727,0.6996878138039065
207.34734734734735,0.7009174103330476
207.42742742742743,0.7031273872357595
207.5075075075075,0.7051801937120931
207.5875875875876,0.70759843184738
207.66766766766767,0.7091359599658922
207.74774774774775,0.711040272922848
207.82782782782783,0.7132683261225
207.9079079079079,0.7157438818292887
207.987987987988,0.7185656283514323
208.06806806806807,0.7207315868569283
208.14814814814815,0.7241466002540919
208.22822822822823,0.7263436289454896
208.3083083083083,0.7296098012196142
208.3883883883884,0.7314075009500453
208.46846846846847,0.7349397287425081
208.54854854854855,0.7367873212436084
208.62862862862863,0.7398394681506888
208.7087087087087,0.7422496286763581
208.7887887887888,0.7457870069422134
208.86886886886887,0.7485017723085642
208.94894894894895,0.7518720669130791
209.02902902902903,0.7544914545032234
209.1091091091091,0.7584261962576421
209.1891891891892,0.7611155954541128
209.26926926926927,0.7657184945511742
209.34934934934935,0.7681449643394234
209.42942942942943,0.7734371239315085
209.5095095095095,0.776087011123645
209.5895895895896,0.7813352315443401
209.66966966966967,0.7836793451893876
209.74974974974975,0.7889486251606237
209.82982982982983,0.7917614939264472
209.9099099099099,0.7970534494347935
209.98998998999,0.7999511807521178
210.07007007007007,0.8050152337810291
210.15015015015015,0.8085003875881986
210.23023023023023,0.8139472113721117
210.3103103103103,0.8168124738328104
210.3903903903904,0.8214633204672307
210.47047047047047,0.8244602052645688
210.55055055055055,0.8297764589614267
210.63063063063063,0.8331498522837821
210.7107107107107,0.8376283424312303
210.7907907907908,0.8404064266589157
210.87087087087087,0.8446124967004529
210.95095095095095,0.8475962997968411
211.03103103103103,0.8514453375960019
211.11111111111111,0.8542572007680875
211.1911911911912,0.858185145210732
211.27127127127127,0.8608347452343789
211.35135135135135,0.8640806732943156
211.43143143143143,0.8660341175258893
211.51151151151151,0.8682640217658366
211.5915915915916,0.8695183213447957
211.67167167167167,0.8714612873809195
211.75175175175175,0.8725964444729152
211.83183183183183,0.8739274790429441
211.91191191191191,0.8747705623470399
211.991991991992,0.8749800816434503
212.07207207207207,0.874950262253683
212.15215215215215,0.8742751243013827
212.23223223223223,0.8743280588763804
212.31231231231232,0.8729203253514333
212.3923923923924,0.872134164371028
212.47247247247248,0.869673712045686
212.55255255255256,0.8682694810398375
212.63263263263264,0.8659056380139105
212.71271271271272,0.8640724479367536
212.7927927927928,0.861215899079921
212.87287287287288,0.8584491133756492
212.95295295295296,0.8555874303095667
213.03303303303304,0.8526508249942639
213.11311311311312,0.8494732170353194
213.1931931931932,0.8461383006207166
213.27327327327328,0.8421608352431004
213.35335335335336,0.838566444240857
213.43343343343344,0.8344791630575197
213.51351351351352,0.8302420405987977
213.5935935935936,0.8259387834351577
213.67367367367368,0.8218256059010075
213.75375375375376,0.8180013578336601
213.83383383383384,0.813171501922344
213.91391391391392,0.808557598427058
213.993993993994,0.8043391389959895
214.07407407407408,0.8002456715487947
214.15415415415416,0.7963648231124594
214.23423423423424,0.7916639625295614
214.31431431431432,0.7881027426673284
214.3943943943944,0.7838047967258398
214.47447447447448,0.779213814762162
214.55455455455456,0.774352396505103
214.63463463463464,0.7696251097096263
214.71471471471472,0.7665559738037204
214.7947947947948,0.7622446470258868
214.87487487487488,0.7589792335355875
214.95495495495496,0.7548305884051381
215.03503503503504,0.7516926827905587
215.11511511511512,0.7480912102986264
215.1951951951952,0.7442403204525201
215.27527527527528,0.7406426592567985
215.35535535535536,0.7367510570663819
215.43543543543544,0.733839213149733
215.51551551551552,0.7306760352994665
215.5955955955956,0.7272527327326674
215.67567567567568,0.7240074487814039
215.75575575575576,0.7203964664203328
215.83583583583584,0.7177284671268964
215.91591591591592,0.71463121454108
215.995995995996,0.7124274204738903
216.07607607607608,0.7097128890199198
216.15615615615616,0.7073474639219571
216.23623623623624,0.7044136660849541
216.31631631631632,0.7021444311126198
216.3963963963964,0.699954933297076
216.47647647647648,0.6994781227576141
216.55655655655656,0.6969473004268072
216.63663663663664,0.6951331696768697
216.71671671671672,0.6920803595484154
216.7967967967968,0.6914957438309647
216.87687687687688,0.6904388149145041
216.95695695695696,0.690038693653149
217.03703703703704,0.6885796357286242
217.11711711711712,0.6877194057886751
217.1971971971972,0.6871660448962074
217.27727727727728,0.6866836066995456
217.35735735735736,0.6861817271269814
217.43743743743744,0.6860886829655685
217.51751751751752,0.6857566685616636
217.5975975975976,0.6861752556074668
217.67767767767768,0.6857753164132373
217.75775775775776,0.6862491134828118
217.83783783783784,0.6862601289837323
217.91791791791792,0.6868175595754576
217.997997997998,0.6870620184161873
218.07807807807808,0.6879853622988634
218.15815815815816,0.6893493486970775
218.23823823823824,0.6912572468433007
218.31831831831832,0.6921083224334679
218.3983983983984,0.6934806900972573
218.47847847847848,0.6941090752139532
218.55855855855856,0.695831435868101
218.63863863863864,0.6973417526270914
218.71871871871872,0.6992224690141264
218.7987987987988,0.7007838808202345
218.87887887887888,0.7025346686342506
218.95895895895896,0.7052572201878594
219.03903903903904,0.7075940628968189
219.11911911911912,0.70993172751186
219.1991991991992,0.7116571707227298
219.27927927927928,0.7130481657565338
219.35935935935936,0.7153814976217842
219.43943943943944,0.7188952886708153
219.51951951951952,0.7226678863134014
219.5995995995996,0.7268789591717864
219.67967967967968,0.7299497100235571
219.75975975975976,0.7338855944778508
219.83983983983984,0.7357533217964033
219.91991991991992,0.739439675349217
220.0,0.7419695986802047
