freq,trans_dB
140.0,-10.548073121834655
140.08008008008008,-10.476580233721423
140.16016016016016,-10.392523983954671
140.24024024024024,-10.223778340011716
140.32032032032032,-10.045836401312835
140.4004004004004,-9.854217604888285
140.48048048048048,-9.67000817353751
140.56056056056056,-9.496850371947655
140.64064064064064,-9.322876925605811
140.72072072072072,-9.139140912428141
140.8008008008008,-8.938625363426123
140.88088088088088,-8.754453715584532
140.96096096096096,-8.587940246785573
141.04104104104104,-8.420672671986436
141.12112112112112,-8.25764359888825
141.2012012012012,-8.073979638564696
141.28128128128128,-7.9166393824190475
141.36136136136136,-7.751444831756734
141.44144144144144,-7.605041309559324
141.52152152152152,-7.439463383379886
141.6016016016016,-7.298278066513235
141.68168168168168,-7.147702843795249
141.76176176176176,-7.027370145095867
141.84184184184184,-6.8876668035761375
141.92192192192192,-6.770154512580373
142.002002002002,-6.637543469743227
142.08208208208208,-6.534124142161775
142.16216216216216,-6.426662347248765
142.24224224224224,-6.338376161017691
142.32232232232232,-6.245885941134755
142.4024024024024,-6.174362973093696
142.48248248248248,-6.105664672562914
142.56256256256256,-6.040030880680003
142.64264264264264,-5.981483984492256
142.72272272272272,-5.9226104399888415
142.8028028028028,-5.892090258786578
142.88288288288288,-5.844909458962617
142.96296296296296,-5.827113183821343
143.04304304304304,-5.790984543751629
143.12312312312312,-5.790006657435372
143.2032032032032,-5.7574686134252975
143.28328328328328,-5.758246260273845
143.36336336336336,-5.734061593860063
143.44344344344344,-5.761149113901707
143.52352352352352,-5.750221926959335
143.6036036036036,-5.779621463706708
143.68368368368368,-5.774865731486015
143.76376376376376,-5.825229525733492
143.84384384384384,-5.845721192178409
143.92392392392392,-5.897367956957654
144.004004004004,-5.917144224113366
144.08408408408408,-5.971248768531268
144.16416416416416,-6.014606474215781
144.24424424424424,-6.084588963851133
144.32432432432432,-6.1437090593551495
144.4044044044044,-6.216008887604559
144.48448448448448,-6.284968894394423
144.56456456456456,-6.365327833006784
144.64464464464464,-6.446688559905457
144.72472472472472,-6.522975829705093
144.8048048048048,-6.613041555726603
144.88488488488488,-6.68040513310203
144.96496496496496,-6.779478861588424
145.04504504504504,-6.849545241384238
145.12512512512512,-6.962438585027929
145.2052052052052,-7.0353225564765225
145.28528528528528,-7.151719891412378
145.36536536536536,-7.232283341203015
145.44544544544544,-7.349604861671836
145.52552552552552,-7.432542696749961
145.6056056056056,-7.559108236804579
145.68568568568568,-7.6473072463231
145.76576576576576,-7.776230116625887
145.84584584584584,-7.853431853949808
145.92592592592592,-7.9801732504354685
146.006006006006,-8.067246484541634
146.08608608608608,-8.196354492490999
146.16616616616616,-8.274119050205329
146.24624624624624,-8.37897548099974
146.32632632632632,-8.453287076080368
146.4064064064064,-8.564691233258477
146.48648648648648,-8.664296470020641
146.56656656656656,-8.77626446461543
146.64664664664664,-8.87214119558508
146.72672672672672,-8.966961471264488
146.8068068068068,-9.062426537616524
146.88688688688688,-9.154696318031846
146.96696696696696,-9.257724681527343
147.04704704704704,-9.349428955249163
147.12712712712712,-9.452681781351279
147.2072072072072,-9.539292043246663
147.28728728728728,-9.637670275885055
147.36736736736736,-9.715550344362798
147.44744744744744,-9.812894094098615
147.52752752752752,-9.892629115036947
147.6076076076076,-9.989479511728296
147.68768768768768,-10.06839080615368
147.76776776776777,-10.165757278275422
147.84784784784785,-10.246937660821937
147.92792792792793,-10.335641406714494
148.008008008008,-10.398178478497782
148.08808808808809,-10.479202372457449
148.16816816816817,-10.536402737441495
148.24824824824825,-10.612212161391746
148.32832832832833,-10.661499956892177
148.4084084084084,-10.736399442686924
148.48848848848849,-10.79955918174267
148.56856856856857,-10.870019486136146
148.64864864864865,-10.918371098982428
148.72872872872873,-10.98147806561279
148.8088088088088,-11.044348461264256
148.88888888888889,-11.109712079031627
148.96896896896897,-11.151646764083887
149.04904904904905,-11.19366323448409
149.12912912912913,-11.217443803968445
149.2092092092092,-11.253087123071957
149.2892892892893,-11.273381959399261
149.36936936936937,-11.312107174054198
149.44944944944945,-11.349564176270974
149.52952952952953,-11.386661960932845
149.6096096096096,-11.405693640961852
149.6896896896897,-11.417379374286416
149.76976976976977,-11.436376312949788
149.84984984984985,-11.452196196063825
149.92992992992993,-11.454176277848264
150.01001001001,-11.428232364079854
150.0900900900901,-11.407915062962278
150.17017017017017,-11.380274191098994
150.25025025025025,-11.371980224781067
150.33033033033033,-11.348474488722914
150.4104104104104,-11.32686880445842
150.4904904904905,-11.29418349439948
150.57057057057057,-11.248008443744846
150.65065065065065,-11.190568976982995
150.73073073073073,-11.122235712411934
150.8108108108108,-11.051790983841913
150.8908908908909,-10.978935371902995
150.97097097097097,-10.890097998602005
151.05105105105105,-10.796381656686806
151.13113113113113,-10.690942420992918
151.2112112112112,-10.589022157547406
151.2912912912913,-10.46815072529041
151.37137137137137,-10.34439836193099
151.45145145145145,-10.224281880429691
151.53153153153153,-10.100477251119777
151.6116116116116,-9.97377909974599
151.6916916916917,-9.827678770782196
151.77177177177177,-9.676904369808046
151.85185185185185,-9.511687979560767
151.93193193193193,-9.354846021193184
152.012012012012,-9.19170202736242
152.0920920920921,-9.03277597620889
152.17217217217217,-8.862940884334376
152.25225225225225,-8.69673790624096
152.33233233233233,-8.521272401671737
152.4124124124124,-8.357368562672177
152.4924924924925,-8.188840365808971
152.57257257257257,-8.035159154516169
152.65265265265265,-7.862787247064665
152.73273273273273,-7.701479342587119
152.8128128128128,-7.532990705898552
152.8928928928929,-7.391168346864463
152.97297297297297,-7.235435554445222
153.05305305305305,-7.086798061330871
153.13313313313313,-6.9244644730474265
153.2132132132132,-6.789320367144404
153.2932932932933,-6.650596987846356
153.37337337337337,-6.523966032382108
153.45345345345345,-6.384702208252003
153.53353353353353,-6.262066890622164
153.6136136136136,-6.139285560380217
153.6936936936937,-6.02945559473004
153.77377377377377,-5.92271808907263
153.85385385385385,-5.8230117137347905
153.93393393393393,-5.7244586980801655
154.014014014014,-5.6179488075220645
154.0940940940941,-5.518946362154452
154.17417417417417,-5.4264623200523765
154.25425425425425,-5.352261779371659
154.33433433433433,-5.275212913314443
154.4144144144144,-5.202364224311384
154.4944944944945,-5.131523551049467
154.57457457457457,-5.075430382632113
154.65465465465465,-5.017231836385252
154.73473473473473,-4.964448796186671
154.8148148148148,-4.907290761905387
154.8948948948949,-4.857808786833801
154.97497497497497,-4.799259945646698
155.05505505505505,-4.750044011695417
155.13513513513513,-4.704447960149276
155.2152152152152,-4.68382095259037
155.2952952952953,-4.653322412979949
155.37537537537537,-4.632010758631426
155.45545545545545,-4.596527794323735
155.53553553553553,-4.579830728906094
155.6156156156156,-4.560784103674662
155.6956956956957,-4.553309891535373
155.77577577577577,-4.53615742548269
155.85585585585585,-4.526636636216821
155.93593593593593,-4.51641055805924
156.016016016016,-4.523432752708454
156.0960960960961,-4.534157822443698
156.17617617617617,-4.551365546232905
156.25625625625625,-4.563108110330529
156.33633633633633,-4.582948800838026
156.4164164164164,-4.602430321928462
156.4964964964965,-4.6320980176675866
156.57657657657657,-4.662175623266511
156.65665665665665,-4.698867056027597
156.73673673673673,-4.733763465867713
156.8168168168168,-4.771212989969267
156.8968968968969,-4.814025882558215
156.97697697697697,-4.861402431956256
157.05705705705705,-4.922931688461134
157.13713713713713,-4.983665884293726
157.2172172172172,-5.0504327651284875
157.2972972972973,-5.107248366825108
157.37737737737737,-5.17854060900319
157.45745745745745,-5.249340766405459
157.53753753753753,-5.330085002874516
157.6176176176176,-5.403523792951423
157.6976976976977,-5.483191798966006
157.77777777777777,-5.562422792234902
157.85785785785785,-5.657222580282009
157.93793793793793,-5.74568583850149
158.018018018018,-5.844543983276392
158.0980980980981,-5.929217384194088
158.17817817817817,-6.026638570991681
158.25825825825825,-6.1123767805734275
158.33833833833833,-6.2126190736916875
158.4184184184184,-6.307525861908432
158.4984984984985,-6.411862776051839
158.57857857857857,-6.5180926252575215
158.65865865865865,-6.628153875892984
158.73873873873873,-6.731700049430619
158.8188188188188,-6.8393101410389825
158.8988988988989,-6.947339611413749
158.97897897897897,-7.0586021890869
159.05905905905905,-7.164391455109803
159.13913913913913,-7.260915334466489
159.2192192192192,-7.364425948417606
159.2992992992993,-7.460961308752412
159.37937937937937,-7.567265133563829
159.45945945945945,-7.657416369682677
159.53953953953953,-7.758982578959157
159.6196196196196,-7.855195831431343
159.6996996996997,-7.961045403135538
159.77977977977977,-8.056971730635134
159.85985985985985,-8.14464879568054
159.93993993993993,-8.229765484315399
160.02002002002,-8.318144724498836
160.1001001001001,-8.407096606039323
160.18018018018017,-8.500026009008138
160.26026026026025,-8.580920282472162
160.34034034034033,-8.665156363415628
160.4204204204204,-8.748635803453295
160.5005005005005,-8.839486693410876
160.58058058058057,-8.933644335558023
160.66066066066065,-9.011487487170182
160.74074074074073,-9.085879997594185
160.8208208208208,-9.148811116983829
160.9009009009009,-9.21670603061043
160.98098098098097,-9.27508505296423
161.06106106106105,-9.336818598955006
161.14114114114113,-9.392105382236686
161.2212212212212,-9.44816061635999
161.3013013013013,-9.489266351747807
161.38138138138137,-9.5269272123254
161.46146146146145,-9.555873590909796
161.54154154154153,-9.582861088001119
161.6216216216216,-9.600331542113645
161.7017017017017,-9.616754525530059
161.78178178178177,-9.630203736380773
161.86186186186185,-9.648221489204053
161.94194194194193,-9.656811506458986
162.022022022022,-9.654451844737375
162.1021021021021,-9.651089419702522
162.18218218218217,-9.642396201513504
162.26226226226225,-9.631707287013931
162.34234234234233,-9.607405372549994
162.42242242242241,-9.57708817114492
162.5025025025025,-9.547259714583552
162.58258258258257,-9.512147677630267
162.66266266266265,-9.470392628169412
162.74274274274273,-9.419031929591466
162.82282282282281,-9.35463360565287
162.9029029029029,-9.279422580921072
162.98298298298297,-9.187824871979359
163.06306306306305,-9.091068757771591
163.14314314314313,-8.986518916142398
163.22322322322321,-8.886413706304213
163.3033033033033,-8.779257604962442
163.38338338338338,-8.671024133057113
163.46346346346346,-8.561161478499397
163.54354354354354,-8.449257411838826
163.62362362362362,-8.331963161958997
163.7037037037037,-8.199622742696858
163.78378378378378,-8.067633021256283
163.86386386386386,-7.929864636669656
163.94394394394394,-7.794965540230969
164.02402402402402,-7.65735895711091
164.1041041041041,-7.522881857189756
164.18418418418418,-7.388206370920904
164.26426426426426,-7.253029485272094
164.34434434434434,-7.115905032070054
164.42442442442442,-6.987077683479557
164.5045045045045,-6.856605089507581
164.58458458458458,-6.728321189988838
164.66466466466466,-6.593931732113223
164.74474474474474,-6.468701702235667
164.82482482482482,-6.34090201823961
164.9049049049049,-6.2167921399351
164.98498498498498,-6.0967627238066235
165.06506506506506,-5.991817332566637
165.14514514514514,-5.893322745045758
165.22522522522522,-5.796836478769953
165.3053053053053,-5.70018254018057
165.38538538538538,-5.6178481643770475
165.46546546546546,-5.53646984044162
165.54554554554554,-5.451543451468874
165.62562562562562,-5.357601307349703
165.7057057057057,-5.2726125774121195
165.78578578578578,-5.202190929229189
165.86586586586586,-5.134977458799869
165.94594594594594,-5.06869014844278
166.02602602602602,-4.999127118209564
166.1061061061061,-4.9325328765365395
166.18618618618618,-4.873177049038895
166.26626626626626,-4.817360067871084
166.34634634634634,-4.763746237906684
166.42642642642642,-4.708744781870464
166.5065065065065,-4.652287334108531
166.58658658658658,-4.60253637431079
166.66666666666666,-4.549249027851272
166.74674674674674,-4.506856498080873
166.82682682682682,-4.461307841986455
166.9069069069069,-4.4322097286743025
166.98698698698698,-4.396612367503256
167.06706706706706,-4.363986550139121
167.14714714714714,-4.31732539213519
167.22722722722722,-4.2824279872259385
167.3073073073073,-4.24700576822954
167.38738738738738,-4.220874787646532
167.46746746746746,-4.183245212360777
167.54754754754754,-4.153183980788283
167.62762762762762,-4.1160835626818235
167.7077077077077,-4.093757938088913
167.78778778778778,-4.063616566087689
167.86786786786786,-4.0398550159345765
167.94794794794794,-4.007603934840012
168.02802802802802,-3.9848805199765844
168.1081081081081,-3.9624284279039204
168.18818818818818,-3.9452840899180655
168.26826826826826,-3.924861249656688
168.34834834834834,-3.908639898383698
168.42842842842842,-3.895347022016317
168.5085085085085,-3.8880280835061725
168.58858858858858,-3.87958007259552
168.66866866866866,-3.872420658727378
168.74874874874874,-3.865014224441567
168.82882882882882,-3.8580258982898292
168.9089089089089,-3.8516218627437535
168.98898898898898,-3.847961500581975
169.06906906906906,-3.85491349268616
169.14914914914914,-3.8627196119426648
169.22922922922922,-3.876471918423696
169.3093093093093,-3.884327329202963
169.38938938938938,-3.906157294867895
169.46946946946946,-3.9295741077354633
169.54954954954954,-3.960531451695178
169.62962962962962,-3.9810833303047
169.7097097097097,-4.012016347010239
169.78978978978978,-4.044871259916102
169.86986986986986,-4.091894450132829
169.94994994994994,-4.133876269205093
170.03003003003002,-4.186291340474196
170.1101101101101,-4.236612654652647
170.19019019019018,-4.297273147646997
170.27027027027026,-4.352498077759108
170.35035035035034,-4.414783875265068
170.43043043043042,-4.473763770344439
170.5105105105105,-4.545405980685895
170.59059059059058,-4.613948002739299
170.67067067067066,-4.688634898218057
170.75075075075074,-4.75847775426839
170.83083083083082,-4.833374106068611
170.9109109109109,-4.9119035081765
170.99099099099098,-4.998889939898412
171.07107107107106,-5.083938363248749
171.15115115115114,-5.170940641329512
171.23123123123122,-5.253457539766845
171.3113113113113,-5.339856445129526
171.39139139139138,-5.427103724716297
171.47147147147146,-5.520171489128819
171.55155155155154,-5.612857787759993
171.63163163163162,-5.705853242639514
171.7117117117117,-5.79607915804888
171.79179179179178,-5.88681732838413
171.87187187187186,-5.981601883144633
171.95195195195194,-6.074146905540385
172.03203203203202,-6.164753097508949
172.11211211211213,-6.248339601334678
172.19219219219218,-6.335043332663672
172.2722722722723,-6.421181073377077
172.35235235235234,-6.510205575147591
172.43243243243245,-6.594632590082096
172.5125125125125,-6.684939393730776
172.5925925925926,-6.76554287119781
172.67267267267266,-6.846466800747699
172.75275275275277,-6.9212537251574435
172.83283283283282,-7.000344622105079
172.91291291291293,-7.067507345513607
172.99299299299298,-7.134044940241362
173.0730730730731,-7.200485179832916
173.15315315315314,-7.275494403942248
173.23323323323325,-7.340071075840483
173.3133133133133,-7.395141319433184
173.3933933933934,-7.44270509852688
173.47347347347346,-7.495037572746014
173.55355355355357,-7.5356118768205915
173.63363363363362,-7.569749824368406
173.71371371371373,-7.589190989491407
173.79379379379378,-7.6120583671433035
173.8738738738739,-7.62829668063463
173.95395395395394,-7.639428207462942
174.03403403403405,-7.642996835333829
174.1141141141141,-7.653348070901233
174.1941941941942,-7.665509523024111
174.27427427427426,-7.668412841431911
174.35435435435437,-7.657892116019008
174.43443443443442,-7.643439138913792
174.51451451451453,-7.622347778193813
174.59459459459458,-7.594464783026598
174.6746746746747,-7.554682123342551
174.75475475475474,-7.51249146020533
174.83483483483485,-7.467260273951041
174.9149149149149,-7.416823270681179
174.994994994995,-7.36318320619724
175.07507507507506,-7.30281373054229
175.15515515515517,-7.243264815094556
175.23523523523522,-7.167884815920883
175.31531531531533,-7.082293331598488
175.39539539539538,-6.982097247109574
175.4754754754755,-6.888429697577528
175.55555555555554,-6.7994022876776725
175.63563563563565,-6.717190342220025
175.7157157157157,-6.629465508306873
175.7957957957958,-6.5361681591272065
175.87587587587586,-6.44194100725534
175.95595595595597,-6.34828939494323
176.03603603603602,-6.249559649337168
176.11611611611613,-6.1501547466349615
176.19619619619618,-6.05087230229866
176.2762762762763,-5.956284676509079
176.35635635635634,-5.8593122226920205
176.43643643643645,-5.7653027942763355
176.5165165165165,-5.678060824695823
176.5965965965966,-5.597031432790737
176.67667667667666,-5.515482295805035
176.75675675675677,-5.430895232707576
176.83683683683682,-5.350068445752317
176.91691691691693,-5.27653531205638
176.99699699699698,-5.205256248232882
177.0770770770771,-5.134713024475806
177.15715715715714,-5.064060785064012
177.23723723723725,-4.999355055831298
177.3173173173173,-4.940662528314356
177.3973973973974,-4.8902729069797735
177.47747747747746,-4.843476165602868
177.55755755755757,-4.799126294098651
177.63763763763762,-4.755776859119796
177.71771771771773,-4.712708029690413
177.79779779779778,-4.672305114875762
177.8778778778779,-4.6341862423099975
177.95795795795794,-4.598953760991558
178.03803803803805,-4.563527387780128
178.1181181181181,-4.531664996881366
178.1981981981982,-4.504247287226275
178.27827827827826,-4.477509259179561
178.35835835835837,-4.4458901556432275
178.43843843843842,-4.4114455948624345
178.51851851851853,-4.382044214560374
178.59859859859858,-4.362472545967917
178.6786786786787,-4.343828975040827
178.75875875875874,-4.319271338115216
178.83883883883885,-4.288992272888521
178.9189189189189,-4.259605564879557
178.998998998999,-4.234216218290937
179.07907907907907,-4.208879323523305
179.15915915915917,-4.185616663197208
179.23923923923923,-4.1673549068570255
179.31931931931933,-4.149083963090353
179.39939939939939,-4.122565047353289
179.4794794794795,-4.087705648535596
179.55955955955955,-4.056766446029235
179.63963963963965,-4.036455494050076
179.7197197197197,-4.018141474555356
179.7997997997998,-3.9918458623809103
179.87987987987987,-3.9601440135168655
179.95995995995997,-3.9301583086257383
180.04004004004003,-3.9038948036891137
180.12012012012013,-3.876913963994975
180.2002002002002,-3.850563483156215
180.2802802802803,-3.823924435850213
180.36036036036035,-3.798330301189657
180.44044044044045,-3.7700296976428453
180.5205205205205,-3.7402877342502845
180.60060060060061,-3.712895505555549
180.68068068068067,-3.6883577610289526
180.76076076076077,-3.6656291792483526
180.84084084084083,-3.6378332338951487
180.92092092092093,-3.6055456607102063
181.001001001001,-3.5768421985011987
181.0810810810811,-3.5565060933807144
181.16116116116115,-3.5414112447496153
181.24124124124126,-3.520411650885436
181.3213213213213,-3.494047421862824
181.40140140140142,-3.467627702046332
181.48148148148147,-3.4490764806976704
181.56156156156158,-3.436240214990447
181.64164164164163,-3.424897679848533
181.72172172172174,-3.4154284434186972
181.8018018018018,-3.4063954897816693
181.8818818818819,-3.398412236408645
181.96196196196195,-3.3907023776263574
182.04204204204206,-3.3887187847398157
182.1221221221221,-3.3919914062988545
182.20220220220222,-3.3970363615944494
182.28228228228227,-3.402942351603258
182.36236236236238,-3.4110448427570055
182.44244244244243,-3.4233260302501063
182.52252252252254,-3.438335530587697
182.6026026026026,-3.454471747849061
182.6826826826827,-3.474395308069399
182.76276276276275,-3.498896640629657
182.84284284284286,-3.5293919068042876
182.9229229229229,-3.5632253209624554
183.00300300300302,-3.5978851841074424
183.08308308308307,-3.6320430696203276
183.16316316316318,-3.6677469254483768
183.24324324324323,-3.7057162271035233
183.32332332332334,-3.7510762090572873
183.4034034034034,-3.8014082609447057
183.4834834834835,-3.854916498488062
183.56356356356355,-3.9061345713604
183.64364364364366,-3.960337791428581
183.7237237237237,-4.018846782498929
183.80380380380382,-4.078493147456632
183.88388388388387,-4.138171721704893
183.96396396396398,-4.1997923300591475
184.04404404404403,-4.267001415409047
184.12412412412414,-4.334491309174134
184.2042042042042,-4.402574580144015
184.2842842842843,-4.471551661778097
184.36436436436435,-4.543020208965603
184.44444444444446,-4.610702812065487
184.5245245245245,-4.676646702581074
184.60460460460462,-4.74031145701554
184.68468468468467,-4.807468060611469
184.76476476476478,-4.874743618580714
184.84484484484483,-4.943831590462564
184.92492492492494,-5.007739798553941
185.005005005005,-5.070356763471083
185.0850850850851,-5.130398987161531
185.16516516516515,-5.194845653538639
185.24524524524526,-5.2574318928913275
185.3253253253253,-5.317943736730066
185.40540540540542,-5.367011170671326
185.48548548548547,-5.414872201492462
185.56556556556558,-5.460273274502083
185.64564564564563,-5.504991449861225
185.72572572572574,-5.545797419357465
185.8058058058058,-5.584106011214949
185.8858858858859,-5.621029068958972
185.96596596596595,-5.654258448423822
186.04604604604606,-5.68117735960075
186.1261261261261,-5.697742581750615
186.20620620620622,-5.707018112611879
186.28628628628627,-5.70967647683947
186.36636636636638,-5.711274547291059
186.44644644644643,-5.708394447419443
186.52652652652654,-5.701827765015408
186.6066066066066,-5.691250540888029
186.6866866866867,-5.679451050120876
186.76676676676675,-5.663143398659062
186.84684684684686,-5.6384174674580265
186.9269269269269,-5.604251160938547
187.00700700700702,-5.570094739961061
187.08708708708707,-5.5368479994258575
187.16716716716718,-5.500578906916912
187.24724724724723,-5.453944561964886
187.32732732732734,-5.402903729848499
187.4074074074074,-5.353503801527845
187.4874874874875,-5.305058051437358
187.56756756756755,-5.25469229096637
187.64764764764766,-5.200611350345099
187.7277277277277,-5.147615744174738
187.80780780780782,-5.091339593743824
187.88788788788787,-5.03188939955776
187.96796796796798,-4.973269391578903
188.04804804804803,-4.917707672496433
188.12812812812814,-4.863181179440419
188.2082082082082,-4.80804906300403
188.2882882882883,-4.755603536313704
188.36836836836835,-4.711365479931499
188.44844844844846,-4.665539361897774
188.5285285285285,-4.618509736351773
188.60860860860862,-4.568137099925405
188.68868868868867,-4.523821233607729
188.76876876876878,-4.485725154727056
188.84884884884883,-4.4480312592405635
188.92892892892894,-4.415972177724265
189.009009009009,-4.38651983527228
189.0890890890891,-4.365442720229387
189.16916916916915,-4.34260220781802
189.24924924924926,-4.3176307547312
189.3293293293293,-4.290640980647179
189.40940940940942,-4.268053874492435
189.48948948948947,-4.252871622773365
189.56956956956958,-4.239645566729184
189.64964964964963,-4.224332191567158
189.72972972972974,-4.2117416238620144
189.8098098098098,-4.203014746700447
189.8898898898899,-4.199288147795671
189.96996996996995,-4.19281130523555
190.05005005005006,-4.184670819563457
190.1301301301301,-4.184078377829693
190.21021021021022,-4.186017899387144
190.29029029029027,-4.186254635423502
190.37037037037038,-4.176554168554488
190.45045045045043,-4.165361194710102
190.53053053053054,-4.158577929599942
190.6106106106106,-4.158177524577238
190.6906906906907,-4.160504388430978
190.77077077077075,-4.160361051105309
190.85085085085086,-4.157475674505495
190.9309309309309,-4.152449121661343
191.01101101101102,-4.143283374219821
191.09109109109107,-4.134222484148495
191.17117117117118,-4.12364978450023
191.25125125125123,-4.122783868968848
191.33133133133134,-4.1177112681033705
191.41141141141142,-4.108993632753629
191.4914914914915,-4.092553334171185
191.57157157157158,-4.08011303197744
191.65165165165166,-4.07353991869585
191.73173173173174,-4.066239770336347
191.81181181181182,-4.047924896118577
191.8918918918919,-4.026046857541995
191.97197197197198,-4.004496896213009
192.05205205205206,-3.993115670909783
192.13213213213214,-3.980839797088838
192.21221221221222,-3.962150693820591
192.2922922922923,-3.935507173150995
192.37237237237238,-3.9124885626238246
192.45245245245246,-3.8940768120702196
192.53253253253254,-3.8769392399035314
192.61261261261262,-3.8558409077583873
192.6926926926927,-3.832318581868528
192.77277277277278,-3.807740503448904
192.85285285285286,-3.777849711735667
192.93293293293294,-3.7445512872479836
193.01301301301302,-3.7105330131325283
193.0930930930931,-3.683273252439129
193.17317317317318,-3.656797729970133
193.25325325325326,-3.6282384625052093
193.33333333333334,-3.5942475534145086
193.41341341341342,-3.5631001250663354
193.4934934934935,-3.533486359546229
193.57357357357358,-3.5026682070172352
193.65365365365366,-3.4675168916889003
193.73373373373374,-3.43218360332749
193.81381381381382,-3.402049857052531
193.8938938938939,-3.3750945826865353
193.97397397397398,-3.3458863016012472
194.05405405405406,-3.311558527545909
194.13413413413414,-3.279646763263499
194.21421421421422,-3.25030567835798
194.2942942942943,-3.225983496302425
194.37437437437438,-3.1980253584211322
194.45445445445446,-3.1701406439131876
194.53453453453454,-3.1436540750170447
194.61461461461462,-3.1205137043559494
194.6946946946947,-3.0966513458673735
194.77477477477478,-3.0730265651314648
194.85485485485486,-3.0560386797756784
194.93493493493494,-3.041711193372858
195.01501501501502,-3.028733445015287
195.0950950950951,-3.0133784038901075
195.17517517517518,-3.003131919073016
195.25525525525526,-2.997268353315315
195.33533533533534,-2.9929362023063972
195.41541541541542,-2.9857827818063574
195.4954954954955,-2.9811148291527934
195.57557557557558,-2.982337259332652
195.65565565565566,-2.9884659795561412
195.73573573573574,-2.992963109509032
195.81581581581582,-2.9990852728525863
195.8958958958959,-3.009910136005087
195.97597597597598,-3.025771824532114
196.05605605605606,-3.040853523076671
196.13613613613614,-3.0550590985644335
196.21621621621622,-3.069970909006756
196.2962962962963,-3.0922824071880424
196.37637637637638,-3.1145345149854857
196.45645645645646,-3.1413943398812227
196.53653653653654,-3.1642638138793697
196.61661661661662,-3.200433882795315
196.6966966966967,-3.235012026684293
196.77677677677679,-3.2734912534119376
196.85685685685687,-3.3026758772348117
196.93693693693695,-3.337748378143076
197.01701701701703,-3.374648985805174
197.0970970970971,-3.413437701370258
197.17717717717719,-3.449111930322965
197.25725725725727,-3.4835914815157394
197.33733733733735,-3.52316498014673
197.41741741741743,-3.5587771874697856
197.4974974974975,-3.59355604889665
197.57757757757759,-3.627848026544823
197.65765765765767,-3.663287776407708
197.73773773773775,-3.6974134386517497
197.81781781781783,-3.723632204923214
197.8978978978979,-3.7482319856256536
197.977977977978,-3.771851555709901
198.05805805805807,-3.8008005520139467
198.13813813813815,-3.827337585614255
198.21821821821823,-3.849636318445198
198.2982982982983,-3.864605573014209
198.3783783783784,-3.881010541509393
198.45845845845847,-3.8947774488109843
198.53853853853855,-3.904132659875614
198.61861861861863,-3.9065904785476064
198.6986986986987,-3.909590271792512
198.7787787787788,-3.9089043726788355
198.85885885885887,-3.9075063964453016
198.93893893893895,-3.900804178282316
199.01901901901903,-3.8955724731275114
199.0990990990991,-3.8878225605410193
199.1791791791792,-3.8780021509742104
199.25925925925927,-3.862238569885626
199.33933933933935,-3.848590732517587
199.41941941941943,-3.8350614397722054
199.4994994994995,-3.822777422158202
199.5795795795796,-3.802398666719783
199.65965965965967,-3.7819736206523205
199.73973973973975,-3.7577963941872117
199.81981981981983,-3.7398387495365286
199.8998998998999,-3.7210075214426004
199.97997997998,-3.709370705520345
200.06006006006007,-3.69433331590608
200.14014014014015,-3.6809611223895433
200.22022022022023,-3.6648951435668855
200.3003003003003,-3.6556230413628366
200.3803803803804,-3.6434373818025083
200.46046046046047,-3.631944267025684
200.54054054054055,-3.617104425034539
200.62062062062063,-3.609599016104968
200.7007007007007,-3.603309102505116
200.7807807807808,-3.6069917371986673
200.86086086086087,-3.6130429846646357
200.94094094094095,-3.6181483308449223
201.02102102102103,-3.620674239970379
201.1011011011011,-3.625312039470324
201.1811811811812,-3.6358947502370045
201.26126126126127,-3.6465556131821115
201.34134134134135,-3.6580014697622834
201.42142142142143,-3.6740687101924165
201.5015015015015,-3.692313397984258
201.5815815815816,-3.7105679942282506
201.66166166166167,-3.7244145748082214
201.74174174174175,-3.7397630700605022
201.82182182182183,-3.7607853945424066
201.9019019019019,-3.7814576534665973
201.981981981982,-3.800934529426255
202.06206206206207,-3.812380018594188
202.14214214214215,-3.8320880803268325
202.22222222222223,-3.845651237845055
202.3023023023023,-3.870068095308887
202.3823823823824,-3.8845713930521995
202.46246246246247,-3.906177623262249
202.54254254254255,-3.9191375954710614
202.62262262262263,-3.9364581607700386
202.7027027027027,-3.951260777493101
202.7827827827828,-3.972354275649206
202.86286286286287,-3.9879602111773766
202.94294294294295,-4.008339371239103
203.02302302302303,-4.017944410512102
203.1031031031031,-4.029050894613437
203.1831831831832,-4.034082063871681
203.26326326326327,-4.046900897086932
203.34334334334335,-4.058631760530755
203.42342342342343,-4.0697669868551785
203.5035035035035,-4.074944856245822
203.5835835835836,-4.084807510425501
203.66366366366367,-4.085525658061852
203.74374374374375,-4.089637638064476
203.82382382382383,-4.084450989651554
203.9039039039039,-4.087812098419707
203.983983983984,-4.083047670254352
204.06406406406407,-4.079239072784688
204.14414414414415,-4.069974545336276
204.22422422422423,-4.067113684188326
204.3043043043043,-4.058243722735763
204.3843843843844,-4.051683574752536
204.46446446446447,-4.036942480628527
204.54454454454455,-4.03266910167005
204.62462462462463,-4.016493382118958
204.7047047047047,-3.9980681536228238
204.7847847847848,-3.9752423925654816
204.86486486486487,-3.9614009046887757
204.94494494494495,-3.946100306271842
205.02502502502503,-3.9295945760062607
205.1051051051051,-3.912060782832984
205.1851851851852,-3.893414443475937
205.26526526526527,-3.871422884523031
205.34534534534535,-3.839988648407036
205.42542542542543,-3.8148581266494035
205.5055055055055,-3.786908660045401
205.5855855855856,-3.760937460685185
205.66566566566567,-3.7226957352723344
205.74574574574575,-3.693854056762332
205.82582582582583,-3.660398619674371
205.9059059059059,-3.6308275026132537
205.985985985986,-3.5892282771634516
206.06606606606607,-3.5584194140571146
206.14614614614615,-3.5195386898163834
206.22622622622623,-3.487307721782259
206.3063063063063,-3.437524786723645
206.3863863863864,-3.404185061988018
206.46646646646647,-3.353588309068104
206.54654654654655,-3.3208317118737125
206.62662662662663,-3.2691927100759446
206.7067067067067,-3.2417645822087855
206.7867867867868,-3.19685032117833
206.86686686686687,-3.1671553992354995
206.94694694694695,-3.1213130417177295
207.02702702702703,-3.0882342443467086
207.1071071071071,-3.0335439312167654
207.1871871871872,-2.991941226538005
207.26726726726727,-2.9484154882771305
207.34734734734735,-2.918145499132953
207.42742742742743,-2.8698544882859855
207.5075075075075,-2.8288660283530263
207.5875875875876,-2.791074264049898
207.66766766766767,-2.7645460890274554
207.74774774774775,-2.7286269662463876
207.82782782782783,-2.6900870015888545
207.9079079079079,-2.6561578177965717
207.987987987988,-2.629647149005342
208.06806806806807,-2.5988499391042414
208.14814814814815,-2.565644775877382
208.22822822822823,-2.5332316983184335
208.3083083083083,-2.508236803068431
208.3883883883884,-2.479481853185361
208.46846846846847,-2.4471147303890675
208.54854854854855,-2.4262771536057226
208.62862862862863,-2.411418748726311
208.7087087087087,-2.4054233304545916
208.7887887887888,-2.382058103356592
208.86886886886887,-2.36943207505438
208.94894894894895,-2.3518004065151903
209.02902902902903,-2.3536519373362417
209.1091091091091,-2.3372496712313304
209.1891891891892,-2.3288235255773904
209.26926926926927,-2.3163200290581885
209.34934934934935,-2.322539733974022
209.42942942942943,-2.315948480940196
209.5095095095095,-2.316789346325389
209.5895895895896,-2.3070803985052586
209.66966966966967,-2.3185488183991345
209.74974974974975,-2.3174834930540245
209.82982982982983,-2.328279216263075
209.9099099099099,-2.320243531485673
209.98998998999,-2.335395015781961
210.07007007007007,-2.337187266856593
210.15015015015015,-2.347111173286883
210.23023023023023,-2.3396851879333638
210.3103103103103,-2.3488912876700336
210.3903903903904,-2.35766952922175
210.47047047047047,-2.373846873483059
210.55055055055055,-2.3746131181901964
210.63063063063063,-2.3836191307175856
210.7107107107107,-2.386570730827297
210.7907907907908,-2.398744131598622
210.87087087087087,-2.396866441198852
210.95095095095095,-2.407203052988428
211.03103103103103,-2.414121642890826
211.11111111111111,-2.4271892232511307
211.1911911911912,-2.4253387316417334
211.27127127127127,-2.4228606981912297
211.35135135135135,-2.431761478316601
211.43143143143143,-2.446029345107188
211.51151151151151,-2.4652555839915706
211.5915915915916,-2.4698094515554314
211.67167167167167,-2.478740785781786
211.75175175175175,-2.4894904072384425
211.83183183183183,-2.5079896316877828
211.91191191191191,-2.514148570688002
211.991991991992,-2.533234845293249
212.07207207207207,-2.5427677973641334
212.15215215215215,-2.5759263975458313
212.23223223223223,-2.5856757571959967
212.31231231231232,-2.6134485370970775
212.3923923923924,-2.629134200648456
212.47247247247248,-2.661803600606643
212.55255255255256,-2.681968604043553
212.63263263263264,-2.7117546173441194
212.71271271271272,-2.7293221581708504
212.7927927927928,-2.769313892967396
212.87287287287288,-2.7985200759088893
212.95295295295296,-2.842202109576509
213.03303303303304,-2.8634093112392978
213.11311311311312,-2.8968280950297487
213.1931931931932,-2.9258716737253434
213.27327327327328,-2.9690454274539904
213.35335335335336,-3.0159103329631543
213.43343343343344,-3.0637102031544043
213.51351351351352,-3.1107023105878038
213.5935935935936,-3.1500115287803707
213.67367367367368,-3.177296371894965
213.75375375375376,-3.2124525259514023
213.83383383383384,-3.2534721962404767
213.91391391391392,-3.3024206016138677
213.993993993994,-3.3463944400130847
214.07407407407408,-3.380364371870715
214.15415415415416,-3.427715668302325
214.23423423423424,-3.4668912200433084
214.31431431431432,-3.5036592658468684
214.3943943943944,-3.5383324131195732
214.47447447447448,-3.57689724427911
214.55455455455456,-3.629499616412404
214.63463463463464,-3.665701174355364
214.71471471471472,-3.6985236879036236
214.7947947947948,-3.7280900027566917
214.87487487487488,-3.7628384511605577
214.95495495495496,-3.7987729395830763
215.03503503503504,-3.8242421348067883
215.11511511511512,-3.861430189412855
215.1951951951952,-3.883756650377145
215.27527527527528,-3.917975798016404
215.35535535535536,-3.9415314760556694
215.43543543543544,-3.978399557132256
215.51551551551552,-4.002730085853629
215.5955955955956,-4.023434849615501
215.67567567567568,-4.0350362219476565
215.75575575575576,-4.055266679574013
215.83583583583584,-4.068168308442952
215.91591591591592,-4.094710156413238
215.995995995996,-4.100733172425942
216.07607607607608,-4.110646350626037
216.15615615615616,-4.09967151431406
216.23623623623624,-4.110669370027416
216.31631631631632,-4.118522047281265
216.3963963963964,-4.128731579522142
216.47647647647648,-4.128719325253245
216.55655655655656,-4.132786650036817
216.63663663663664,-4.1281869645448594
216.71671671671672,-4.13039073628865
216.7967967967968,-4.118932803459492
216.87687687687688,-4.127204644161432
216.95695695695696,-4.114846891401303
217.03703703703704,-4.115313390121813
217.11711711711712,-4.09056426069005
217.1971971971972,-4.081456764086655
217.27727727727728,-4.066451765839967
217.35735735735736,-4.061508566722531
217.43743743743744,-4.036427754994909
217.51751751751752,-4.01934482933443
217.5975975975976,-3.9970533562236024
217.67767767767768,-3.99281673881783
217.75775775775776,-3.9645145902296104
217.83783783783784,-3.9515147356861466
217.91791791791792,-3.912682791629079
217.997997997998,-3.894555880591757
218.07807807807808,-3.856203157526925
218.15815815815816,-3.826872311944668
218.23823823823824,-3.7906172072288555
218.31831831831832,-3.7569565695242124
218.3983983983984,-3.726206134814493
218.47847847847848,-3.6931875826913383
218.55855855855856,-3.654083585514248
218.63863863863864,-3.6186128193247766
218.71871871871872,-3.5799470214002933
218.7987987987988,-3.543005434600001
218.87887887887888,-3.4813602681721187
218.95895895895896,-3.434604215915482
219.03903903903904,-3.396408488282405
219.11911911911912,-3.3756525590229978
219.1991991991992,-3.3293245429675924
219.27927927927928,-3.2582474016179925
219.35935935935936,-3.19398381543951
219.43943943943944,-3.1520625767107395
219.51951951951952,-3.123923872177729
219.5995995995996,-3.096664728758035
219.67967967967968,-3.0453944261601595
219.75975975975976,-2.999907061133506
219.83983983983984,-2.931376490483392
219.91991991991992,-2.8703330721658737
220.0,-2.805245526960667
