freq,trans_dB
140.0,-10.527562448334656
140.08008008008008,-10.468200161948294
140.16016016016016,-10.414443785296843
140.24024024024024,-10.287185519155837
140.32032032032032,-10.146084839014218
140.4004004004004,-9.980711476362929
140.48048048048048,-9.811765443970758
140.56056056056056,-9.663688790995106
140.64064064064064,-9.517884173450526
140.72072072072072,-9.37402418933434
140.8008008008008,-9.206107793875798
140.88088088088088,-9.05106027679043
140.96096096096096,-8.905720152469248
141.04104104104104,-8.756304572985968
141.12112112112112,-8.608765072409343
141.2012012012012,-8.439241100845516
141.28128128128128,-8.297806575933397
141.36136136136136,-8.141998382712288
141.44144144144144,-8.008471276151727
141.52152152152152,-7.853744319826684
141.6016016016016,-7.731007749241027
141.68168168168168,-7.599943599962371
141.76176176176176,-7.491965961891322
141.84184184184184,-7.353434271002317
141.92192192192192,-7.233575825676651
142.002002002002,-7.101543135395847
142.08208208208208,-7.006047267676118
142.16216216216216,-6.89938599786611
142.24224224224224,-6.8192038112455
142.32232232232232,-6.722090885338883
142.4024024024024,-6.649312010799163
142.48248248248248,-6.574333090131645
142.56256256256256,-6.5056030509111995
142.64264264264264,-6.447103848466006
142.72272272272272,-6.38218058438421
142.8028028028028,-6.34632526727975
142.88288288288288,-6.293380373014746
142.96296296296296,-6.277021466286819
143.04304304304304,-6.227225113237432
143.12312312312312,-6.21939381493559
143.2032032032032,-6.165907548160748
143.28328328328328,-6.165415109885763
143.36336336336336,-6.129390573495574
143.44344344344344,-6.16152216259264
143.52352352352352,-6.145507709792802
143.6036036036036,-6.170594881158444
143.68368368368368,-6.152608769300828
143.76376376376376,-6.192273450019395
143.84384384384384,-6.200425258142137
143.92392392392392,-6.2458939121122485
144.004004004004,-6.251029214763405
144.08408408408408,-6.29683270347363
144.16416416416416,-6.328491756327876
144.24424424424424,-6.389921595730254
144.32432432432432,-6.432197707397787
144.4044044044044,-6.476795157008237
144.48448448448448,-6.531601091717085
144.56456456456456,-6.591945859321093
144.64464464464464,-6.670685272187915
144.72472472472472,-6.725950584790777
144.8048048048048,-6.806548327661327
144.88488488488488,-6.857392387804363
144.96496496496496,-6.947769240083623
145.04504504504504,-7.006126986556676
145.12512512512512,-7.1059488332775835
145.2052052052052,-7.170944861669774
145.28528528528528,-7.281064937084628
145.36536536536536,-7.350269646066387
145.44544544544544,-7.450340626912763
145.52552552552552,-7.508465176529034
145.6056056056056,-7.618255725368771
145.68568568568568,-7.694374467224867
145.76576576576576,-7.8085912375754285
145.84584584584584,-7.8848203365608915
145.92592592592592,-7.995026902928661
146.006006006006,-8.083892767906253
146.08608608608608,-8.18020072860862
146.16616616616616,-8.251548575716399
146.24624624624624,-8.345576042283323
146.32632632632632,-8.42645867837706
146.4064064064064,-8.526823571346048
146.48648648648648,-8.609318576351514
146.56656656656656,-8.705696925630278
146.64664664664664,-8.785739756099085
146.72672672672672,-8.872016908423486
146.8068068068068,-8.962509237820168
146.88688688688688,-9.051192921829983
146.96696696696696,-9.141045856515188
147.04704704704704,-9.221594035354073
147.12712712712712,-9.30780406977563
147.2072072072072,-9.39060991862379
147.28728728728728,-9.472841386084179
147.36736736736736,-9.551344620745347
147.44744744744744,-9.635757431692445
147.52752752752752,-9.703005342158272
147.6076076076076,-9.78607714587116
147.68768768768768,-9.854276934578811
147.76776776776777,-9.957660775025884
147.84784784784785,-10.025122551915626
147.92792792792793,-10.104359306517601
148.008008008008,-10.16066342134693
148.08808808808809,-10.247253930426748
148.16816816816817,-10.317157029191678
148.24824824824825,-10.378580830737356
148.32832832832833,-10.423249768623844
148.4084084084084,-10.476756832144616
148.48848848848849,-10.531925293674606
148.56856856856857,-10.592090811738146
148.64864864864865,-10.649534010891038
148.72872872872873,-10.717989372759401
148.8088088088088,-10.768151764454649
148.88888888888889,-10.81192627968338
148.96896896896897,-10.846006824765439
149.04904904904905,-10.893374328961597
149.12912912912913,-10.936258477529838
149.2092092092092,-10.962137001510492
149.2892892892893,-10.974124940935834
149.36936936936937,-10.991143249875254
149.44944944944945,-11.033554922694497
149.52952952952953,-11.07477988491966
149.6096096096096,-11.106185817627951
149.6896896896897,-11.118739468092222
149.76976976976977,-11.13332304193154
149.84984984984985,-11.141136558034162
149.92992992992993,-11.147920589468614
150.01001001001,-11.14162715405863
150.0900900900901,-11.129645619429644
150.17017017017017,-11.113811370538034
150.25025025025025,-11.110125193853204
150.33033033033033,-11.10279593166092
150.4104104104104,-11.085812060515877
150.4904904904905,-11.045094143889537
150.57057057057057,-10.999903734779144
150.65065065065065,-10.950829463174445
150.73073073073073,-10.91729011507703
150.8108108108108,-10.874193643297199
150.8908908908909,-10.829167247734492
150.97097097097097,-10.755236630998667
151.05105105105105,-10.679592947193274
151.13113113113113,-10.592102194025582
151.2112112112112,-10.52331843013959
151.2912912912913,-10.444823409226139
151.37137137137137,-10.355283400444334
151.45145145145145,-10.245342063846108
151.53153153153153,-10.129853028748606
151.6116116116116,-10.025507663367952
151.6916916916917,-9.926081544112225
151.77177177177177,-9.813707081967092
151.85185185185185,-9.686719538767106
151.93193193193193,-9.553399763305062
152.012012012012,-9.419300515516113
152.0920920920921,-9.289053290627999
152.17217217217217,-9.152878141390723
152.25225225225225,-9.021706627062992
152.33233233233233,-8.875374643295398
152.4124124124124,-8.736547299411741
152.4924924924925,-8.587415871106987
152.57257257257257,-8.452981856949625
152.65265265265265,-8.300481371817138
152.73273273273273,-8.156033373911304
152.8128128128128,-7.999856576546699
152.8928928928929,-7.865101669715411
152.97297297297297,-7.72214575233697
153.05305305305305,-7.5912969290693075
153.13313313313313,-7.448097303016919
153.2132132132132,-7.319469084760373
153.2932932932933,-7.1822321217576865
153.37337337337337,-7.05856097154163
153.45345345345345,-6.928570241153076
153.53353353353353,-6.815806555771929
153.6136136136136,-6.711750791770885
153.6936936936937,-6.606018723607606
153.77377377377377,-6.496977236107264
153.85385385385385,-6.382904347472201
153.93393393393393,-6.284711257002139
154.014014014014,-6.1913130718588105
154.0940940940941,-6.107621630097762
154.17417417417417,-6.016687811850074
154.25425425425425,-5.936052295167889
154.33433433433433,-5.854611761266146
154.4144144144144,-5.7862424480667825
154.4944944944945,-5.709453125134102
154.57457457457457,-5.646616933254744
154.65465465465465,-5.579783277043947
154.73473473473473,-5.525663683612266
154.8148148148148,-5.464724751339241
154.8948948948949,-5.415339650579235
154.97497497497497,-5.364020844607477
155.05505505505505,-5.323421570986917
155.13513513513513,-5.274970259587635
155.2152152152152,-5.237525960892447
155.2952952952953,-5.1969799669081445
155.37537537537537,-5.171310471518045
155.45545545545545,-5.146024037713557
155.53553553553553,-5.130722644902716
155.6156156156156,-5.114120251622339
155.6956956956957,-5.094394177902977
155.77577577577577,-5.068288718717617
155.85585585585585,-5.048324455374487
155.93593593593593,-5.033825890504635
156.016016016016,-5.021263442279623
156.0960960960961,-5.01371271935899
156.17617617617617,-5.017043781623546
156.25625625625625,-5.0226708391617665
156.33633633633633,-5.030973050847108
156.4164164164164,-5.0417224598975965
156.4964964964965,-5.053681607799695
156.57657657657657,-5.074214980690345
156.65665665665665,-5.094635316126118
156.73673673673673,-5.125278929429443
156.8168168168168,-5.1578753796337775
156.8968968968969,-5.203290548086131
156.97697697697697,-5.247077384302779
157.05705705705705,-5.29258595951922
157.13713713713713,-5.331510912166089
157.2172172172172,-5.377833405411817
157.2972972972973,-5.421796004225655
157.37737737737737,-5.477128575612492
157.45745745745745,-5.531412851168575
157.53753753753753,-5.593808940792615
157.6176176176176,-5.656659110231209
157.6976976976977,-5.725422416692448
157.77777777777777,-5.794106737149557
157.85785785785785,-5.868843023098943
157.93793793793793,-5.943568753938105
158.018018018018,-6.026422728691073
158.0980980980981,-6.1029890263449085
158.17817817817817,-6.188685996304318
158.25825825825825,-6.265746306108548
158.33833833833833,-6.353566466050541
158.4184184184184,-6.435726252586984
158.4984984984985,-6.522785444366017
158.57857857857857,-6.60977817063471
158.65865865865865,-6.697523936602671
158.73873873873873,-6.781819436088653
158.8188188188188,-6.869118336782056
158.8988988988989,-6.956154727965928
158.97897897897897,-7.039753888113815
159.05905905905905,-7.117125824286933
159.13913913913913,-7.193879998311216
159.2192192192192,-7.282879428924792
159.2992992992993,-7.3769800318412
159.37937937937937,-7.474679128547998
159.45945945945945,-7.56270066910905
159.53953953953953,-7.65292006566443
159.6196196196196,-7.73960514881362
159.6996996996997,-7.834437649045924
159.77977977977977,-7.922587661281217
159.85985985985985,-8.012291012816068
159.93993993993993,-8.094317768026254
160.02002002002,-8.176671426262821
160.1001001001001,-8.252465168279558
160.18018018018017,-8.330682688154338
160.26026026026025,-8.402323469592273
160.34034034034033,-8.476907186849788
160.4204204204204,-8.550574104785875
160.5005005005005,-8.625178455247639
160.58058058058057,-8.692007725514758
160.66066066066065,-8.755761023572573
160.74074074074073,-8.818239359358124
160.8208208208208,-8.885120240731828
160.9009009009009,-8.947629066249455
160.98098098098097,-9.005113124921145
161.06106106106105,-9.063753152857267
161.14114114114113,-9.130787397558217
161.2212212212212,-9.201472480010601
161.3013013013013,-9.262896527053114
161.38138138138137,-9.31180461966522
161.46146146146145,-9.349746823195419
161.54154154154153,-9.38448268226695
161.6216216216216,-9.41423581529011
161.7017017017017,-9.440733797309669
161.78178178178177,-9.467513270144957
161.86186186186185,-9.49720169308304
161.94194194194193,-9.519577441387854
162.022022022022,-9.529965512754366
162.1021021021021,-9.528919134006296
162.18218218218217,-9.523416814298672
162.26226226226225,-9.511869022999552
162.34234234234233,-9.505216358165015
162.42242242242241,-9.496194841074756
162.5025025025025,-9.48609681752423
162.58258258258257,-9.464514707019779
162.66266266266265,-9.43163310925662
162.74274274274273,-9.40576484780938
162.82282282282281,-9.382566492492112
162.9029029029029,-9.355822582642368
162.98298298298297,-9.311646725894175
163.06306306306305,-9.257554050348467
163.14314314314313,-9.196620188233192
163.22322322322321,-9.125896669630027
163.3033033033033,-9.052911660310041
163.38338338338338,-8.978231458576055
163.46346346346346,-8.903965569773623
163.54354354354354,-8.82225809011793
163.62362362362362,-8.730493234554938
163.7037037037037,-8.629072083138857
163.78378378378378,-8.521626525329042
163.86386386386386,-8.408716965029438
163.94394394394394,-8.2925396228398
164.02402402402402,-8.172812752527207
164.1041041041041,-8.063747001484748
164.18418418418418,-7.951117770810055
164.26426426426426,-7.840080522863678
164.34434434434434,-7.7203094449372855
164.42442442442442,-7.608591253197231
164.5045045045045,-7.4920544896067085
164.58458458458458,-7.374023823803384
164.66466466466466,-7.257230204703559
164.74474474474474,-7.148636756457182
164.82482482482482,-7.042739065325456
164.9049049049049,-6.929952294236601
164.98498498498498,-6.814003746448055
165.06506506506506,-6.707766746383146
165.14514514514514,-6.605955424851697
165.22522522522522,-6.510640319800729
165.3053053053053,-6.409226633428655
165.38538538538538,-6.322921044330555
165.46546546546546,-6.2293466554452745
165.54554554554554,-6.144616085848868
165.62562562562562,-6.056942387643519
165.7057057057057,-5.9801277821264165
165.78578578578578,-5.906814633985442
165.86586586586586,-5.832532193493058
165.94594594594594,-5.763459520736597
166.02602602602602,-5.696370608545345
166.1061061061061,-5.631397393325729
166.18618618618618,-5.5671065184181865
166.26626626626626,-5.502922335623942
166.34634634634634,-5.44724967348513
166.42642642642642,-5.387963248963993
166.5065065065065,-5.333540285726719
166.58658658658658,-5.2828992022141845
166.66666666666666,-5.236697057372638
166.74674674674674,-5.192225238205605
166.82682682682682,-5.1402190918249016
166.9069069069069,-5.099784926370619
166.98698698698698,-5.052320760045704
167.06706706706706,-5.016495498679482
167.14714714714714,-4.96946309836542
167.22722722722722,-4.934545806467056
167.3073073073073,-4.895747375622761
167.38738738738738,-4.863892218409102
167.46746746746746,-4.825026348837988
167.54754754754754,-4.7971668192099575
167.62762762762762,-4.761873454509667
167.7077077077077,-4.735869341178592
167.78778778778778,-4.700289750055594
167.86786786786786,-4.6766708658573855
167.94794794794794,-4.64415452790544
168.02802802802802,-4.621493962312538
168.1081081081081,-4.594243541448022
168.18818818818818,-4.573123164994473
168.26826826826826,-4.544952456055954
168.34834834834834,-4.520427398312132
168.42842842842842,-4.500632397664792
168.5085085085085,-4.485784842653779
168.58858858858858,-4.46932383937633
168.66866866866866,-4.45079813373991
168.74874874874874,-4.435026196586846
168.82882882882882,-4.427777471525018
168.9089089089089,-4.425050023019216
168.98898898898898,-4.422618534891654
169.06906906906906,-4.422728476768622
169.14914914914914,-4.420880949637108
169.22922922922922,-4.4257969953293905
169.3093093093093,-4.425909158710569
169.38938938938938,-4.438916087506086
169.46946946946946,-4.449336538239149
169.54954954954954,-4.468994622410926
169.62962962962962,-4.479267294159702
169.7097097097097,-4.497326655221358
169.78978978978978,-4.515628753659272
169.86986986986986,-4.550169814894861
169.94994994994994,-4.580134882382503
170.03003003003002,-4.618995486555462
170.1101101101101,-4.653016323906357
170.19019019019018,-4.7016074409165824
170.27027027027026,-4.747174650125191
170.35035035035034,-4.799264618461078
170.43043043043042,-4.8436611739380995
170.5105105105105,-4.896825107669353
170.59059059059058,-4.949819323248248
170.67067067067066,-5.011458547114769
170.75075075075074,-5.071900590092039
170.83083083083082,-5.1364463073858495
170.9109109109109,-5.197446203427867
170.99099099099098,-5.261353767288626
171.07107107107106,-5.323375304232503
171.15115115115114,-5.392828480578057
171.23123123123122,-5.462826780742828
171.3113113113113,-5.53653131455193
171.39139139139138,-5.609702015337164
171.47147147147146,-5.68455781931707
171.55155155155154,-5.762716782448719
171.63163163163162,-5.841833173161007
171.7117117117117,-5.920842079133596
171.79179179179178,-6.000123600006752
171.87187187187186,-6.082869968580025
171.95195195195194,-6.166571662592754
172.03203203203202,-6.250644113284687
172.11211211211213,-6.331186782878696
172.19219219219218,-6.410976619799434
172.2722722722723,-6.487843454144963
172.35235235235234,-6.569074229964438
172.43243243243245,-6.644829374079115
172.5125125125125,-6.725417253334706
172.5925925925926,-6.801775230336301
172.67267267267266,-6.883356363682516
172.75275275275277,-6.959617888149406
172.83283283283282,-7.033892189796188
172.91291291291293,-7.100546725076821
172.99299299299298,-7.168181107637852
173.0730730730731,-7.234777487932971
173.15315315315314,-7.304296573199879
173.23323323323325,-7.365639393882408
173.3133133133133,-7.42709766673266
173.3933933933934,-7.4873086297519835
173.47347347347346,-7.550128718182737
173.55355355355357,-7.602534770093488
173.63363363363362,-7.645848274560082
173.71371371371373,-7.6752874465089596
173.79379379379378,-7.708570266198798
173.8738738738739,-7.74379755653509
173.95395395395394,-7.782437873909705
174.03403403403405,-7.8097515173553855
174.1141141141141,-7.831082259745662
174.1941941941942,-7.847788965665456
174.27427427427426,-7.863150177651105
174.35435435435437,-7.873748425349242
174.43443443443442,-7.879061960501191
174.51451451451453,-7.876199517448318
174.59459459459458,-7.865273948017759
174.6746746746747,-7.84715424529302
174.75475475475474,-7.831831775155087
174.83483483483485,-7.819657874760178
174.9149149149149,-7.802513913148809
174.994994994995,-7.7739274740524795
175.07507507507506,-7.73497409117414
175.15515515515517,-7.691729140609242
175.23523523523522,-7.643325334313231
175.31531531531533,-7.591512968503676
175.39539539539538,-7.534217404298234
175.4754754754755,-7.476978276711936
175.55555555555554,-7.41318416562148
175.63563563563565,-7.343081903445282
175.7157157157157,-7.264693745221251
175.7957957957958,-7.188876479216559
175.87587587587586,-7.115001894266092
175.95595595595597,-7.043079903197065
176.03603603603602,-6.960517998271765
176.11611611611613,-6.873589743629155
176.19619619619618,-6.781824164234758
176.2762762762763,-6.694306593442914
176.35635635635634,-6.607315068452821
176.43643643643645,-6.523646322692619
176.5165165165165,-6.444109256882989
176.5965965965966,-6.364841618855274
176.67667667667666,-6.286018281789997
176.75675675675677,-6.212766376350404
176.83683683683682,-6.144520649040555
176.91691691691693,-6.074731060931618
176.99699699699698,-5.997230575259804
177.0770770770771,-5.920908226586962
177.15715715715714,-5.855261945376208
177.23723723723725,-5.7980703573693475
177.3173173173173,-5.742255187619774
177.3973973973974,-5.68431601501105
177.47747747747746,-5.6262828771153774
177.55755755755757,-5.575544171759115
177.63763763763762,-5.526618274501515
177.71771771771773,-5.4800519208877985
177.79779779779778,-5.4312299517051175
177.8778778778779,-5.384646749583406
177.95795795795794,-5.3413838045184825
178.03803803803805,-5.302284439161746
178.1181181181181,-5.271112826679523
178.1981981981982,-5.238100320780265
178.27827827827826,-5.207072689049367
178.35835835835837,-5.171520060013472
178.43843843843842,-5.139285979783387
178.51851851851853,-5.112036576234277
178.59859859859858,-5.084294937604828
178.6786786786787,-5.059643740667582
178.75875875875874,-5.03252320441256
178.83883883883885,-5.006706396427549
178.9189189189189,-4.9779649474217305
178.998998998999,-4.9498244680866925
179.07907907907907,-4.92498421855145
179.15915915915917,-4.900188394068331
179.23923923923923,-4.8789518156884855
179.31931931931933,-4.853010246169335
179.39939939939939,-4.825611134381847
179.4794794794795,-4.7976370809983875
179.55955955955955,-4.773000952933092
179.63963963963965,-4.752324150865998
179.7197197197197,-4.727172879666794
179.7997997997998,-4.698835854431745
179.87987987987987,-4.6701818756548565
179.95995995995997,-4.644921518173163
180.04004004004003,-4.621215033801742
180.12012012012013,-4.593270150373058
180.2002002002002,-4.564836773469337
180.2802802802803,-4.535798669402049
180.36036036036035,-4.5104680237855455
180.44044044044045,-4.485427110553885
180.5205205205205,-4.459205022550507
180.60060060060061,-4.434655987918093
180.68068068068067,-4.411178376417919
180.76076076076077,-4.391216974696559
180.84084084084083,-4.3696887599985885
180.92092092092093,-4.342787903462417
181.001001001001,-4.3126144063905585
181.0810810810811,-4.284492325157983
181.16116116116115,-4.2627784039943215
181.24124124124126,-4.240415308198798
181.3213213213213,-4.216367229994232
181.40140140140142,-4.193547932067156
181.48148148148147,-4.176140856898964
181.56156156156158,-4.157652053259921
181.64164164164163,-4.135724443290632
181.72172172172174,-4.115692016741127
181.8018018018018,-4.099654768196161
181.8818818818819,-4.088261982368182
181.96196196196195,-4.076287155453165
182.04204204204206,-4.065888836805573
182.1221221221221,-4.058301867651156
182.20220220220222,-4.055313694273499
182.28228228228227,-4.056837176582689
182.36236236236238,-4.057645975951647
182.44244244244243,-4.059707875700094
182.52252252252254,-4.06053252759541
182.6026026026026,-4.064815092660898
182.6826826826827,-4.075388634025253
182.76276276276275,-4.088788833114022
182.84284284284286,-4.105200734665832
182.9229229229229,-4.120925147905771
183.00300300300302,-4.141192268762997
183.08308308308307,-4.163043703988641
183.16316316316318,-4.1869024661884024
183.24324324324323,-4.211606371224752
183.32332332332334,-4.242209020517333
183.4034034034034,-4.2794940026057855
183.4834834834835,-4.319931274477807
183.56356356356355,-4.360750184522744
183.64364364364366,-4.401538699468537
183.7237237237237,-4.444583394920889
183.80380380380382,-4.488837984559446
183.88388388388387,-4.538827733230009
183.96396396396398,-4.594215775401517
184.04404404404403,-4.65170590692552
184.12412412412414,-4.70674207661687
184.2042042042042,-4.759818538085906
184.2842842842843,-4.817758892594673
184.36436436436435,-4.881120469048418
184.44444444444446,-4.945946322117837
184.5245245245245,-5.011361566013651
184.60460460460462,-5.0701904636007225
184.68468468468467,-5.12888815309391
184.76476476476478,-5.1842667674785865
184.84484484484483,-5.244975429221432
184.92492492492494,-5.306509431212969
185.005005005005,-5.370823120362754
185.0850850850851,-5.432118749422455
185.16516516516515,-5.491418135761287
185.24524524524526,-5.548472214142951
185.3253253253253,-5.604632836974152
185.40540540540542,-5.658480004966321
185.48548548548547,-5.715164090873422
185.56556556556558,-5.766961586399614
185.64564564564563,-5.816144003356342
185.72572572572574,-5.861603004732494
185.8058058058058,-5.9104827320825475
185.8858858858859,-5.962614760146061
185.96596596596595,-6.0089584926929875
186.04604604604606,-6.048571862614509
186.1261261261261,-6.077437091624231
186.20620620620622,-6.105176143557782
186.28628628628627,-6.1312691421468015
186.36636636636638,-6.154234352001786
186.44644644644643,-6.169997750351175
186.52652652652654,-6.179825838568162
186.6066066066066,-6.188651087384493
186.6866866866867,-6.196678160128784
186.76676676676675,-6.200685976323078
186.84684684684686,-6.201780697528781
186.9269269269269,-6.1951675474600325
187.00700700700702,-6.1870275113909745
187.08708708708707,-6.174308877809724
187.16716716716718,-6.156973151667663
187.24724724724723,-6.132064308735351
187.32732732732734,-6.103484568292331
187.4074074074074,-6.075704494004848
187.4874874874875,-6.0449151726719155
187.56756756756755,-6.008039709137962
187.64764764764766,-5.966392615307654
187.7277277277277,-5.925970799758268
187.80780780780782,-5.888160200258096
187.88788788788787,-5.847084404415176
187.96796796796798,-5.8045030543427405
188.04804804804803,-5.757578350668439
188.12812812812814,-5.709679195006085
188.2082082082082,-5.661599375560291
188.2882882882883,-5.611832709999435
188.36836836836835,-5.566541728438999
188.44844844844846,-5.5204540816928995
188.5285285285285,-5.478364126826486
188.60860860860862,-5.436549132228544
188.68868868868867,-5.397895496986298
188.76876876876878,-5.360233851121912
188.84884884884883,-5.320013764172286
188.92892892892894,-5.282187125458563
189.009009009009,-5.249264924923403
189.0890890890891,-5.219984408899623
189.16916916916915,-5.191945895104738
189.24924924924926,-5.164901954511223
189.3293293293293,-5.13505224050411
189.40940940940942,-5.108803917233281
189.48948948948947,-5.084763353752751
189.56956956956958,-5.066707060921249
189.64964964964963,-5.050438614503909
189.72972972972974,-5.034516729717552
189.8098098098098,-5.019904113567376
189.8898898898899,-5.006233374525822
189.96996996996995,-4.995790947481365
190.05005005005006,-4.988252748507323
190.1301301301301,-4.9847043195659575
190.21021021021022,-4.982400666770946
190.29029029029027,-4.977199763943609
190.37037037037038,-4.972334732611143
190.45045045045043,-4.970138027773164
190.53053053053054,-4.967691650710873
190.6106106106106,-4.962599537810266
190.6906906906907,-4.956139875612406
190.77077077077075,-4.9533566583152995
190.85085085085086,-4.950481111054514
190.9309309309309,-4.943786914519962
191.01101101101102,-4.933235215295504
191.09109109109107,-4.924008422485542
191.17117117117118,-4.9177854691029115
191.25125125125123,-4.9136385163214324
191.33133133133134,-4.904935337475201
191.41141141141142,-4.8966598237252
191.4914914914915,-4.8859606607562
191.57157157157158,-4.877477964258936
191.65165165165166,-4.867298617467114
191.73173173173174,-4.861891301970357
191.81181181181182,-4.855520955135741
191.8918918918919,-4.8502208987692885
191.97197197197198,-4.836967062487156
192.05205205205206,-4.816714464508508
192.13213213213214,-4.798568869418963
192.21221221221222,-4.784970491901363
192.2922922922923,-4.775172800126524
192.37237237237238,-4.75890611951233
192.45245245245246,-4.737902463945225
192.53253253253254,-4.719334505520372
192.61261261261262,-4.702865161973346
192.6926926926927,-4.684940901297827
192.77277277277278,-4.6618713465523545
192.85285285285286,-4.636032777865513
192.93293293293294,-4.612417847274333
193.01301301301302,-4.586746660593121
193.0930930930931,-4.563856883105969
193.17317317317318,-4.541610165678971
193.25325325325326,-4.518225752394501
193.33333333333334,-4.486698351839626
193.41341341341342,-4.451472202587237
193.4934934934935,-4.417571816991605
193.57357357357358,-4.387406505842871
193.65365365365366,-4.362594171546324
193.73373373373374,-4.335487714899378
193.81381381381382,-4.3066388624322265
193.8938938938939,-4.274339189479969
193.97397397397398,-4.241047900968851
194.05405405405406,-4.206226810234305
194.13413413413414,-4.17447385293411
194.21421421421422,-4.1456142088849735
194.2942942942943,-4.117756395285735
194.37437437437438,-4.084775741877633
194.45445445445446,-4.049015540555617
194.53453453453454,-4.018202035539445
194.61461461461462,-3.9940491095240613
194.6946946946947,-3.968198906893976
194.77477477477478,-3.9424963230370667
194.85485485485486,-3.9181956063038035
194.93493493493494,-3.8993515496839732
195.01501501501502,-3.878949887098435
195.0950950950951,-3.8565369943944017
195.17517517517518,-3.8333485004332806
195.25525525525526,-3.80946718466733
195.33533533533534,-3.7899696686434883
195.41541541541542,-3.775160492648756
195.4954954954955,-3.769927850005583
195.57557557557558,-3.7687447233532603
195.65565565565566,-3.768118108978594
195.73573573573574,-3.760418679483898
195.81581581581582,-3.752656656838546
195.8958958958959,-3.750362115570063
195.97597597597598,-3.756119766240062
196.05605605605606,-3.763257615160068
196.13613613613614,-3.770834864179412
196.21621621621622,-3.7786981567672506
196.2962962962963,-3.791909000844587
196.37637637637638,-3.803823823033478
196.45645645645646,-3.8212961619574934
196.53653653653654,-3.8356040561251024
196.61661661661662,-3.861517300887327
196.6966966966967,-3.879027947694643
196.77677677677679,-3.9043841857676727
196.85685685685687,-3.9303507612227455
196.93693693693695,-3.9658491065903996
197.01701701701703,-3.9950193139323553
197.0970970970971,-4.022030756049512
197.17717717717719,-4.049542685808155
197.25725725725727,-4.084007579152351
197.33733733733735,-4.121536706564662
197.41741741741743,-4.156138729116327
197.4974974974975,-4.187982964906854
197.57757757757759,-4.220326209006697
197.65765765765767,-4.252995545002937
197.73773773773775,-4.287639256689677
197.81781781781783,-4.322368479551315
197.8978978978979,-4.360243574037688
197.977977977978,-4.393830014690277
198.05805805805807,-4.423521950095138
198.13813813813815,-4.4531060619172464
198.21821821821823,-4.488230816711608
198.2982982982983,-4.519083379474177
198.3783783783784,-4.548839051904498
198.45845845845847,-4.57227025790136
198.53853853853855,-4.5968071461221465
198.61861861861863,-4.614850804719475
198.6986986986987,-4.631004165691627
198.7787787787788,-4.643910801413949
198.85885885885887,-4.6577494828408765
198.93893893893895,-4.671006541419015
199.01901901901903,-4.678245352341245
199.0990990990991,-4.677999550694272
199.1791791791792,-4.6761986665748045
199.25925925925927,-4.677041259482762
199.33933933933935,-4.678574361423452
199.41941941941943,-4.673177598245358
199.4994994994995,-4.660154243821749
199.5795795795796,-4.648631348180634
199.65965965965967,-4.642355793091487
199.73973973973975,-4.631579723017931
199.81981981981983,-4.617250943028841
199.8998998998999,-4.600095417525367
199.97997997998,-4.593380039980985
200.06006006006007,-4.582045423355249
200.14014014014015,-4.573510252685181
200.22022022022023,-4.562774829771208
200.3003003003003,-4.5578777693507835
200.3803803803804,-4.547403374216252
200.46046046046047,-4.5347869530498315
200.54054054054055,-4.519978364655933
200.62062062062063,-4.51089613320721
200.7007007007007,-4.5038495671791
200.7807807807808,-4.50518434854268
200.86086086086087,-4.504716952110116
200.94094094094095,-4.505364109519914
201.02102102102103,-4.509764210868193
201.1011011011011,-4.5124038717499095
201.1811811811812,-4.513318900616841
201.26126126126127,-4.512754060317895
201.34134134134135,-4.521732898348843
201.42142142142143,-4.540345234756514
201.5015015015015,-4.554257156506794
201.5815815815816,-4.566866154972428
201.66166166166167,-4.577626551829663
201.74174174174175,-4.591120888228731
201.82182182182183,-4.60904109631053
201.9019019019019,-4.625785598320256
201.981981981982,-4.646384461373516
202.06206206206207,-4.6624155015335305
202.14214214214215,-4.685414903667256
202.22222222222223,-4.7000128307533675
202.3023023023023,-4.725750879561943
202.3823823823824,-4.7482636692062865
202.46246246246247,-4.7722848631570685
202.54254254254255,-4.787841715031285
202.62262262262263,-4.80041218615387
202.7027027027027,-4.820093967742308
202.7827827827828,-4.8450348288972975
202.86286286286287,-4.867961585492101
202.94294294294295,-4.884230054367781
203.02302302302303,-4.890016012241407
203.1031031031031,-4.899536557194782
203.1831831831832,-4.91699796975902
203.26326326326327,-4.937139042302063
203.34334334334335,-4.958688138437067
203.42342342342343,-4.973551000343975
203.5035035035035,-4.985214072582475
203.5835835835836,-4.994003719053963
203.66366366366367,-4.993801189123366
203.74374374374375,-5.000875201364172
203.82382382382383,-5.00599022453864
203.9039039039039,-5.0166321904237305
203.983983983984,-5.018435919974209
204.06406406406407,-5.020236189981051
204.14414414414415,-5.020613379080517
204.22422422422423,-5.020740259919989
204.3043043043043,-5.022004926535029
204.3843843843844,-5.019539941506919
204.46446446446447,-5.0157027149750935
204.54454454454455,-5.01396199222733
204.62462462462463,-5.003833286914346
204.7047047047047,-4.994680191882915
204.7847847847848,-4.979348868108631
204.86486486486487,-4.975525092664979
204.94494494494495,-4.965270805570077
205.02502502502503,-4.952882181519066
205.1051051051051,-4.936513743041235
205.1851851851852,-4.917808979278215
205.26526526526527,-4.901970590815133
205.34534534534535,-4.875507467035015
205.42542542542543,-4.854281675509661
205.5055055055055,-4.823873326581787
205.5855855855856,-4.802404424864964
205.66566566566567,-4.7719965222824134
205.74574574574575,-4.753089925595048
205.82582582582583,-4.720800274931081
205.9059059059059,-4.694020028877992
205.985985985986,-4.651929703953284
206.06606606606607,-4.628145449060511
206.14614614614615,-4.590610539945032
206.22622622622623,-4.572953650975251
206.3063063063063,-4.532055886403946
206.3863863863864,-4.504206562635623
206.46646646646647,-4.4478731859973415
206.54654654654655,-4.414128371951687
206.62662662662663,-4.363515398104303
206.7067067067067,-4.337559563435366
206.7867867867868,-4.293137253489185
206.86686686686687,-4.264950483948576
206.94694694694695,-4.225399715651649
207.02702702702703,-4.194424576334073
207.1071071071071,-4.139732160715215
207.1871871871872,-4.097049973161065
207.26726726726727,-4.050366318529958
207.34734734734735,-4.019368276207569
207.42742742742743,-3.967911793420154
207.5075075075075,-3.926920721382021
207.5875875875876,-3.8797980273841306
207.66766766766767,-3.846004396113337
207.74774774774775,-3.808577079165782
207.82782782782783,-3.7732177512823175
207.9079079079079,-3.7341037861258943
207.987987987988,-3.6932672487182683
208.06806806806807,-3.6531865276101705
208.14814814814815,-3.613994678554565
208.22822822822823,-3.582785903594696
208.3083083083083,-3.5466685279346497
208.3883883883884,-3.51195745514864
208.46846846846847,-3.4707308273038984
208.54854854854855,-3.4452113849495167
208.62862862862863,-3.4188380105739458
208.7087087087087,-3.407856155547511
208.7887887887888,-3.385242540273867
208.86886886886887,-3.3690894223696164
208.94894894894895,-3.339236261622349
209.02902902902903,-3.3241083036424404
209.1091091091091,-3.2970447163382497
209.1891891891892,-3.289398336904128
209.26926926926927,-3.271293496815468
209.34934934934935,-3.2713553747200095
209.42942942942943,-3.2479907474536436
209.5095095095095,-3.2458086326314595
209.5895895895896,-3.226989573515838
209.66966966966967,-3.2378083447851878
209.74974974974975,-3.2298120558701053
209.82982982982983,-3.240585223266346
209.9099099099099,-3.2246809609608467
209.98998998999,-3.2373699346255758
210.07007007007007,-3.231648826873705
210.15015015015015,-3.2509405462846006
210.23023023023023,-3.246404074939901
210.3103103103103,-3.259544503812487
210.3903903903904,-3.2575736957539165
210.47047047047047,-3.2704127763407773
210.55055055055055,-3.2734694363465695
210.63063063063063,-3.2961960068468796
210.7107107107107,-3.3059931176351065
210.7907907907908,-3.3223131163698247
210.87087087087087,-3.3135197390049203
210.95095095095095,-3.323886444515722
211.03103103103103,-3.323368266663914
211.11111111111111,-3.338297342920594
211.1911911911912,-3.3419258469320074
211.27127127127127,-3.3542057109639214
211.35135135135135,-3.3632176299478127
211.43143143143143,-3.3731359208728047
211.51151151151151,-3.3813673138758964
211.5915915915916,-3.3860771818873023
211.67167167167167,-3.3927260953587224
211.75175175175175,-3.4057075927487714
211.83183183183183,-3.419060040489034
211.91191191191191,-3.431003699004777
211.991991991992,-3.4469276900550723
212.07207207207207,-3.457069427381212
212.15215215215215,-3.4718652366324005
212.23223223223223,-3.477665593223937
212.31231231231232,-3.4989875997660493
212.3923923923924,-3.519657652470851
212.47247247247248,-3.550702486290507
212.55255255255256,-3.5714623455143237
212.63263263263264,-3.602566725017286
212.71271271271272,-3.6218413209142337
212.7927927927928,-3.654705578822903
212.87287287287288,-3.6811864763927127
212.95295295295296,-3.7167170774072567
213.03303303303304,-3.7445097479490017
213.11311311311312,-3.7744920944153604
213.1931931931932,-3.8165159747269377
213.27327327327328,-3.85741505268885
213.35335335335336,-3.906811235445361
213.43343343343344,-3.950011275387085
213.51351351351352,-3.9904556463661023
213.5935935935936,-4.033187617753125
213.67367367367368,-4.06407897551506
213.75375375375376,-4.114170524951857
213.83383383383384,-4.164101156934394
213.91391391391392,-4.212112429722268
213.993993993994,-4.2472756691918345
214.07407407407408,-4.274349462021333
214.15415415415416,-4.321272578019577
214.23423423423424,-4.367978768166517
214.31431431431432,-4.419502265217515
214.3943943943944,-4.469242420174395
214.47447447447448,-4.510793803931963
214.55455455455456,-4.55466350317912
214.63463463463464,-4.589688346585091
214.71471471471472,-4.635656268726722
214.7947947947948,-4.680241720761928
214.87487487487488,-4.7268373757056175
214.95495495495496,-4.768908416594543
215.03503503503504,-4.802360852934613
215.11511511511512,-4.839307761269201
215.1951951951952,-4.871175803935621
215.27527527527528,-4.909323793343723
215.35535535535536,-4.941905901654289
215.43543543543544,-4.98082775927275
215.51551551551552,-5.008572917930581
215.5955955955956,-5.045555296982902
215.67567567567568,-5.074041375475767
215.75575575575576,-5.115961007991895
215.83583583583584,-5.131650065239168
215.91591591591592,-5.155114931714299
215.995995995996,-5.162960068996293
216.07607607607608,-5.186935204424362
216.15615615615616,-5.20384585190004
216.23623623623624,-5.23175124698722
216.31631631631632,-5.2432156718488105
216.3963963963964,-5.259010711797608
216.47647647647648,-5.263703885013854
216.55655655655656,-5.285520734765865
216.63663663663664,-5.296766466414538
216.71671671671672,-5.31722912544664
216.7967967967968,-5.320341200984939
216.87687687687688,-5.326298375317814
216.95695695695696,-5.324460637834507
217.03703703703704,-5.333015979043365
217.11711711711712,-5.32948645159289
217.1971971971972,-5.330251334871676
217.27727727727728,-5.314289204801999
217.35735735735736,-5.312270125306934
217.43743743743744,-5.2880615308388785
217.51751751751752,-5.286577990574452
217.5975975975976,-5.271810607831644
217.67767767767768,-5.271238830831303
217.75775775775776,-5.250262046784957
217.83783783783784,-5.2362522112870185
217.91791791791792,-5.214372560645354
217.997997997998,-5.194283884897674
218.07807807807808,-5.168649731240207
218.15815815815816,-5.143131109878302
218.23823823823824,-5.114949923936618
218.31831831831832,-5.087090944605538
218.3983983983984,-5.057331701051033
218.47847847847848,-5.033675904440156
218.55855855855856,-4.9915972402702735
218.63863863863864,-4.957030741334262
218.71871871871872,-4.917827663602462
218.7987987987988,-4.884516683660037
218.87887887887888,-4.832501718493436
218.95895895895896,-4.784481191147567
219.03903903903904,-4.748084273224708
219.11911911911912,-4.719142400599843
219.1991991991992,-4.67694367548204
219.27927927927928,-4.616096957463542
219.35935935935936,-4.553745944682783
219.43943943943944,-4.510004377876786
219.51951951951952,-4.463393824728643
219.5995995995996,-4.43666242827113
219.67967967967968,-4.384980569064903
219.75975975975976,-4.355162131523813
219.83983983983984,-4.291494958129777
219.91991991991992,-4.235699850699786
220.0,-4.16678691734349
