freq,trans
140.0,0.7416335253183532
140.08008008008008,0.7445732098259551
140.16016016016016,0.7471677512638799
140.24024024024024,0.7529467481039761
140.32032032032032,0.7583824321808058
140.4004004004004,0.7655582149989791
140.48048048048048,0.7712147909594255
140.56056056056056,0.7772366170124275
140.64064064064064,0.7827930054105781
140.72072072072072,0.7889618951560056
140.8008008008008,0.795903582884114
140.88088088088088,0.8018103660651485
140.96096096096096,0.8088096341329387
141.04104104104104,0.8144805529460375
141.12112112112112,0.821148778145041
141.2012012012012,0.8271724983087182
141.28128128128128,0.8340137395322121
141.36136136136136,0.8404652609010678
141.44144144144144,0.8478617020412562
141.52152152152152,0.8547369783108819
141.6016016016016,0.8618644763915416
141.68168168168168,0.8671981682108996
141.76176176176176,0.8740316002921626
141.84184184184184,0.8795678368308454
141.92192192192192,0.887187269303852
142.002002002002,0.8928092080185718
142.08208208208208,0.9001291175438005
142.16216216216216,0.9056114728715036
142.24224224224224,0.9122159619588904
142.32232232232232,0.916945531510325
142.4024024024024,0.9231651872017962
142.48248248248248,0.9275333480051131
142.56256256256256,0.9334383493256031
142.64264264264264,0.9366326563565879
142.72272272272272,0.9418109287207449
142.8028028028028,0.9440880147755665
142.88288288288288,0.9495551709007605
142.96296296296296,0.9514796392598898
143.04304304304304,0.9557441877505847
143.12312312312312,0.9559747599347321
143.2032032032032,0.9595353085244582
143.28328328328328,0.9600497405947263
143.36336336336336,0.9629666395110562
143.44344344344344,0.9620661589481768
143.52352352352352,0.963106235825651
143.6036036036036,0.9619480822188745
143.68368368368368,0.9624001635659855
143.76376376376376,0.9600022259823519
143.84384384384384,0.9579723154544624
143.92392392392392,0.9546972744901895
144.004004004004,0.9525384101708095
144.08408408408408,0.9496233582493192
144.16416416416416,0.9464361186232927
144.24424424424424,0.942937058546738
144.32432432432432,0.9383579900272964
144.4044044044044,0.934504799660852
144.48448448448448,0.9287971015110632
144.56456456456456,0.9244499362770965
144.64464464464464,0.9180204946859589
144.72472472472472,0.91304453600323
144.8048048048048,0.9052358147609344
144.88488488488488,0.9002805793351408
144.96496496496496,0.892768078804209
145.04504504504504,0.8886025091298171
145.12512512512512,0.8810307467334365
145.2052052052052,0.8761223250469027
145.28528528528528,0.867980316974838
145.36536536536536,0.8620216936159963
145.44544544544544,0.85401972415276
145.52552552552552,0.8482093831204766
145.6056056056056,0.8406272030768378
145.68568568568568,0.8346267784687275
145.76576576576576,0.8269616529874012
145.84584584584584,0.8210731473387363
145.92592592592592,0.8138584839862885
146.006006006006,0.8078317679561083
146.08608608608608,0.8011633766604803
146.16616616616616,0.795643205651152
146.24624624624624,0.7895059210147762
146.32632632632632,0.7836309875265911
146.4064064064064,0.7771741291559456
146.48648648648648,0.7710443287685801
146.56656656656656,0.7645068404051292
146.64664664664664,0.7585086932193621
146.72672672672672,0.7527106162211199
146.8068068068068,0.7472465369607989
146.88688688688688,0.7422255985357704
146.96696696696696,0.7370038466253037
147.04704704704704,0.7321570512242715
147.12712712712712,0.7270172871798665
147.2072072072072,0.7225579445262947
147.28728728728728,0.7180345579541297
147.36736736736736,0.7139967785472354
147.44744744744744,0.7094619265516986
147.52752752752752,0.7051340821024566
147.6076076076076,0.7007606940079997
147.68768768768768,0.6972890268601988
147.76776776776777,0.6928969065651476
147.84784784784785,0.6895998886316399
147.92792792792793,0.6853730040195302
148.008008008008,0.6826891127942322
148.08808808808809,0.6792979099994143
148.16816816816817,0.6771171556298791
148.24824824824825,0.6742618158464747
148.32832832832833,0.6717913184204677
148.4084084084084,0.6687679792235681
148.48848848848849,0.66609357806893
148.56856856856857,0.6635235706783149
148.64864864864865,0.6615644434552109
148.72872872872873,0.6592294375887618
148.8088088088088,0.6570464699431546
148.88888888888889,0.654802864087726
148.96896896896897,0.6531474985137042
149.04904904904905,0.6520460200770816
149.12912912912913,0.6509985776610203
149.2092092092092,0.6504036571541716
149.2892892892893,0.6488569792173584
149.36936936936937,0.6479085700881959
149.44944944944945,0.6462449486730275
149.52952952952953,0.6453642594463935
149.6096096096096,0.6448007510868415
149.6896896896897,0.6443518832383823
149.76976976976977,0.6435895582281299
149.84984984984985,0.64259577907096
149.92992992992993,0.6422603101670192
150.01001001001,0.6427201974435622
150.0900900900901,0.6432941032269666
150.17017017017017,0.6440772675144322
150.25025025025025,0.6442797773390463
150.33033033033033,0.644707306751776
150.4104104104104,0.6452245994838806
150.4904904904905,0.6459970752919708
150.57057057057057,0.6467761913589537
150.65065065065065,0.6477015216247023
150.73073073073073,0.6485699952694647
150.8108108108108,0.649940246813483
150.8908908908909,0.6510669887961499
150.97097097097097,0.6527291654465581
151.05105105105105,0.6544164951450245
151.13113113113113,0.656576948312615
151.2112112112112,0.6584694544358544
151.2912912912913,0.6606969876585694
151.37137137137137,0.6627517672947415
151.45145145145145,0.6650857131161602
151.53153153153153,0.6673564533602842
151.6116116116116,0.6700150841394306
151.6916916916917,0.6725117502971558
151.77177177177177,0.6751863261420709
151.85185185185185,0.6781224670508057
151.93193193193193,0.68146215862566
152.012012012012,0.6854703719719599
152.0920920920921,0.6890121694036389
152.17217217217217,0.6928446659597538
152.25225225225225,0.6958235530799901
152.33233233233233,0.699822501884466
152.4124124124124,0.7036189428767783
152.4924924924925,0.7080745886508857
152.57257257257257,0.7119846182442011
152.65265265265265,0.7162688741220712
152.73273273273273,0.7201330371100702
152.8128128128128,0.724706848111129
152.8928928928929,0.7289318592797346
152.97297297297297,0.7346438512061167
153.05305305305305,0.7402734645383008
153.13313313313313,0.7464644812667305
153.2132132132132,0.7511451757476468
153.2932932932933,0.7563369445011551
153.37337337337337,0.7609079933270277
153.45345345345345,0.7669413539462444
153.53353353353353,0.7722364622419085
153.6136136136136,0.7785090562118986
153.6936936936937,0.7841625408308593
153.77377377377377,0.7906840239327265
153.85385385385385,0.7968135217519943
153.93393393393393,0.8032151411626309
154.014014014014,0.809568414524125
154.0940940940941,0.8161087377405722
154.17417417417417,0.8225091835832842
154.25425425425425,0.8287465940919942
154.33433433433433,0.8349162317321049
154.4144144144144,0.8411859196869996
154.4944944944945,0.8475572935141513
154.57457457457457,0.854040626899014
154.65465465465465,0.8603682956654899
154.73473473473473,0.8665559766119474
154.8148148148148,0.8729270098229954
154.8948948948949,0.8791818317298566
154.97497497497497,0.8856743469575212
155.05505505505505,0.8918824343196858
155.13513513513513,0.8977598107602474
155.2152152152152,0.9031304405355498
155.2952952952953,0.9084309694899482
155.37537537537537,0.913928751104563
155.45545545545545,0.9196255189740687
155.53553553553553,0.9250512667427574
155.6156156156156,0.9299932998934468
155.6956956956957,0.9342351255634086
155.77577577577577,0.9385979496144727
155.85585585585585,0.9421006534424692
155.93593593593593,0.945921052615596
156.016016016016,0.9491812611811759
156.0960960960961,0.9525383238190238
156.17617617617617,0.9546874368792577
156.25625625625625,0.9566686200937933
156.33633633633633,0.9581935310626993
156.4164164164164,0.9599301485059613
156.4964964964965,0.9606990567311918
156.57657657657657,0.9611011703307956
156.65665665665665,0.9605786930046657
156.73673673673673,0.9606415231253853
156.8168168168168,0.9598522308524926
156.8968968968969,0.959002496287134
156.97697697697697,0.957129734622121
157.05705705705705,0.9551826617793276
157.13713713713713,0.9521775248929889
157.2172172172172,0.9490735399458908
157.2972972972973,0.945214699783551
157.37737737737737,0.9417729009456881
157.45745745745745,0.9372015377346123
157.53753753753753,0.9328630226721789
157.6176176176176,0.9274970942037614
157.6976976976977,0.9228059802266818
157.77777777777777,0.9171538576759223
157.85785785785785,0.9118906749274952
157.93793793793793,0.9058516224183263
158.018018018018,0.9002340688604288
158.0980980980981,0.8941747549976702
158.17817817817817,0.8881667041118626
158.25825825825825,0.8820896018472285
158.33833833833833,0.8757117712951419
158.4184184184184,0.8692386859117807
158.4984984984985,0.8623237908250754
158.57857857857857,0.8557781814731279
158.65865865865865,0.8490367510823452
158.73873873873873,0.8430201706151231
158.8188188188188,0.8363360881052203
158.8988988988989,0.8297808628537424
158.97897897897897,0.8229427621945413
159.05905905905905,0.8166053983000051
159.13913913913913,0.8101065281942896
159.2192192192192,0.8035933074635896
159.2992992992993,0.7971241889091006
159.37937937937937,0.7913786023530305
159.45945945945945,0.7858541814809055
159.53953953953953,0.7803873416830711
159.6196196196196,0.7745879298815517
159.6996996996997,0.7689507785073669
159.77977977977977,0.763418938583269
159.85985985985985,0.7577654884249011
159.93993993993993,0.7523879275861804
160.02002002002,0.7470060567305228
160.1001001001001,0.7422724273641309
160.18018018018017,0.7373697255682139
160.26026026026025,0.7330535701784158
160.34034034034033,0.72850542268638
160.4204204204204,0.7242044117936419
160.5005005005005,0.7197027370236102
160.58058058058057,0.7153898316442021
160.66066066066065,0.7108429248707359
160.74074074074073,0.7066754143966277
160.8208208208208,0.7023056979584684
160.9009009009009,0.6988299930888197
160.98098098098097,0.6954981650363125
161.06106106106105,0.6927350130135719
161.14114114114113,0.6898915573313167
161.2212212212212,0.6870516017967898
161.3013013013013,0.6841081592222715
161.38138138138137,0.6809311896489657
161.46146146146145,0.678174164860981
161.54154154154153,0.6756719764679338
161.6216216216216,0.6734567833253557
161.7017017017017,0.6711973778960895
161.78178178178177,0.66871846257163
161.86186186186185,0.6667705133837059
161.94194194194193,0.6646053458904569
162.022022022022,0.6629914235940522
162.1021021021021,0.6611760463198564
162.18218218218217,0.6598218226269623
162.26226226226225,0.658412703779398
162.34234234234233,0.6570169793036343
162.42242242242241,0.6560121420739556
162.5025025025025,0.6550649720861239
162.58258258258257,0.654090256573337
162.66266266266265,0.6529905162162932
162.74274274274273,0.6519932552549601
162.82282282282281,0.6514798005918183
162.9029029029029,0.6512773401231486
162.98298298298297,0.6515223555360957
163.06306306306305,0.6519078295834636
163.14314314314313,0.652324563574363
163.22322322322321,0.6529553956820552
163.3033033033033,0.6533107058884904
163.38338338338338,0.6538772385109077
163.46346346346346,0.6540261979083792
163.54354354354354,0.6547670851373858
163.62362362362362,0.654996441686096
163.7037037037037,0.6559105679565507
163.78378378378378,0.6565290166946764
163.86386386386386,0.6582774870865802
163.94394394394394,0.6596550846913867
164.02402402402402,0.6615785254210492
164.1041041041041,0.6630666532224547
164.18418418418418,0.6651610778148371
164.26426426426426,0.6665524067136226
164.34434434434434,0.6687885861198615
164.42442442442442,0.6704553294241312
164.5045045045045,0.6731331707060948
164.58458458458458,0.6751343881951051
164.66466466466466,0.678122543953774
164.74474474474474,0.680490988265178
164.82482482482482,0.683804242364015
164.9049049049049,0.6868896094330003
164.98498498498498,0.6902735825400264
165.06506506506506,0.6930901045024266
165.14514514514514,0.6964775855248165
165.22522522522522,0.6998898860838869
165.3053053053053,0.7037974848533668
165.38538538538538,0.706840082546822
165.46546546546546,0.7107266563864565
165.54554554554554,0.7144174336214943
165.62562562562562,0.7191168582166223
165.7057057057057,0.7232711245363097
165.78578578578578,0.7275248388947766
165.86586586586586,0.7320341309358687
165.94594594594594,0.7363747593337495
166.02602602602602,0.740970744864453
166.1061061061061,0.7454623119822968
166.18618618618618,0.7505749705749208
166.26626626626626,0.7556997308681794
166.34634634634634,0.7609897578437391
166.42642642642642,0.7662837802485183
166.5065065065065,0.7721581920725907
166.58658658658658,0.7777222637537917
166.66666666666666,0.7837282579800376
166.74674674674674,0.7889781722333661
166.82682682682682,0.7953863121653784
166.9069069069069,0.800854367308492
166.98698698698698,0.8072714526610282
167.06706706706706,0.8124628106311388
167.14714714714714,0.8191220616537674
167.22722722722722,0.8246371089843938
167.3073073073073,0.8313788120119802
167.38738738738738,0.8371963191996334
167.46746746746746,0.8445348670963887
167.54754754754754,0.8505844973665538
167.62762762762762,0.8575141450514486
167.7077077077077,0.8627424566000346
167.78778778778778,0.8692288140739036
167.86786786786786,0.8747711935538652
167.94794794794794,0.881481789172333
168.02802802802802,0.8868889514278119
168.1081081081081,0.893234183433458
168.18818818818818,0.8990269559132392
168.26826826826826,0.9058986879547929
168.34834834834834,0.9116770489802299
168.42842842842842,0.9174112657548521
168.5085085085085,0.922036055591552
168.58858858858858,0.9269008973201609
168.66866866866866,0.9311289437845577
168.74874874874874,0.9355502616672596
168.82882882882882,0.9399102799972956
168.9089089089089,0.9446123104164907
168.98898898898898,0.9488516532386314
169.06906906906906,0.9520963149171026
169.14914914914914,0.9548174040853821
169.22922922922922,0.9569924604923454
169.3093093093093,0.9594444264319498
169.38938938938938,0.9610771124282403
169.46946946946946,0.9626905162918505
169.54954954954954,0.9636371552527275
169.62962962962962,0.9647549032489907
169.7097097097097,0.9647454473080019
169.78978978978978,0.9647735914450651
169.86986986986986,0.9638949258476565
169.94994994994994,0.9632615799428205
170.03003003003002,0.961298447952439
170.1101101101101,0.9594219226616251
170.19019019019018,0.9565325549045499
170.27027027027026,0.9540859390106675
170.35035035035034,0.9508120126763738
170.43043043043042,0.9476595315453069
170.5105105105105,0.9433879764575607
170.59059059059058,0.9393721740403678
170.67067067067066,0.9347574603160989
170.75075075075074,0.9302141227343628
170.83083083083082,0.9248988230450683
170.9109109109109,0.9193740825501253
170.99099099099098,0.9136663017829065
171.07107107107106,0.9084064562943162
171.15115115115114,0.9029822689732774
171.23123123123122,0.8971990337982138
171.3113113113113,0.8910476705550125
171.39139139139138,0.8850227524939469
171.47147147147146,0.8788660297251004
171.55155155155154,0.8723935694955235
171.63163163163162,0.8656869679980966
171.7117117117117,0.8590976094412803
171.79179179179178,0.8526301919196134
171.87187187187186,0.8460804179542184
171.95195195195194,0.8397717809160071
172.03203203203202,0.8338426304939398
172.11211211211213,0.8281159633191326
172.19219219219218,0.8219414834068731
172.2722722722723,0.8157863976781135
172.35235235235234,0.8094784699859168
172.43243243243245,0.8035619102306948
172.5125125125125,0.7973410791019181
172.5925925925926,0.7914969199069501
172.67267267267266,0.7859329184756675
172.75275275275277,0.7806628841018405
172.83283283283282,0.7752159884845325
172.91291291291293,0.7697542117674946
172.99299299299298,0.7644286984177522
173.0730730730731,0.7593907348556337
173.15315315315314,0.7542680316833503
173.23323323323325,0.7493491643292346
173.3133133133133,0.744592547136664
173.3933933933934,0.739945897513582
173.47347347347346,0.7352644152543677
173.55355355355357,0.7308228017843319
173.63363363363362,0.7266871898018823
173.71371371371373,0.7227410840836572
173.79379379379378,0.7189666866972586
173.8738738738739,0.7152934734573055
173.95395395395394,0.711852243902996
174.03403403403405,0.7084276105670636
174.1141141141141,0.7045753582613823
174.1941941941942,0.700660994493137
174.27427427427426,0.6972012114530987
174.35435435435437,0.6944073807040981
174.43443443443442,0.6918546204709948
174.51451451451453,0.6892580182373522
174.59459459459458,0.6867916030149183
174.6746746746747,0.6844837976683493
174.75475475475474,0.6822218367031532
174.83483483483485,0.6799760818149609
174.9149149149149,0.677740225690915
174.994994994995,0.675731308682441
175.07507507507506,0.673809526853634
175.15515515515517,0.6718831032722267
175.23523523523522,0.6702518368502975
175.31531531531533,0.6690129191523916
175.39539539539538,0.6682438997950123
175.4754754754755,0.6674082090998511
175.55555555555554,0.6665548141963036
175.63563563563565,0.6654749335174674
175.7157157157157,0.664566182659986
175.7957957957958,0.6637656305820798
175.87587587587586,0.6630878928623777
175.95595595595597,0.662657437625194
176.03603603603602,0.6625094668263352
176.11611611611613,0.6624983875269502
176.19619619619618,0.6626436899044681
176.2762762762763,0.6630055429392226
176.35635635635634,0.6636623384122
176.43643643643645,0.6642566378986611
176.5165165165165,0.6646577593818359
176.5965965965966,0.6646051752228946
176.67667667667666,0.6648432495902863
176.75675675675677,0.6655047670317634
176.83683683683682,0.6664943566649411
176.91691691691693,0.6675160974287462
176.99699699699698,0.6687944917290941
177.0770770770771,0.6705756115873364
177.15715715715714,0.6725648989054198
177.23723723723725,0.6745774898437104
177.3173173173173,0.6763700463534651
177.3973973973974,0.6780667804015268
177.47747747747746,0.6798488518158209
177.55755755755757,0.6815546179370473
177.63763763763762,0.6833796967162132
177.71771771771773,0.6855682889550335
177.79779779779778,0.6881363662270052
177.8778778778779,0.690768530789796
177.95795795795794,0.6934729985461683
178.03803803803805,0.6964522222869224
178.1181181181181,0.699612595846276
178.1981981981982,0.7028289669673238
178.27827827827826,0.7059605254423577
178.35835835835837,0.7091613820065034
178.43843843843842,0.712588530752408
178.51851851851853,0.7162148757690653
178.59859859859858,0.7197848819586855
178.6786786786787,0.723349085817438
178.75875875875874,0.7270733395782064
178.83883883883885,0.731065661650845
178.9189189189189,0.735552678934628
178.998998998999,0.7403189704756813
179.07907907907907,0.7451654162043599
179.15915915915917,0.7497446069402406
179.23923923923923,0.7541710817475746
179.31931931931933,0.7589617476329533
179.39939939939939,0.7641987918281997
179.4794794794795,0.7696723939871658
179.55955955955955,0.7747783589355233
179.63963963963965,0.7795388431574645
179.7197197197197,0.7845535309079315
179.7997997997998,0.7900995298173101
179.87987987987987,0.7958930585921575
179.95995995995997,0.801805688019296
180.04004004004003,0.8076345224545808
180.12012012012013,0.8135173572821461
180.2002002002002,0.8192615783418455
180.2802802802803,0.8250994646833093
180.36036036036035,0.8310378529872787
180.44044044044045,0.8371157013726954
180.5205205205205,0.8431168593933525
180.60060060060061,0.8491510143454
180.68068068068067,0.8554350013776748
180.76076076076077,0.86181890447964
180.84084084084083,0.8681486970162564
180.92092092092093,0.8744510506608432
181.001001001001,0.8805596291057655
181.0810810810811,0.8864755754870655
181.16116116116115,0.8922217205660324
181.24124124124126,0.8981730466089344
181.3213213213213,0.90416309271434
181.40140140140142,0.9100180416973962
181.48148148148147,0.9153609296617581
181.56156156156158,0.9203328154277675
181.64164164164163,0.9251855001281781
181.72172172172174,0.9299661964585132
181.8018018018018,0.9346704490826934
181.8818818818819,0.9390087196802218
181.96196196196195,0.9430789855274028
182.04204204204206,0.9467814757263997
182.1221221221221,0.9503535997193202
182.20220220220222,0.9536392055591288
182.28228228228227,0.9563807288324668
182.36236236236238,0.9584674703433512
182.44244244244243,0.9601808872803271
182.52252252252254,0.9617480467854317
182.6026026026026,0.9630854262740236
182.6826826826827,0.9639387599237419
182.76276276276275,0.9643010598790838
182.84284284284286,0.9642570837533134
182.9229229229229,0.9638046347259875
183.00300300300302,0.962836936682708
183.08308308308307,0.9614785454138066
183.16316316316318,0.9598314180844069
183.24324324324323,0.9579329902313007
183.32332332332334,0.955519228054929
183.4034034034034,0.9528492940066856
183.4834834834835,0.9497486406369257
183.56356356356355,0.9462675437689919
183.64364364364366,0.9421948282604969
183.7237237237237,0.937858465267465
183.80380380380382,0.9335414885847316
183.88388388388387,0.9292071612993855
183.96396396396398,0.9245027097903868
184.04404404404403,0.9193646249866164
184.12412412412414,0.9138466489082097
184.2042042042042,0.9083199864329055
184.2842842842843,0.9026999102707433
184.36436436436435,0.8969676084742322
184.44444444444446,0.891216063578931
184.5245245245245,0.8852618802228059
184.60460460460462,0.8794521189729352
184.68468468468467,0.8733119604313281
184.76476476476478,0.8670122476662048
184.84484484484483,0.8604177050158773
184.92492492492494,0.8541827077129662
185.005005005005,0.8481764471916122
185.0850850850851,0.8421760380232728
185.16516516516515,0.8359793557701591
185.24524524524526,0.8295676989242164
185.3253253253253,0.8232527784375191
185.40540540540542,0.8174962624825068
185.48548548548547,0.8119479741302105
185.56556556556558,0.806464836332612
185.64564564564563,0.8007415194476906
185.72572572572574,0.795085856150129
185.8058058058058,0.7894876074262728
185.8858858858859,0.7840105705582847
185.96596596596595,0.7785430407177956
186.04604604604606,0.7731932003507559
186.1261261261261,0.7681954054210082
186.20620620620622,0.7631953340665945
186.28628628628627,0.7585989888291347
186.36636636636638,0.7541889954883304
186.44644644644643,0.7500794517620081
186.52652652652654,0.7456868196943064
186.6066066066066,0.7411068182914511
186.6866866866867,0.7367416812253639
186.76676676676675,0.732586031639303
186.84684684684686,0.728805124860862
186.9269269269269,0.7253780494917019
187.00700700700702,0.7216086360428531
187.08708708708707,0.7176841005193845
187.16716716716718,0.7139666533818343
187.24724724724723,0.7109076643339288
187.32732732732734,0.7082373219993542
187.4074074074074,0.7054864930387731
187.4874874874875,0.7026570535850379
187.56756756756755,0.6996680937881682
187.64764764764766,0.6969448552636022
187.7277277277277,0.6942418518297351
187.80780780780782,0.6918708437861896
187.88788788788787,0.6895757690594445
187.96796796796798,0.6875379183653231
188.04804804804803,0.6855487174310567
188.12812812812814,0.6838214583778709
188.2082082082082,0.6822335269135953
188.2882882882883,0.6806933455676288
188.36836836836835,0.6789452696705
188.44844844844846,0.6775176737914717
188.5285285285285,0.6761095314361647
188.60860860860862,0.675023492034403
188.68868868868867,0.6740351424435684
188.76876876876878,0.6732192357708333
188.84884884884883,0.6727649313825451
188.92892892892894,0.6722679970827273
189.009009009009,0.6717194121587412
189.0890890890891,0.6710148740201973
189.16916916916915,0.6703108409874713
189.24924924924926,0.669986901944528
189.3293293293293,0.6699193365780232
189.40940940940942,0.6703173355649302
189.48948948948947,0.6706709563217811
189.56956956956958,0.6710024194435268
189.64964964964963,0.6714835014691796
189.72972972972974,0.6717973614211938
189.8098098098098,0.6726349119293993
189.8898898898899,0.673547897117213
189.96996996996995,0.6746329467751181
190.05005005005006,0.6754248185527286
190.1301301301301,0.6761948251686563
190.21021021021022,0.6774388168539712
190.29029029029027,0.6789131021835607
190.37037037037038,0.6806629459310113
190.45045045045043,0.6823900103808341
190.53053053053054,0.6839757709819304
190.6106106106106,0.6856634774015472
190.6906906906907,0.6872603675953369
190.77077077077075,0.6892102600504333
190.85085085085086,0.6913359819958987
190.9309309309309,0.6937286848739942
191.01101101101102,0.696293821418429
191.09109109109107,0.6987980732293455
191.17117117117118,0.7014312648761847
191.25125125125123,0.7038619885721339
191.33133133133134,0.7067918859897343
191.41141141141142,0.7099375944384985
191.4914914914915,0.7132048279250673
191.57157157157158,0.7164659628827073
191.65165165165166,0.7199022215078218
191.73173173173174,0.7236452100553623
191.81181181181182,0.7278924447772049
191.8918918918919,0.732170426714041
191.97197197197198,0.7364399234970805
192.05205205205206,0.7401238672843208
192.13213213213214,0.744001352683554
192.21221221221222,0.7481310999025051
192.2922922922923,0.7531367903430616
192.37237237237238,0.7580717539495463
192.45245245245246,0.7630419416991174
192.53253253253254,0.7674236172961101
192.61261261261262,0.7722342630297878
192.6926926926927,0.7770499395678948
192.77277277277278,0.7822647208579507
192.85285285285286,0.7875223556686868
192.93293293293294,0.7930853352717687
193.01301301301302,0.7987221082183634
193.0930930930931,0.804630633568926
193.17317317317318,0.810527682324231
193.25325325325326,0.8164024480968454
193.33333333333334,0.8219990479866123
193.41341341341342,0.8276705808084641
193.4934934934935,0.8336383787200766
193.57357357357358,0.8396963589171945
193.65365365365366,0.8457059067805273
193.73373373373374,0.8516107721424714
193.81381381381382,0.8577213440145646
193.8938938938939,0.8637029635859163
193.97397397397398,0.8695563688480388
194.05405405405406,0.8754821910454332
194.13413413413414,0.8815419644326206
194.21421421421422,0.8875543788848609
194.2942942942943,0.893066301583056
194.37437437437438,0.8986265027373992
194.45445445445446,0.9040986973731951
194.53453453453454,0.9097819077617394
194.61461461461462,0.9149858561192786
194.6946946946947,0.919921446487719
194.77477477477478,0.9246093219725191
194.85485485485486,0.9291225929286351
194.93493493493494,0.9333924101391998
195.01501501501502,0.9376179246922679
195.0950950950951,0.9416751316839413
195.17517517517518,0.9453029901160468
195.25525525525526,0.948205348528396
195.33533533533534,0.9507708119650811
195.41541541541542,0.9532884047590346
195.4954954954955,0.9555988917629753
195.57557557557558,0.9576092963251941
195.65565565565566,0.95908145552272
195.73573573573574,0.960175899718928
195.81581581581582,0.9609507556452459
195.8958958958959,0.961641422561756
195.97597597597598,0.9617336643804092
196.05605605605606,0.9614976757047156
196.13613613613614,0.9605104617559145
196.21621621621622,0.9594998779870522
196.2962962962963,0.9578176412711128
196.37637637637638,0.9560052505385034
196.45645645645646,0.9531252616615502
196.53653653653654,0.9502800809645419
196.61661661661662,0.9470184771641
196.6966966966967,0.943916855320074
196.77677677677679,0.9401626235885676
196.85685685685687,0.9363630458512685
196.93693693693695,0.9321929343324394
197.01701701701703,0.9279531582457138
197.0970970970971,0.9230743735857393
197.17717717717719,0.918057990884206
197.25725725725727,0.9128240699790927
197.33733733733735,0.9077994863144664
197.41741741741743,0.9024386223937568
197.4974974974975,0.8967124124160262
197.57757757757759,0.8910957583215064
197.65765765765767,0.8855652120452153
197.73773773773775,0.8800920906022075
197.81781781781783,0.8742377721025931
197.8978978978979,0.8682657666108005
197.977977977978,0.8620671554694314
198.05805805805807,0.8557921594596856
198.13813813813815,0.8495162474129463
198.21821821821823,0.843734791454864
198.2982982982983,0.8382359448083795
198.3783783783784,0.832770804333018
198.45845845845847,0.8271126690543619
198.53853853853855,0.8213678179244013
198.61861861861863,0.8155811008554555
198.6986986986987,0.8101682907817739
198.7787787787788,0.8047561199630333
198.85885885885887,0.799487388532066
198.93893893893895,0.7937707446584882
199.01901901901903,0.7882606469486879
199.0990990990991,0.7832556353326495
199.1791791791792,0.7783995089018497
199.25925925925927,0.7735750172820995
199.33933933933935,0.7685322107110102
199.41941941941943,0.764051514765886
199.4994994994995,0.7594357347404942
199.5795795795796,0.7551386212659346
199.65965965965967,0.7507000081544963
199.73973973973975,0.7468029255083868
199.81981981981983,0.7426261144748787
199.8998998998999,0.7384670546132771
199.97997997998,0.7341510235034577
200.06006006006007,0.7306614938339091
200.14014014014015,0.7270901405226173
200.22022022022023,0.7238935028148784
200.3003003003003,0.7200101326280995
200.3803803803804,0.716473461971059
200.46046046046047,0.712940901754841
200.54054054054055,0.7101038760352384
200.62062062062063,0.7075275678843247
200.7007007007007,0.7051223148038008
200.7807807807808,0.7022052137820495
200.86086086086087,0.699550357193789
200.94094094094095,0.6969748395643545
201.02102102102103,0.6951709094209314
201.1011011011011,0.6930135962008537
201.1811811811812,0.6908139851537112
201.26126126126127,0.6884064746589929
201.34134134134135,0.6865318079632478
201.42142142142143,0.6847204350414037
201.5015015015015,0.683251660657324
201.5815815815816,0.6817868474131382
201.66166166166167,0.6807685007493977
201.74174174174175,0.6792974968614851
201.82182182182183,0.67774124473929
201.9019019019019,0.6763967826939515
201.981981981982,0.675745967521694
202.06206206206207,0.6753380634703465
202.14214214214215,0.6743398917976444
202.22222222222223,0.6736876262765038
202.3023023023023,0.672721427094446
202.3823823823824,0.673001173504085
202.46246246246247,0.6728745921266458
202.54254254254255,0.6732605873400684
202.62262262262263,0.6731264707502234
202.7027027027027,0.6732409424703785
202.7827827827828,0.6732749424842595
202.86286286286287,0.6736797665962282
202.94294294294295,0.6737400304773311
203.02302302302303,0.6743364401929315
203.1031031031031,0.6750853405448913
203.1831831831832,0.6763128706179206
203.26326326326327,0.6774701421658479
203.34334334334335,0.678606486836003
203.42342342342343,0.6799266021467285
203.5035035035035,0.6813897311214535
203.5835835835836,0.6828190244582535
203.66366366366367,0.6848853890135285
203.74374374374375,0.6865586266197836
203.82382382382383,0.6888283307864419
203.9039039039039,0.6904528040181304
203.983983983984,0.6929287853512545
204.06406406406407,0.6950607131987203
204.14414414414415,0.6978738471785604
204.22422422422423,0.700342505684071
204.3043043043043,0.7032181023982425
204.3843843843844,0.7057108255510569
204.46446446446447,0.7086448190088875
204.54454454454455,0.7113336174946503
204.62462462462463,0.7151311794908537
204.7047047047047,0.7187976818068109
204.7847847847848,0.7227295984198936
204.86486486486487,0.7259472742688157
204.94494494494495,0.7294456027702177
205.02502502502503,0.7328310774281549
205.1051051051051,0.7367096170809762
205.1851851851852,0.7408115071526719
205.26526526526527,0.7450645596050013
205.34534534534535,0.7496407482314661
205.42542542542543,0.753957664365072
205.5055055055055,0.7588549685543987
205.5855855855856,0.7634073321509103
205.66566566566567,0.768702667750787
205.74574574574575,0.7731377091536955
205.82582582582583,0.7785169352763771
205.9059059059059,0.7830792465431144
205.985985985986,0.7887584831863133
206.06606606606607,0.7935039025606871
206.14614614614615,0.7994485190896853
206.22622622622623,0.8045471515674185
206.3063063063063,0.8111214276818804
206.3863863863864,0.8161663056340716
206.46646646646647,0.8228588688146757
206.54654654654655,0.8278335478018937
206.62662662662663,0.8344485907193276
206.7067067067067,0.8392088780741107
206.7867867867868,0.8457684565884798
206.86686686686687,0.8509929365699972
206.94694694694695,0.8574482278493085
207.02702702702703,0.8628830354856744
207.1071071071071,0.8695196660000502
207.1871871871872,0.874935057814407
207.26726726726727,0.8807931597085552
207.34734734734735,0.8859116646256335
207.42742742742743,0.8922632170082142
207.5075075075075,0.8976119306259441
207.5875875875876,0.9035713356963342
207.66766766766767,0.9080751371984008
207.74774774774775,0.9134899948146188
207.82782782782783,0.9182200326158816
207.9079079079079,0.9233151496233608
207.987987987988,0.9277669466619348
208.06806806806807,0.9321934431812527
208.14814814814815,0.9365685761292291
208.22822822822823,0.9401715443156413
208.3083083083083,0.943894010969246
208.3883883883884,0.9472696079919821
208.46846846846847,0.9503578098250812
208.54854854854855,0.9526334798585416
208.62862862862863,0.9545886365879509
208.7087087087087,0.9564697582915002
208.7887887887888,0.9582635674948853
208.86886886886887,0.9593751303490253
208.94894894894895,0.9598622199476671
209.02902902902903,0.9593150742836487
209.1091091091091,0.9592613050244826
209.1891891891892,0.9587135220103241
209.26926926926927,0.9589609437437739
209.34934934934935,0.9576408718949626
209.42942942942943,0.9565882269673815
209.5095095095095,0.9541780748033194
209.5895895895896,0.9523826621532385
209.66966966966967,0.9491925003424831
209.74974974974975,0.9464984377596654
209.82982982982983,0.9431458796650545
209.9099099099099,0.9402534299311974
209.98998998999,0.9364902893644604
210.07007007007007,0.9329739583777374
210.15015015015015,0.9288315905839486
210.23023023023023,0.9245746152602834
210.3103103103103,0.9194636482025922
210.3903903903904,0.91411589672799
210.47047047047047,0.9087771749519108
210.55055055055055,0.9036420224477969
210.63063063063063,0.8987401593507532
210.7107107107107,0.8933026215841829
210.7907907907908,0.8880458794301589
210.87087087087087,0.8823257566964682
210.95095095095095,0.8764909056734091
211.03103103103103,0.8703096542592282
211.11111111111111,0.8649295502181237
211.1911911911912,0.8595444007000307
211.27127127127127,0.8548009316305786
211.35135135135135,0.8488237200372122
211.43143143143143,0.8430300926600451
211.51151151151151,0.8364600909038715
211.5915915915916,0.8310574257487567
211.67167167167167,0.8248378633334706
211.75175175175175,0.8198976980803006
211.83183183183183,0.8138417886345386
211.91191191191191,0.8090291637536059
211.991991991992,0.8027037461045868
212.07207207207207,0.7980512613131446
212.15215215215215,0.7922110816481011
212.23223223223223,0.7875594421896532
212.31231231231232,0.7816025823893399
212.3923923923924,0.7770550762159727
212.47247247247248,0.7714703825673134
212.55255255255256,0.767486620473494
212.63263263263264,0.7622450287579299
212.71271271271272,0.7584546338386857
212.7927927927928,0.7528198563479022
212.87287287287288,0.7490273659321613
212.95295295295296,0.7441891562292926
213.03303303303304,0.741330240984874
213.11311311311312,0.7369640768217012
213.1931931931932,0.7334978062034507
213.27327327327328,0.7291137836139003
213.35335335335336,0.7256737342401324
213.43343343343344,0.7214818120123004
213.51351351351352,0.7178250835344819
213.5935935935936,0.7142737058013743
213.67367367367368,0.7116417326879204
213.75375375375376,0.7089203474690821
213.83383383383384,0.7061436714343376
213.91391391391392,0.703501583107064
213.993993993994,0.7005346935362405
214.07407407407408,0.6980591232424465
214.15415415415416,0.6948051514168722
214.23423423423424,0.6927970521825215
214.31431431431432,0.6907160296450501
214.3943943943944,0.6889319985800242
214.47447447447448,0.6867401716984075
214.55455455455456,0.6842997211671523
214.63463463463464,0.6822334392368172
214.71471471471472,0.6807721743775813
214.7947947947948,0.6795249695317851
214.87487487487488,0.6788756433826718
214.95495495495496,0.6771801977707494
215.03503503503504,0.6767114520641927
215.11511511511512,0.6750711640555147
215.1951951951952,0.6745051474799754
215.27527527527528,0.6730997915105253
215.35535535535536,0.6727265357025587
215.43543543543544,0.672067117004535
215.51551551551552,0.6721795890642619
215.5955955955956,0.6717308770902051
215.67567567567568,0.6723402802985242
215.75575575575576,0.6720675918124348
215.83583583583584,0.6730013146577544
215.91591591591592,0.6722514952273627
215.995995995996,0.6733354483496278
216.07607607607608,0.6736753944366322
216.15615615615616,0.6755265767493186
216.23623623623624,0.6761633943210082
216.31631631631632,0.6771863613442426
216.3963963963964,0.6777734630587924
216.47647647647648,0.67946558793189
216.55655655655656,0.6807502426657885
216.63663663663664,0.6824539832134193
216.71671671671672,0.6831671808344516
216.7967967967968,0.6856311782322349
216.87687687687688,0.6872899864841027
216.95695695695696,0.6901280958412739
217.03703703703704,0.6915530022598645
217.11711711711712,0.6942049817038537
217.1971971971972,0.6962713675542918
217.27727727727728,0.6990815718398988
217.35735735735736,0.7011418837766809
217.43743743743744,0.7040731420395143
217.51751751751752,0.7068867977632662
217.5975975975976,0.7104044438945236
217.67767767767768,0.7121319003269908
217.75775775775776,0.7156439546127302
217.83783783783784,0.7187114305696413
217.91791791791792,0.7234412988377803
217.997997997998,0.7268380977111023
218.07807807807808,0.7312222955590798
218.15815815815816,0.735225479884969
218.23823823823824,0.7393132533035736
218.31831831831832,0.7433516538165578
218.3983983983984,0.7474567195961714
218.47847847847848,0.7519045403060387
218.55855855855856,0.7563585521630531
218.63863863863864,0.7606071013013908
218.71871871871872,0.7657069081773904
218.7987987987988,0.7701388740430636
218.87887887887888,0.7754054776545248
218.95895895895896,0.780434447539127
219.03903903903904,0.7863567377485692
219.11911911911912,0.7915461106997127
219.1991991991992,0.7968392957308061
219.27927927927928,0.8015266646505588
219.35935935935936,0.8071801589054612
219.43943943943944,0.8130028022356427
219.51951951951952,0.8186483232719605
219.5995995995996,0.8251069273110392
219.67967967967968,0.8305939465464416
219.75975975975976,0.838158899089598
219.83983983983984,0.843110740581142
219.91991991991992,0.8498493106382592
220.0,0.854056567637993
