freq,trans
140.0,0.29693585139737055
140.08008008008008,0.299099451509522
140.16016016016016,0.30184914953206604
140.24024024024024,0.30721144620256996
140.32032032032032,0.31311992321113297
140.4004004004004,0.31937651297892333
140.48048048048048,0.3251806582398735
140.56056056056056,0.33037161689033784
140.64064064064064,0.3349220504432866
140.72072072072072,0.3401435673225126
140.8008008008008,0.345727515484719
140.88088088088088,0.35115467468649264
140.96096096096096,0.3555000321562877
141.04104104104104,0.3597786847543589
141.12112112112112,0.3637457732131998
141.2012012012012,0.3686254088550259
141.28128128128128,0.37136994465151246
141.36136136136136,0.3750410277695697
141.44144144144144,0.3771556851545369
141.52152152152152,0.3810749441407994
141.6016016016016,0.38281476015702587
141.68168168168168,0.3854951127940637
141.76176176176176,0.38695019943068926
141.84184184184184,0.3895934533449694
141.92192192192192,0.390476992205724
142.002002002002,0.391373711221346
142.08208208208208,0.3910202345899211
142.16216216216216,0.3915463369103657
142.24224224224224,0.3911808715714053
142.32232232232232,0.3910943250607264
142.4024024024024,0.3896788583816763
142.48248248248248,0.3887459056215064
142.56256256256256,0.38764756640721126
142.64264264264264,0.38596216393219684
142.72272272272272,0.38409345597600014
142.8028028028028,0.38049155940126594
142.88288288288288,0.3781373372296333
142.96296296296296,0.3744291300289277
143.04304304304304,0.3721677680585321
143.12312312312312,0.3684653712992467
143.2032032032032,0.36656187509164784
143.28328328328328,0.3624393214074919
143.36336336336336,0.35967938494090157
143.44344344344344,0.35383124085303
143.52352352352352,0.3509819322785096
143.6036036036036,0.3455284421469384
143.68368368368368,0.3428916523506167
143.76376376376376,0.3372000494950195
143.84384384384384,0.33396113432441077
143.92392392392392,0.3283758217110284
144.004004004004,0.32436402861197544
144.08408408408408,0.3186748854454746
144.16416416416416,0.3141819823052122
144.24424424424424,0.30940019211233916
144.32432432432432,0.30512868275226157
144.4044044044044,0.3006491969569552
144.48448448448448,0.29541209937606205
144.56456456456456,0.29061227327901884
144.64464464464464,0.28552339792565956
144.72472472472472,0.28167709603163243
144.8048048048048,0.2760674774553772
144.88488488488488,0.2719234229140942
144.96496496496496,0.2664021587621468
145.04504504504504,0.26299057247836016
145.12512512512512,0.2579531883134195
145.2052052052052,0.2539615266399951
145.28528528528528,0.24871284008844827
145.36536536536536,0.24524611991884782
145.44544544544544,0.24112401539618827
145.52552552552552,0.23796996763602335
145.6056056056056,0.23339376785922777
145.68568568568568,0.23026386088698164
145.76576576576576,0.2260471245356262
145.84584584584584,0.22331504557861684
145.92592592592592,0.21950209968462717
146.006006006006,0.21695768912185498
146.08608608608608,0.21403325310392088
146.16616616616616,0.21161123245272254
146.24624624624624,0.2089063024360411
146.32632632632632,0.20648175134555147
146.4064064064064,0.20376308759979964
146.48648648648648,0.20142925199219633
146.56656656656656,0.1990951882070651
146.64664664664664,0.19727545891291062
146.72672672672672,0.19529042721416204
146.8068068068068,0.19344075852425097
146.88688688688688,0.19197986412964965
146.96696696696696,0.1903328061671127
147.04704704704704,0.1889575177352796
147.12712712712712,0.187113897404193
147.2072072072072,0.1859535183738233
147.28728728728728,0.18512184356404268
147.36736736736736,0.18471892053944317
147.44744744744744,0.18446222921024397
147.52752752752752,0.18382909851253054
147.6076076076076,0.18305337122328805
147.68768768768768,0.1825337773827769
147.76776776776777,0.18213024222332225
147.84784784784785,0.18257418565834668
147.92792792792793,0.18272530577669105
148.008008008008,0.18326596588982255
148.08808808808809,0.1834128400164275
148.16816816816817,0.1844344095978063
148.24824824824825,0.18537496288242838
148.32832832832833,0.18633072977884366
148.4084084084084,0.18710681175246338
148.48848848848849,0.18815118002369774
148.56856856856857,0.1895310187969537
148.64864864864865,0.19088943248007026
148.72872872872873,0.19230124989860203
148.8088088088088,0.19396888488122843
148.88888888888889,0.19588296888772666
148.96896896896897,0.19793794156760539
149.04904904904905,0.19982807622776794
149.12912912912913,0.20232817732658076
149.2092092092092,0.20514056135966732
149.2892892892893,0.20806253557632234
149.36936936936937,0.21029593508616834
149.44944944944945,0.21222230341721435
149.52952952952953,0.21470743392480315
149.6096096096096,0.21788168689237494
149.6896896896897,0.22117368543140484
149.76976976976977,0.22417425803150715
149.84984984984985,0.22739840517511556
149.92992992992993,0.23098561248842453
150.01001001001,0.23498950857124365
150.0900900900901,0.23860303584694806
150.17017017017017,0.24251986889844884
150.25025025025025,0.24652225135990483
150.33033033033033,0.25113163908244945
150.4104104104104,0.25598093944773215
150.4904904904905,0.26114643619488087
150.57057057057057,0.26628664961142934
150.65065065065065,0.2712335170474469
150.73073073073073,0.27611762952933616
150.8108108108108,0.28138933899113855
150.8908908908909,0.28672468556953146
150.97097097097097,0.29241450951846115
151.05105105105105,0.29792523897978546
151.13113113113113,0.303621912874497
151.2112112112112,0.3091634128292948
151.2912912912913,0.31543583618013693
151.37137137137137,0.3220922234818949
151.45145145145145,0.3287993717658977
151.53153153153153,0.33509173643247425
151.6116116116116,0.34094025367863995
151.6916916916917,0.3475671885974088
151.77177177177177,0.3542484934489849
151.85185185185185,0.361352672768307
151.93193193193193,0.3674746622720437
152.012012012012,0.37425352902270353
152.0920920920921,0.38099354952872155
152.17217217217217,0.3880700198078
152.25225225225225,0.3944097610010885
152.33233233233233,0.40087495888368924
152.4124124124124,0.4071155941716111
152.4924924924925,0.4135151101792537
152.57257257257257,0.4192681086541798
152.65265265265265,0.4256888276001809
152.73273273273273,0.43122201716924347
152.8128128128128,0.437196596714382
152.8928928928929,0.44189653906273546
152.97297297297297,0.4472775667331153
153.05305305305305,0.45194199425733783
153.13313313313313,0.45693732994525793
153.2132132132132,0.46110426488745465
153.2932932932933,0.46579200988961195
153.37337337337337,0.4696769623544841
153.45345345345345,0.4734246096932432
153.53353353353353,0.47610909579047084
153.6136136136136,0.4785854843216503
153.6936936936937,0.48115265872830704
153.77377377377377,0.48363244836789465
153.85385385385385,0.4860283896356578
153.93393393393393,0.4872784664376381
154.014014014014,0.48863175008086923
154.0940940940941,0.4892338880932642
154.17417417417417,0.49047436678616263
154.25425425425425,0.49030695238735067
154.33433433433433,0.490657522838265
154.4144144144144,0.490226956449122
154.4944944944945,0.49062779454807204
154.57457457457457,0.4897981438853969
154.65465465465465,0.48930493950021753
154.73473473473473,0.4878895561941001
154.8148148148148,0.4874439327890959
154.8948948948949,0.486078935454253
154.97497497497497,0.48485392931658944
155.05505505505505,0.48292104798555463
155.13513513513513,0.481509640788347
155.2152152152152,0.47916182925723805
155.2952952952953,0.47692466079551865
155.37537537537537,0.47424487211180644
155.45545545545545,0.47177498682883906
155.53553553553553,0.46895799980462044
155.6156156156156,0.46598312721639307
155.6956956956957,0.4632558461333791
155.77577577577577,0.4607388093779113
155.85585585585585,0.4579847375789119
155.93593593593593,0.4551148708905492
156.016016016016,0.4520636415293194
156.0960960960961,0.44858634814100307
156.17617617617617,0.4445906093753098
156.25625625625625,0.4407688785806534
156.33633633633633,0.43723890906124663
156.4164164164164,0.4335195927379219
156.4964964964965,0.4298603212995536
156.57657657657657,0.4253983326645462
156.65665665665665,0.4212299167054294
156.73673673673673,0.4163469947086954
156.8168168168168,0.41181427330788645
156.8968968968969,0.4065344011026652
156.97697697697697,0.40177177308537415
157.05705705705705,0.39696432584088887
157.13713713713713,0.3926222090717561
157.2172172172172,0.38802258034116854
157.2972972972973,0.3838477239477237
157.37737737737737,0.37916199577702714
157.45745745745745,0.37451611413542596
157.53753753753753,0.369293634272782
157.6176176176176,0.36447968516595336
157.6976976976977,0.35973726422173263
157.77777777777777,0.35504421977271
157.85785785785785,0.3502317880829776
157.93793793793793,0.34547974420810973
158.018018018018,0.3409448689402685
158.0980980980981,0.33645438558416796
158.17817817817817,0.3318915212148281
158.25825825825825,0.3274339156991914
158.33833833833833,0.32302191806169284
158.4184184184184,0.31862099464696586
158.4984984984985,0.31432737679061074
158.57857857857857,0.310132658859277
158.65865865865865,0.30637435768507787
158.73873873873873,0.30264289140496803
158.8188188188188,0.29933864489187073
158.8988988988989,0.29628845878946963
158.97897897897897,0.2934945010223695
159.05905905905905,0.2905540257888979
159.13913913913913,0.28769048050073626
159.2192192192192,0.28483713330845595
159.2992992992993,0.28226261488365545
159.37937937937937,0.27966328796907675
159.45945945945945,0.27742293097182613
159.53953953953953,0.27518888862787644
159.6196196196196,0.2734785594164113
159.6996996996997,0.2715284034467196
159.77977977977977,0.26997171679213233
159.85985985985985,0.26824542969193743
159.93993993993993,0.2668952307902863
160.02002002002,0.2656441770643108
160.1001001001001,0.2645654079361162
160.18018018018017,0.26342113858870714
160.26026026026025,0.2624865965084525
160.34034034034033,0.26181853706540353
160.4204204204204,0.26141874099161844
160.5005005005005,0.2615741837636674
160.58058058058057,0.2618821538094878
160.66066066066065,0.26247662597620575
160.74074074074073,0.26309891481149067
160.8208208208208,0.2640882198037214
160.9009009009009,0.2650776632667284
160.98098098098097,0.2659651380090988
161.06106106106105,0.2665417013589975
161.14114114114113,0.267674290406995
161.2212212212212,0.26935715739369515
161.3013013013013,0.27173515783085755
161.38138138138137,0.2739687515439082
161.46146146146145,0.2762093929070304
161.54154154154153,0.278455176836979
161.6216216216216,0.28095109995416734
161.7017017017017,0.28343991356751674
161.78178178178177,0.285787874594873
161.86186186186185,0.28847482208068703
161.94194194194193,0.2918205294877649
162.022022022022,0.295577788837083
162.1021021021021,0.29959603192240786
162.18218218218217,0.3038107299911116
162.26226226226225,0.3082848398192945
162.34234234234233,0.3126861734155395
162.42242242242241,0.3172254327197667
162.5025025025025,0.32186799188069615
162.58258258258257,0.3269165916678949
162.66266266266265,0.3320755741180591
162.74274274274273,0.33692901797017294
162.82282282282281,0.341907646548567
162.9029029029029,0.3471514612528831
162.98298298298297,0.35328931886145304
163.06306306306305,0.3594681484379243
163.14314314314313,0.365751098523074
163.22322322322321,0.3716686581394977
163.3033033033033,0.3777739389995369
163.38338338338338,0.38380242884018767
163.46346346346346,0.38996413878653163
163.54354354354354,0.3962396781465822
163.62362362362362,0.4030271353660181
163.7037037037037,0.40998404887463363
163.78378378378378,0.4172185792163114
163.86386386386386,0.42437126278675763
163.94394394394394,0.4319301778257796
164.02402402402402,0.4391050051898551
164.1041041041041,0.44582725343152413
164.18418418418418,0.45224695382382923
164.26426426426426,0.45889913799105336
164.34434434434434,0.4654269417085609
164.42442442442442,0.47166796546053735
164.5045045045045,0.4776872002613262
164.58458458458458,0.48360733955323765
164.66466466466466,0.4892218463876478
164.74474474474474,0.4944298240046434
164.82482482482482,0.49953626118464906
164.9049049049049,0.5046219513282082
164.98498498498498,0.509494814070274
165.06506506506506,0.5136778878651741
165.14514514514514,0.5174431076946198
165.22522522522522,0.5210103385274224
165.3053053053053,0.5248668271278907
165.38538538538538,0.5280844242239802
165.46546546546546,0.5311975936604222
165.54554554554554,0.5336025501370391
165.62562562562562,0.5361499132113878
165.7057057057057,0.5382499950932452
165.78578578578578,0.540112378514675
165.86586586586586,0.5416836684930046
165.94594594594594,0.5431178137464103
166.02602602602602,0.544250645386843
166.1061061061061,0.5450608976582917
166.18618618618618,0.5454241971182585
166.26626626626626,0.5458232624865309
166.34634634634634,0.5461759785867225
166.42642642642642,0.5465840504644184
166.5065065065065,0.5465921741468074
166.58658658658658,0.5462411160079161
166.66666666666666,0.5456505641900278
166.74674674674674,0.5448899995805492
166.82682682682682,0.5443118630521024
166.9069069069069,0.5433511086815888
166.98698698698698,0.5428216789120337
167.06706706706706,0.5417982317702096
167.14714714714714,0.5410639263154096
167.22722722722722,0.5397002264214489
167.3073073073073,0.5385937363106607
167.38738738738738,0.5370711058524417
167.46746746746746,0.5357966175110064
167.54754754754754,0.5340427276358138
167.62762762762762,0.5328816972234897
167.7077077077077,0.5311849124461347
167.78778778778778,0.5298027064740481
167.86786786786786,0.5278308598359635
167.94794794794794,0.5263643845576538
168.02802802802802,0.5245945246140271
168.1081081081081,0.5229401897218153
168.18818818818818,0.5210513693280594
168.26826826826826,0.5192378778915305
168.34834834834834,0.5174720835316956
168.42842842842842,0.5154188032497227
168.5085085085085,0.5135113611257155
168.58858858858858,0.5115690668887812
168.66866866866866,0.509837751693808
168.74874874874874,0.5075515318649755
168.82882882882882,0.5050012444341583
168.9089089089089,0.5020807224757319
168.98898898898898,0.49952860000763927
169.06906906906906,0.49658893304214036
169.14914914914914,0.49390125682618147
169.22922922922922,0.4907797488437016
169.3093093093093,0.4883470980490161
169.38938938938938,0.4851229072419873
169.46946946946946,0.48200872258980937
169.54954954954954,0.4783741625604889
169.62962962962962,0.47537667459140187
169.7097097097097,0.47192182681308853
169.78978978978978,0.46834024570784477
169.86986986986986,0.46416403793414757
169.94994994994994,0.46053159356815604
170.03003003003002,0.45672258545131555
170.1101101101101,0.45299851072432373
170.19019019019018,0.44836861916878706
170.27027027027026,0.44408687372119054
170.35035035035034,0.439969385365004
170.43043043043042,0.43640443731674855
170.5105105105105,0.43227673974930614
170.59059059059058,0.428093407369402
170.67067067067066,0.4236350030493563
170.75075075075074,0.41948056601355405
170.83083083083082,0.4152538467315868
170.9109109109109,0.411343464506654
170.99099099099098,0.4075469908055134
171.07107107107106,0.4038931115025204
171.15115115115114,0.39988381106759224
171.23123123123122,0.39609249380653033
171.3113113113113,0.39241853347107614
171.39139139139138,0.3889977341458831
171.47147147147146,0.38531599514410086
171.55155155155154,0.3816100869235598
171.63163163163162,0.3782413306649728
171.7117117117117,0.37508049191250625
171.79179179179178,0.3721902221293897
171.87187187187186,0.36917977175219013
171.95195195195194,0.36639295796897003
172.03203203203202,0.3636123790312438
172.11211211211213,0.3611076453747697
172.19219219219218,0.35871493136065974
172.2722722722723,0.35663649448926993
172.35235235235234,0.35463768619522296
172.43243243243245,0.35312258299957416
172.5125125125125,0.3514562784128838
172.5925925925926,0.35007148827082835
172.67267267267266,0.3485153135612029
172.75275275275277,0.34765988282112076
172.83283283283282,0.34693689002000516
172.91291291291293,0.3466832807930182
172.99299299299298,0.3463886912697544
173.0730730730731,0.3466015439640592
173.15315315315314,0.3467283065120979
173.23323323323325,0.3472463080757001
173.3133133133133,0.3477357633111723
173.3933933933934,0.3487445390624224
173.47347347347346,0.34993586693200923
173.55355355355357,0.35150893180126713
173.63363363363362,0.3532660686374029
173.71371371371373,0.355579962302124
173.79379379379378,0.35784553823326115
173.8738738738739,0.36005791597546893
173.95395395395394,0.36223975679972936
174.03403403403405,0.3653002769454795
174.1141141141141,0.3687086266392653
174.1941941941942,0.3722408377189399
174.27427427427426,0.3757409081766345
174.35435435435437,0.37966522727648544
174.43443443443442,0.384006279809988
174.51451451451453,0.3884819537538016
174.59459459459458,0.3930987241975582
174.6746746746747,0.3978066288378719
174.75475475475474,0.4027147294324205
174.83483483483485,0.4076432060905059
174.9149149149149,0.41295038892501723
174.994994994995,0.41852865901846514
175.07507507507506,0.4243582547915869
175.15515515515517,0.430131874085498
175.23523523523522,0.436080834873039
175.31531531531533,0.44220010989840935
175.39539539539538,0.44852185628324776
175.4754754754755,0.45472751912989356
175.55555555555554,0.46103936934900863
175.63563563563565,0.4674007640586473
175.7157157157157,0.47391667527818215
175.7957957957958,0.47990028783256405
175.87587587587586,0.485707524013553
175.95595595595597,0.4916530129284692
176.03603603603602,0.49833119329531844
176.11611611611613,0.504983393562506
176.19619619619618,0.5113052346255244
176.2762762762763,0.5170512088994705
176.35635635635634,0.5226861342426691
176.43643643643645,0.5279354494178398
176.5165165165165,0.5330055813739656
176.5965965965966,0.5379292446452
176.67667667667666,0.5426107766506626
176.75675675675677,0.5467724213629204
176.83683683683682,0.5506327760171927
176.91691691691693,0.5545791825754295
176.99699699699698,0.5587330147679969
177.0770770770771,0.562342292626407
177.15715715715714,0.5651264997604531
177.23723723723725,0.5673133568794906
177.3173173173173,0.5693968860893908
177.3973973973974,0.5714324731668469
177.47747747747746,0.5732769111592197
177.55755755755757,0.5745819000504984
177.63763763763762,0.5757484144125546
177.71771771771773,0.576838930355888
177.79779779779778,0.5778806870781106
177.8778778778779,0.5785028540269569
177.95795795795794,0.5787514435526446
178.03803803803805,0.5787203347270127
178.1181181181181,0.5783103401428384
178.1981981981982,0.5779386875797998
178.27827827827826,0.5774166608150417
178.35835835835837,0.5769378834886941
178.43843843843842,0.5762323958833492
178.51851851851853,0.5754846645916362
178.59859859859858,0.5748603058994964
178.6786786786787,0.5740488503143886
178.75875875875874,0.5731138732336742
178.83883883883885,0.5718708682144148
178.9189189189189,0.5707680689701626
178.998998998999,0.5697200094741611
179.07907907907907,0.5686547016591216
179.15915915915917,0.5675828889647551
179.23923923923923,0.5661425376106786
179.31931931931933,0.5648640304333862
179.39939939939939,0.5637344455675699
179.4794794794795,0.5628408519500789
179.55955955955955,0.5618261059569596
179.63963963963965,0.5604531688076624
179.7197197197197,0.559311090474494
179.7997997997998,0.5583154795066413
179.87987987987987,0.5573289258972198
179.95995995995997,0.5561604206471092
180.04004004004003,0.5551441380092433
180.12012012012013,0.5545051884398094
180.2002002002002,0.5538224278060394
180.2802802802803,0.5529483938801608
180.36036036036035,0.5518050198193171
180.44044044044045,0.5508666921152623
180.5205205205205,0.550007025211798
180.60060060060061,0.5489024862772789
180.68068068068067,0.547681638380409
180.76076076076077,0.5464582382734682
180.84084084084083,0.5455175042397582
180.92092092092093,0.5449379534964423
181.001001001001,0.5444912028781247
181.0810810810811,0.5437235521400614
181.16116116116115,0.5425659092233893
181.24124124124126,0.541518613607043
181.3213213213213,0.5407404500496283
181.40140140140142,0.5400568571439976
181.48148148148147,0.5390155150629895
181.56156156156158,0.5378260315099112
181.64164164164163,0.536645336800298
181.72172172172174,0.5354093869890949
181.8018018018018,0.5343299229406517
181.8818818818819,0.5332189874578004
181.96196196196195,0.5321579521518294
182.04204204204206,0.530724485866079
182.1221221221221,0.5290647352445458
182.20220220220222,0.5272718995551734
182.28228228228227,0.5253701594112138
182.36236236236238,0.5235959949321717
182.44244244244243,0.5217012734567505
182.52252252252254,0.5199110357355841
182.6026026026026,0.5179528872793964
182.6826826826827,0.5158748733761435
182.76276276276275,0.5137922296902855
182.84284284284286,0.5116052653807747
182.9229229229229,0.5093616107290321
183.00300300300302,0.5067888495719058
183.08308308308307,0.5039885842668465
183.16316316316318,0.5014252444826109
183.24324324324323,0.4990749545414324
183.32332332332334,0.49671961566888656
183.4034034034034,0.4939859800397156
183.4834834834835,0.4910614879565586
183.56356356356355,0.48812436940294085
183.64364364364366,0.4852975589216434
183.7237237237237,0.4825513267449201
183.80380380380382,0.47983615056647194
183.88388388388387,0.4769723871449173
183.96396396396398,0.4741062779815889
184.04404404404403,0.47124116265810245
184.12412412412414,0.46857573965267774
184.2042042042042,0.46599588944193326
184.2842842842843,0.4633801237118813
184.36436436436435,0.4607505499521931
184.44444444444446,0.45816947120527163
184.5245245245245,0.4557903674534884
184.60460460460462,0.45386924801702955
184.68468468468467,0.4522078860834278
184.76476476476478,0.45077871558221416
184.84484484484483,0.4491256818823901
184.92492492492494,0.44751196807088944
185.005005005005,0.44585883538517174
185.0850850850851,0.44485979535443143
185.16516516516515,0.44411536301685256
185.24524524524526,0.44356136293061127
185.3253253253253,0.4431072877867449
185.40540540540542,0.4430536147483746
185.48548548548547,0.44321907369223207
185.56556556556558,0.443439859222373
185.64564564564563,0.44384586700500933
185.72572572572574,0.44462146693444443
185.8058058058058,0.4454546683849841
185.8858858858859,0.4461172726801268
185.96596596596595,0.44721934236733635
186.04604604604606,0.4491638895023671
186.1261261261261,0.45180310454764594
186.20620620620622,0.45433591447000227
186.28628628628627,0.456997344905464
186.36636636636638,0.4597998611726885
186.44644644644643,0.463102461776714
186.52652652652654,0.4664175796068841
186.6066066066066,0.46986938479978185
186.6866866866867,0.4735398440038893
186.76676676676675,0.4776082489026599
186.84684684684686,0.4819224708546653
186.9269269269269,0.4863723137863176
187.00700700700702,0.49080804267115125
187.08708708708707,0.4955094159372231
187.16716716716718,0.5005245256518743
187.24724724724723,0.5056846824349799
187.32732732732734,0.5106799484736827
187.4074074074074,0.5156607529516188
187.4874874874875,0.5209020808205945
187.56756756756755,0.5263543100424036
187.64764764764766,0.5318591854969236
187.7277277277277,0.5369518588753333
187.80780780780782,0.5418385996965599
187.88788788788787,0.5468242833251944
187.96796796796798,0.551907922477337
188.04804804804803,0.5570452945482406
188.12812812812814,0.5620351951349134
188.2082082082082,0.5668524225986764
188.2882882882883,0.5714383415833076
188.36836836836835,0.5754758454389839
188.44844844844846,0.5792809614147657
188.5285285285285,0.582755161533189
188.60860860860862,0.5860551426396877
188.68868868868867,0.5890813998132064
188.76876876876878,0.5918238480615216
188.84884884884883,0.5944493477723913
188.92892892892894,0.5966440627473225
189.009009009009,0.5983968489283918
189.0890890890891,0.5998346851716514
189.16916916916915,0.6011135689829245
189.24924924924926,0.6022425735699997
189.3293293293293,0.6031672637423228
189.40940940940942,0.6037297136601203
189.48948948948947,0.6040024913147426
189.56956956956958,0.6039581590958352
189.64964964964963,0.6037460268426795
189.72972972972974,0.603440367528348
189.8098098098098,0.6028242415777552
189.8898898898899,0.6019586016307448
189.96996996996995,0.6009473192704675
190.05005005005006,0.5998303260761715
190.1301301301301,0.5985417759845437
190.21021021021022,0.5970886948136694
190.29029029029027,0.5955505925670098
190.37037037037038,0.5938345759318995
190.45045045045043,0.591908432687823
190.53053053053054,0.5900220112654205
190.6106106106106,0.5882896807995677
190.6906906906907,0.5867063725451933
190.77077077077075,0.5848536943265844
190.85085085085086,0.5830115402258603
190.9309309309309,0.5810880761313965
191.01101101101102,0.5795421393191401
191.09109109109107,0.5779701532670815
191.17117117117118,0.5763700414367879
191.25125125125123,0.5745974000301447
191.33133133133134,0.5730483198603099
191.41141141141142,0.5715562315553537
191.4914914914915,0.5701392511525187
191.57157157157158,0.5684882883447125
191.65165165165166,0.5669964411408243
191.73173173173174,0.5653262526445477
191.81181181181182,0.5636873411345508
191.8918918918919,0.5619800408297454
191.97197197197198,0.5607261116620166
192.05205205205206,0.5599051974574283
192.13213213213214,0.5589843447416237
192.21221221221222,0.5578064414912969
192.2922922922923,0.5564964087884258
192.37237237237238,0.5555384529525009
192.45245245245246,0.5547018774369071
192.53253253253254,0.5538312934673466
192.61261261261262,0.5530260403840964
192.6926926926927,0.5523280893107092
192.77277277277278,0.5517500268749083
192.85285285285286,0.5513305430063619
192.93293293293294,0.5509287775167224
193.01301301301302,0.5506200590027275
193.0930930930931,0.5501461772992625
193.17317317317318,0.5497540254793652
193.25325325325326,0.5493628074013532
193.33333333333334,0.5494566750136372
193.41341341341342,0.549606018449727
193.4934934934935,0.5500167804160371
193.57357357357358,0.5499493392229297
193.65365365365366,0.5497819106326747
193.73373373373374,0.5495346003447984
193.81381381381382,0.549703306091446
193.8938938938939,0.550092691332207
193.97397397397398,0.5506682542627173
194.05405405405406,0.551180292316511
194.13413413413414,0.5516531023000124
194.21421421421422,0.5518760961153848
194.2942942942943,0.5521406056152747
194.37437437437438,0.5526028050318595
194.45445445445446,0.553327555245154
194.53453453453454,0.5538856810728143
194.61461461461462,0.5541409857941415
194.6946946946947,0.5543147522423494
194.77477477477478,0.5545365262876472
194.85485485485486,0.5545979553888811
194.93493493493494,0.5544706530391957
195.01501501501502,0.5546708336122437
195.0950950950951,0.5551149672261934
195.17517517517518,0.5556883996565601
195.25525525525526,0.5560204520638157
195.33533533533534,0.5559994511434112
195.41541541541542,0.5557147561302014
195.4954954954955,0.5551138185622192
195.57557557557558,0.5545126763119891
195.65565565565566,0.5540191492551763
195.73573573573574,0.5539548718999613
195.81581581581582,0.5538992626352601
195.8958958958959,0.553590461208391
195.97597597597598,0.5528915169019362
196.05605605605606,0.5523254513192675
196.13613613613614,0.5516193385714733
196.21621621621622,0.550896920447163
196.2962962962963,0.5498450552071856
196.37637637637638,0.549197523173087
196.45645645645646,0.548543344290907
196.53653653653654,0.5480104576010009
196.61661661661662,0.5470528975566022
196.6966966966967,0.5465742682698551
196.77677677677679,0.54587580416034
196.85685685685687,0.5449603392792205
196.93693693693695,0.5437204639240489
197.01701701701703,0.5430776179869728
197.0970970970971,0.5429155234567817
197.17717717717719,0.5426183404600579
197.25725725725727,0.5418624184792122
197.33733733733735,0.5412326862863481
197.41741741741743,0.5411344478148155
197.4974974974975,0.5412409147798042
197.57757757757759,0.5412791882318013
197.65765765765767,0.5414812071092924
197.73773773773775,0.541983615589337
197.81781781781783,0.5425457897938404
197.8978978978979,0.5429135104352009
197.977977977978,0.5436522059423206
198.05805805805807,0.5448371510709626
198.13813813813815,0.5461349287562927
198.21821821821823,0.5473358316984255
198.2982982982983,0.5483973753039891
198.3783783783784,0.5499784435871762
198.45845845845847,0.551939357488654
198.53853853853855,0.5544448309602941
198.61861861861863,0.5568971074934996
198.6986986986987,0.5592757557357321
198.7787787787788,0.5620721478478891
198.85885885885887,0.5652933895989709
198.93893893893895,0.5687103423903495
199.01901901901903,0.5721626231601074
199.0990990990991,0.5754733644499406
199.1791791791792,0.5792946415315223
199.25925925925927,0.5827797733868529
199.33933933933935,0.5864758894293681
199.41941941941943,0.5900206895820026
199.4994994994995,0.5941427221730293
199.5795795795796,0.5980578480123426
199.65965965965967,0.6017612250453633
199.73973973973975,0.6054633321745393
199.81981981981983,0.6090548540289055
199.8998998998999,0.6125452395501265
199.97997997998,0.6156803882624048
200.06006006006007,0.6188530156720121
200.14014014014015,0.6216230190335468
200.22022022022023,0.6244113625613408
200.3003003003003,0.6266266749354042
200.3803803803804,0.6289509553117246
200.46046046046047,0.6305437581847784
200.54054054054055,0.6323368638325141
200.62062062062063,0.6337385645943786
200.7007007007007,0.6352367581958748
200.7807807807808,0.6359772945503009
200.86086086086087,0.6364460241706584
200.94094094094095,0.6365514812511913
201.02102102102103,0.6363960998808859
201.1011011011011,0.6362269662308114
201.1811811811812,0.6359674802934856
201.26126126126127,0.6354841596904691
201.34134134134135,0.6342755256498404
201.42142142142143,0.6326376052510302
201.5015015015015,0.6310262018243112
201.5815815815816,0.6294333994619504
201.66166166166167,0.6277010013685764
201.74174174174175,0.62588057613316
201.82182182182183,0.6237885887426228
201.9019019019019,0.621439503764669
201.981981981982,0.6187832115604535
202.06206206206207,0.61650941308573
202.14214214214215,0.6134079553692021
202.22222222222223,0.6106828445833691
202.3023023023023,0.6072459544116147
202.3823823823824,0.6044907817347193
202.46246246246247,0.601568180876709
202.54254254254255,0.5988440406410493
202.62262262262263,0.5962412181491331
202.7027027027027,0.5936973690468501
202.7827827827828,0.5907626026699587
202.86286286286287,0.5877616287859088
202.94294294294295,0.5846266793953783
203.02302302302303,0.5824331366280558
203.1031031031031,0.5804851070666414
203.1831831831832,0.5782024400040393
203.26326326326327,0.5753397021848597
203.34334334334335,0.5721139027433871
203.42342342342343,0.5693581731566449
203.5035035035035,0.5671424151112966
203.5835835835836,0.5650096371120855
203.66366366366367,0.5635265533641478
203.74374374374375,0.5617696327428587
203.82382382382383,0.5601072006193413
203.9039039039039,0.5577516921840461
203.983983983984,0.555577020740791
204.06406406406407,0.5538857279448369
204.14414414414415,0.5527908845628646
204.22422422422423,0.5515052540243892
204.3043043043043,0.5499863703240496
204.3843843843844,0.548482281300518
204.46446446446447,0.5472565627522882
204.54454454454455,0.5459457768782122
204.62462462462463,0.5447779999653819
204.7047047047047,0.5441300650011796
204.7847847847848,0.5436466964117709
204.86486486486487,0.542879608954329
204.94494494494495,0.5417990212736578
205.02502502502503,0.5410410862583384
205.1051051051051,0.5403720102332223
205.1851851851852,0.5402996368762301
205.26526526526527,0.5399011719998658
205.34534534534535,0.5402763723427317
205.42542542542543,0.5402847060663366
205.5055055055055,0.5409001223604116
205.5855855855856,0.54105910959107
205.66566566566567,0.5415587498908022
205.74574574574575,0.5415390346449187
205.82582582582583,0.5419528186546442
205.9059059059059,0.5426165177265219
205.985985985986,0.544134156678991
206.06606606606607,0.5449316808999032
206.14614614614615,0.545871970165979
206.22622622622623,0.5459156630084213
206.3063063063063,0.5473835490062807
206.3863863863864,0.5481089382583869
206.46646646646647,0.5504450695776094
206.54654654654655,0.5512704422307017
206.62662662662663,0.5531942969253888
206.7067067067067,0.5539017784160446
206.7867867867868,0.5558924686075377
206.86686686686687,0.5570880798413169
206.94694694694695,0.5588160932385143
207.02702702702703,0.5595993622287901
207.1071071071071,0.5618738448325176
207.1871871871872,0.5638659375161748
207.26726726726727,0.5663707119287684
207.34734734734735,0.5676537586034456
207.42742742742743,0.569645497663712
207.5075075075075,0.5718856528687821
207.5875875875876,0.5744855176984887
207.66766766766767,0.5764619392068426
207.74774774774775,0.5778046864509925
207.82782782782783,0.5801587990179646
207.9079079079079,0.5823562792000989
207.987987987988,0.5849111435191947
208.06806806806807,0.5863384035734194
208.14814814814815,0.5883395298465681
208.22822822822823,0.5904280764995608
208.3083083083083,0.5932838410248769
208.3883883883884,0.5954774437196636
208.46846846846847,0.5981319964367341
208.54854854854855,0.5996497118506239
208.62862862862863,0.6020787858940865
208.7087087087087,0.6027429528532346
208.7887887887888,0.6049337247047281
208.86886886886887,0.6063557748462102
208.94894894894895,0.6093166983526904
209.02902902902903,0.610622478662576
209.1091091091091,0.6128248812343412
209.1891891891892,0.6141730712862855
209.26926926926927,0.6168984461793077
209.34934934934935,0.6180868154236091
209.42942942942943,0.6208531735959193
209.5095095095095,0.6222278223760039
209.5895895895896,0.6252243150868957
209.66966966966967,0.6257895760738371
209.74974974974975,0.6281806588061092
209.82982982982983,0.6292660154475318
209.9099099099099,0.6325905951171741
209.98998998999,0.6337184042272419
210.07007007007007,0.6361137184412784
210.15015015015015,0.6371490542669249
210.23023023023023,0.6398952610169885
210.3103103103103,0.641513897379093
210.3903903903904,0.6441109916716403
210.47047047047047,0.6454415278573828
210.55055055055055,0.6479574102014417
210.63063063063063,0.6494684519258229
210.7107107107107,0.6522603304432566
210.7907907907908,0.6541050780868409
210.87087087087087,0.6575441542074051
210.95095095095095,0.6597217972502369
211.03103103103103,0.6626781250925152
211.11111111111111,0.664498099382449
211.1911911911912,0.6670483000100187
211.27127127127127,0.6693989390674505
211.35135135135135,0.6716416776363299
211.43143143143143,0.6736786739380474
211.51151151151151,0.675767304414945
211.5915915915916,0.6783200552742032
211.67167167167167,0.6805814015248672
211.75175175175175,0.6818941836752772
211.83183183183183,0.683100765529957
211.91191191191191,0.6839697725931786
211.991991991992,0.6851001053532753
212.07207207207207,0.6863039942610595
212.15215215215215,0.6871578038656427
212.23223223223223,0.6883333000208939
212.31231231231232,0.6881317863005796
212.3923923923924,0.688012525748431
212.47247247247248,0.6864030788890084
212.55255255255256,0.6858579585858178
212.63263263263264,0.6845541633184444
212.71271271271272,0.6841468667204569
212.7927927927928,0.6821098907725781
212.87287287287288,0.6803780553602565
212.95295295295296,0.6779802144160028
213.03303303303304,0.6758135248274103
213.11311311311312,0.673254539385451
213.1931931931932,0.6702300170503676
213.27327327327328,0.6673818962095701
213.35335335335336,0.6638594738660684
213.43343343343344,0.6600645639692552
213.51351351351352,0.6564229381221127
213.5935935935936,0.6526821561483391
213.67367367367368,0.64961288705536
213.75375375375376,0.645688531464576
213.83383383383384,0.6416535271961202
213.91391391391392,0.6375162818023542
213.993993993994,0.6336856412470533
214.07407407407408,0.6303657129180876
214.15415415415416,0.6263965769184174
214.23423423423424,0.6216968683665104
214.31431431431432,0.6171979507502584
214.3943943943944,0.6128935322639388
214.47447447447448,0.6093527982863373
214.55455455455456,0.6051223552717745
214.63463463463464,0.6010864511039872
214.71471471471472,0.5971071907227351
214.7947947947948,0.5932203007371233
214.87487487487488,0.5892294857297514
214.95495495495496,0.5853637589648277
215.03503503503504,0.5823112625888457
215.11511511511512,0.5789950697810663
215.1951951951952,0.5754666418089536
215.27527527527528,0.5715136875605052
215.35535535535536,0.5683510796711216
215.43543543543544,0.5651403406094171
215.51551551551552,0.5624098101606056
215.5955955955956,0.5588023449313734
215.67567567567568,0.5559980673008456
215.75575575575576,0.5524185052422984
215.83583583583584,0.5504854727363445
215.91591591591592,0.5476414463460431
215.995995995996,0.5458700607551963
216.07607607607608,0.5431063904865607
216.15615615615616,0.5412648258276546
216.23623623623624,0.5389346529335568
216.31631631631632,0.5373933707999373
216.3963963963964,0.5351373555877067
216.47647647647648,0.533914967901801
216.55655655655656,0.5316415654926324
216.63663663663664,0.5303668403829437
216.71671671671672,0.5279119031407472
216.7967967967968,0.5272857585973494
216.87687687687688,0.5256340641306001
216.95695695695696,0.525161291441682
217.03703703703704,0.5235419610631317
217.11711711711712,0.5231496433770421
217.1971971971972,0.5219873441867642
217.27727727727728,0.5218363141914167
217.35735735735736,0.5209496893355712
217.43743743743744,0.5219221594648925
217.51751751751752,0.5211395137156736
217.5975975975976,0.5216138044028752
217.67767767767768,0.5205188331525735
217.75775775775776,0.5212526249670788
217.83783783783784,0.5210772315271391
217.91791791791792,0.5215346377705713
217.997997997998,0.5222484963230772
218.07807807807808,0.523082066003218
218.15815815815816,0.5241088540807272
218.23823823823824,0.5247192675567272
218.31831831831832,0.525756166620107
218.3983983983984,0.5271255665426302
218.47847847847848,0.528252748050983
218.55855855855856,0.5300490335214418
218.63863863863864,0.5314901527265635
218.71871871871872,0.5337451310269755
218.7987987987988,0.5353109017709567
218.87887887887888,0.5371622939018519
218.95895895895896,0.5390088497484841
219.03903903903904,0.5410847951879116
219.11911911911912,0.5431734347945931
219.1991991991992,0.5450829403946927
219.27927927927928,0.5480861998459426
219.35935935935936,0.5510377173393688
219.43943943943944,0.5542063022433669
219.51951951951952,0.5565686608813746
219.5995995995996,0.5589733901957767
219.67967967967968,0.5618684013739579
219.75975975975976,0.5644378203551497
219.83983983983984,0.5681572471685097
219.91991991991992,0.5713349738763063
220.0,0.5749415216367547
