freq,trans_dB
140.0,-9.837442704944655
140.08008008008008,-9.697026550213941
140.16016016016016,-9.495971027909494
140.24024024024024,-9.381830485983562
140.32032032032032,-9.231848344089247
140.4004004004004,-9.02454738937946
140.48048048048048,-8.91357277062145
140.56056056056056,-8.792342746436386
140.64064064064064,-8.652441927183832
140.72072072072072,-8.503614247433516
140.8008008008008,-8.384111771531368
140.88088088088088,-8.251260268462193
140.96096096096096,-8.208547158960775
141.04104104104104,-8.091087779776322
141.12112112112112,-8.022094058176098
141.2012012012012,-7.880943074944144
141.28128128128128,-7.903120605245845
141.36136136136136,-7.7672542380138045
141.44144144144144,-7.749736445158431
141.52152152152152,-7.683241160404516
141.6016016016016,-7.6716429040695155
141.68168168168168,-7.619952041046354
141.76176176176176,-7.6243340628318395
141.84184184184184,-7.541110807474619
141.92192192192192,-7.5714497390898154
142.002002002002,-7.586899535675502
142.08208208208208,-7.602558906662938
142.16216216216216,-7.587924575442286
142.24224224224224,-7.651026863275009
142.32232232232232,-7.667265677208983
142.4024024024024,-7.74077149756606
142.48248248248248,-7.7742454713880615
142.56256256256256,-7.782670886583278
142.64264264264264,-7.906454953657724
142.72272272272272,-7.962590912976551
142.8028028028028,-8.064995262863299
142.88288288288288,-8.082548203511273
142.96296296296296,-8.225944188421446
143.04304304304304,-8.255203546795023
143.12312312312312,-8.396655925893661
143.2032032032032,-8.457266955902334
143.28328328328328,-8.620286576558003
143.36336336336336,-8.663905119730474
143.44344344344344,-8.867162609172578
143.52352352352352,-8.85096172404817
143.6036036036036,-9.06068248179362
143.68368368368368,-9.112613161912135
143.76376376376376,-9.338568229372681
143.84384384384384,-9.388080512943217
143.92392392392392,-9.577831401298273
144.004004004004,-9.662179683165679
144.08408408408408,-9.855839191512704
144.16416416416416,-10.014744255524441
144.24424424424424,-10.157255505395689
144.32432432432432,-10.306704348077542
144.4044044044044,-10.476504773196876
144.48448448448448,-10.63869858008989
144.56456456456456,-10.798120202338131
144.64464464464464,-10.947325333788875
144.72472472472472,-11.068639854023749
144.8048048048048,-11.332757800939087
144.88488488488488,-11.391685538906213
144.96496496496496,-11.657544455633957
145.04504504504504,-11.751090063571928
145.12512512512512,-11.958064311263003
145.2052052052052,-12.034504486421769
145.28528528528528,-12.314424150366085
145.36536536536536,-12.35469083386539
145.44544544544544,-12.531831157274627
145.52552552552552,-12.68097178566192
145.6056056056056,-12.878465165575976
145.68568568568568,-12.902280624088446
145.76576576576576,-13.174335974401345
145.84584584584584,-13.1803312755278
145.92592592592592,-13.409957639575369
146.006006006006,-13.513944164272395
146.08608608608608,-13.63573097106445
146.16616616616616,-13.659148404910955
146.24624624624624,-13.808843777806858
146.32632632632632,-13.873757108219388
146.4064064064064,-14.069889420835331
146.48648648648648,-14.15574277345245
146.56656656656656,-14.234128040015555
146.64664664664664,-14.280422663217005
146.72672672672672,-14.413794832168746
146.8068068068068,-14.452238640145906
146.88688688688688,-14.489827557221378
146.96696696696696,-14.636535349835402
147.04704704704704,-14.601207946606515
147.12712712712712,-14.724220165136202
147.2072072072072,-14.694823355653954
147.28728728728728,-14.732251840754927
147.36736736736736,-14.74435892630407
147.44744744744744,-14.806333602119865
147.52752752752752,-14.788539638980701
147.6076076076076,-14.832934283387692
147.68768768768768,-14.818662703652807
147.76776776776777,-14.80259901425911
147.84784784784785,-14.755983362443034
147.92792792792793,-14.760076842008562
148.008008008008,-14.678543539547293
148.08808808808809,-14.676039502985212
148.16816816816817,-14.57249546174957
148.24824824824825,-14.5125966218449
148.32832832832833,-14.456069882644579
148.4084084084084,-14.440126097850642
148.48848848848849,-14.329750563225174
148.56856856856857,-14.235717580477525
148.64864864864865,-14.184483526079292
148.72872872872873,-14.137586505439849
148.8088088088088,-14.02587417292384
148.88888888888889,-13.908023961507206
148.96896896896897,-13.790359159544684
149.04904904904905,-13.725280221049584
149.12912912912913,-13.58327246183086
149.2092092092092,-13.450224049904387
149.2892892892893,-13.32084422887511
149.36936936936937,-13.259832953426322
149.44944944944945,-13.108139639811142
149.52952952952953,-12.956538420898683
149.6096096096096,-12.785142839119658
149.6896896896897,-12.673194821968933
149.76976976976977,-12.54861251316309
149.84984984984985,-12.360313423083069
149.92992992992993,-12.195462324830055
150.01001001001,-12.030516963478638
150.0900900900901,-11.889928278026147
150.17017017017017,-11.702750295506753
150.25025025025025,-11.570145763144494
150.33033033033033,-11.377609949960721
150.4104104104104,-11.199619685932596
150.4904904904905,-11.030293072936749
150.57057057057057,-10.857620492840628
150.65065065065065,-10.678069895012
150.73073073073073,-10.54374371475608
150.8108108108108,-10.341972043113758
150.8908908908909,-10.161021154244485
150.97097097097097,-9.972497730467616
151.05105105105105,-9.791593698381737
151.13113113113113,-9.598105570050706
151.2112112112112,-9.439351097498754
151.2912912912913,-9.23216068329631
151.37137137137137,-9.059746545460438
151.45145145145145,-8.933562954638349
151.53153153153153,-8.725236353581735
151.6116116116116,-8.570526610314017
151.6916916916917,-8.377588729631706
151.77177177177177,-8.20143358527006
151.85185185185185,-8.03128558893837
151.93193193193193,-7.919858707114889
152.012012012012,-7.714188076848991
152.0920920920921,-7.578858440441124
152.17217217217217,-7.429761450357275
152.25225225225225,-7.272645210847082
152.33233233233233,-7.132348529781075
152.4124124124124,-7.03721634811283
152.4924924924925,-6.884682914130526
152.57257257257257,-6.78419669260722
152.65265265265265,-6.639923921664891
152.73273273273273,-6.535959052513092
152.8128128128128,-6.426070124187251
152.8928928928929,-6.372754410535959
152.97297297297297,-6.242641291002141
153.05305305305305,-6.178292504364255
153.13313313313313,-6.095951533060189
153.2132132132132,-6.024860305367485
153.2932932932933,-5.948640274758681
153.37337337337337,-5.92621060441498
153.45345345345345,-5.858202935025443
153.53353353353353,-5.829506297216158
153.6136136136136,-5.804970451331232
153.6936936936937,-5.747996007418988
153.77377377377377,-5.747223422743035
153.85385385385385,-5.737974910749905
153.93393393393393,-5.709089389878383
154.014014014014,-5.679510102557421
154.0940940940941,-5.704001860613967
154.17417417417417,-5.65473333355983
154.25425425425425,-5.693893585452122
154.33433433433433,-5.696372508987936
154.4144144144144,-5.7078769450071
154.4944944944945,-5.72595719381544
154.57457457457457,-5.792513221917309
154.65465465465465,-5.776683012664643
154.73473473473473,-5.838271796194661
154.8148148148148,-5.863144762990604
154.8948948948949,-5.86602808584996
154.97497497497497,-5.89996860972138
155.05505505505505,-5.9709693118962255
155.13513513513513,-5.983918352401883
155.2152152152152,-6.077870119940318
155.2952952952953,-6.1163642505958205
155.37537537537537,-6.173683246194747
155.45545545545545,-6.22831172489625
155.53553553553553,-6.3073978241715105
155.6156156156156,-6.345163523073776
155.6956956956957,-6.420888172366197
155.77577577577577,-6.46802687492496
155.85585585585585,-6.5389287513514365
155.93593593593593,-6.630135108097464
156.016016016016,-6.726283604746038
156.0960960960961,-6.801310872538605
156.17617617617617,-6.899884220384245
156.25625625625625,-6.982413520884655
156.33633633633633,-7.0679556852272345
156.4164164164164,-7.170631652684589
156.4964964964965,-7.269187026564102
156.57657657657657,-7.363771279677786
156.65665665665665,-7.4579593213774045
156.73673673673673,-7.5724416117383315
156.8168168168168,-7.662974563863897
156.8968968968969,-7.809828036999563
156.97697697697697,-7.898957876045156
157.05705705705705,-8.049699618903103
157.13713713713713,-8.156216785225892
157.2172172172172,-8.263198200285624
157.2972972972973,-8.364749971385585
157.37737737737737,-8.519891081163614
157.45745745745745,-8.617119643780857
157.53753753753753,-8.761400378875505
157.6176176176176,-8.902247224391761
157.6976976976977,-9.01824913282768
157.77777777777777,-9.149472894718206
157.85785785785785,-9.319557221048257
157.93793793793793,-9.409507776859032
158.018018018018,-9.548100544598299
158.0980980980981,-9.66891091790973
158.17817817817817,-9.767804341183336
158.25825825825825,-9.890981637963177
158.33833833833833,-10.031509958807357
158.4184184184184,-10.118756144141791
158.4984984984985,-10.24421838452363
158.57857857857857,-10.402397725055437
158.65865865865865,-10.491101561234153
158.73873873873873,-10.595420800658198
158.8188188188188,-10.727934962907927
158.8988988988989,-10.793105863169394
158.97897897897897,-10.897306637145519
159.05905905905905,-11.012469664971583
159.13913913913913,-11.04301306287221
159.2192192192192,-11.141192082067366
159.2992992992993,-11.256090770353913
159.37937937937937,-11.34001735755704
159.45945945945945,-11.368857737360795
159.53953953953953,-11.471882169265976
159.6196196196196,-11.485317012855447
159.6996996996997,-11.546179078813962
159.77977977977977,-11.572555366246622
159.85985985985985,-11.583894339668612
159.93993993993993,-11.631837589239652
160.02002002002,-11.671701339045212
160.1001001001001,-11.639066543977759
160.18018018018017,-11.653497139962603
160.26026026026025,-11.648087387986214
160.34034034034033,-11.641321765664157
160.4204204204204,-11.663476055092326
160.5005005005005,-11.629259261479275
160.58058058058057,-11.601171882212418
160.66066066066065,-11.544582331804168
160.74074074074073,-11.527981362570111
160.8208208208208,-11.456238866237065
160.9009009009009,-11.438170939097047
160.98098098098097,-11.375076697145099
161.06106106106105,-11.322597743807442
161.14114114114113,-11.223012810702707
161.2212212212212,-11.12745928297013
161.3013013013013,-11.022903970149821
161.38138138138137,-10.957417366731375
161.46146146146145,-10.83738326502871
161.54154154154153,-10.713001256697568
161.6216216216216,-10.603835788716417
161.7017017017017,-10.502982839411935
161.78178178178177,-10.377226766830063
161.86186186186185,-10.258659267181349
161.94194194194193,-10.107122382108757
162.022022022022,-9.962304599535777
162.1021021021021,-9.849109212030237
162.18218218218217,-9.693407676022268
162.26226226226225,-9.554495822959922
162.34234234234233,-9.436055628275644
162.42242242242241,-9.29527343808857
162.5025025025025,-9.159375139418618
162.58258258258257,-9.013236451690284
162.66266266266265,-8.856966083375974
162.74274274274273,-8.714987107027227
162.82282282282281,-8.547658368497986
162.9029029029029,-8.380314535602787
162.98298298298297,-8.20931797213323
163.06306306306305,-8.068570727723364
163.14314314314313,-7.891123799778133
163.22322322322321,-7.74516304583786
163.3033033033033,-7.5713951665050665
163.38338338338338,-7.415830052193814
163.46346346346346,-7.26215017574658
163.54354354354354,-7.104905444273544
163.62362362362362,-6.943195384664488
163.7037037037037,-6.800721692956943
163.78378378378378,-6.6557565333232445
163.86386386386386,-6.50288256422733
163.94394394394394,-6.365250841765855
164.02402402402402,-6.244018936532702
164.1041041041041,-6.12043613797981
164.18418418418418,-6.00386658589718
164.26426426426426,-5.882894809607314
164.34434434434434,-5.7715400209791685
164.42442442442442,-5.672648399260874
164.5045045045045,-5.575052144669979
164.58458458458458,-5.47064456020951
164.66466466466466,-5.376886720599498
164.74474474474474,-5.309980564723375
164.82482482482482,-5.2156360094268175
164.9049049049049,-5.133294924821337
164.98498498498498,-5.079453603130735
165.06506506506506,-5.033228522849376
165.14514514514514,-4.978413025393183
165.22522522522522,-4.9315912161056294
165.3053053053053,-4.889177942911315
165.38538538538538,-4.872297266771823
165.46546546546546,-4.837151255530194
165.54554554554554,-4.790587225814739
165.62562562562562,-4.767144890637723
165.7057057057057,-4.76569795672831
165.78578578578578,-4.756502805367867
165.86586586586586,-4.7345072815141345
165.94594594594594,-4.7237726167519
166.02602602602602,-4.724276473313521
166.1061061061061,-4.720470910753637
166.18618618618618,-4.737946814416812
166.26626626626626,-4.740990286346056
166.34634634634634,-4.741557429745718
166.42642642642642,-4.7553244013000935
166.5065065065065,-4.757122184807734
166.58658658658658,-4.772122733331554
166.66666666666666,-4.783091192445089
166.74674674674674,-4.81443868613085
166.82682682682682,-4.833187098213992
166.9069069069069,-4.870530648788436
166.98698698698698,-4.88265533727837
167.06706706706706,-4.903095508782257
167.14714714714714,-4.921440479730019
167.22722722722722,-4.967958640511545
167.3073073073073,-4.987641576521631
167.38738738738738,-5.024836642622493
167.46746746746746,-5.040110430115133
167.54754754754754,-5.07598307523979
167.62762762762762,-5.094326656067172
167.7077077077077,-5.144128848586065
167.78778778778778,-5.171221804944389
167.86786786786786,-5.195486734367534
167.94794794794794,-5.219390400208747
168.02802802802802,-5.264238926560334
168.1081081081081,-5.303027437266147
168.18818818818818,-5.3435214834631095
168.26826826826826,-5.374078254264421
168.34834834834834,-5.415007934033173
168.42842842842842,-5.463184348143015
168.5085085085085,-5.5148802752487835
168.58858858858858,-5.559431747156065
168.66866866866866,-5.593876001898893
168.74874874874874,-5.650499030093947
168.82882882882882,-5.694195508358284
168.9089089089089,-5.744940423744643
168.98898898898898,-5.786926159104321
169.06906906906906,-5.858156564138443
169.14914914914914,-5.909681686392482
169.22922922922922,-5.976008428936462
169.3093093093093,-6.016982154131084
169.38938938938938,-6.106913471084977
169.46946946946946,-6.183080299104072
169.54954954954954,-6.256698749196356
169.62962962962962,-6.302271204861368
169.7097097097097,-6.397591625266464
169.78978978978978,-6.467814201192351
169.86986986986986,-6.558667821836046
169.94994994994994,-6.638340879742102
170.03003003003002,-6.729749129064468
170.1101101101101,-6.80984427917935
170.19019019019018,-6.913145827366295
170.27027027027026,-6.9870165090585825
170.35035035035034,-7.076663572532401
170.43043043043042,-7.166455277890772
170.5105105105105,-7.274882420008837
170.59059059059058,-7.34664784924317
170.67067067067066,-7.442144256592785
170.75075075075074,-7.523528988844493
170.83083083083082,-7.620426921113611
170.9109109109109,-7.729114011279917
170.99099099099098,-7.8181652491113045
171.07107107107106,-7.892681873530812
171.15115115115114,-7.983853584778238
171.23123123123122,-8.059451232070247
171.3113113113113,-8.13786342480038
171.39139139139138,-8.228235816445274
171.47147147147146,-8.307194041079791
171.55155155155154,-8.376935358101631
171.63163163163162,-8.467035567326818
171.7117117117117,-8.53785533090376
171.79179179179178,-8.58915474911138
171.87187187187186,-8.664865093975529
171.95195195195194,-8.71530496513813
172.03203203203202,-8.760202227208365
172.11211211211213,-8.79679503484211
172.19219219219218,-8.841459305791094
172.2722722722723,-8.867960481862381
172.35235235235234,-8.906871152078915
172.43243243243245,-8.934480523829707
172.5125125125125,-8.965679265011214
172.5925925925926,-8.955072592151549
172.67267267267266,-8.977480660481524
172.75275275275277,-8.963675199413279
172.83283283283282,-8.945617005926515
172.91291291291293,-8.922207007732677
172.99299299299298,-8.930414058855726
173.0730730730731,-8.904223339835822
173.15315315315314,-8.876718353233793
173.23323323323325,-8.816981392576727
173.3133133133133,-8.781653400539657
173.3933933933934,-8.744522035636525
173.47347347347346,-8.68013677735535
173.55355355355357,-8.581720340061647
173.63363363363362,-8.520571932413073
173.71371371371373,-8.434084572677321
173.79379379379378,-8.350136269491834
173.8738738738739,-8.259214767321103
173.95395395395394,-8.159734768513676
174.03403403403405,-8.07265899141333
174.1141141141141,-8.00443440930988
174.1941941941942,-7.892037247446012
174.27427427427426,-7.764009038552219
174.35435435435437,-7.6604883336129905
174.43443443443442,-7.552107349698086
174.51451451451453,-7.418881255249031
174.59459459459458,-7.308722775151184
174.6746746746747,-7.175363114163305
174.75475475475474,-7.051470837441046
174.83483483483485,-6.9574509366971595
174.9149149149149,-6.823572923867338
174.994994994995,-6.691485704756075
175.07507507507506,-6.5646906546794215
175.15515515515517,-6.445602788734364
175.23523523523522,-6.287779793224995
175.31531531531533,-6.1480670863968045
175.39539539539538,-6.014027896296158
175.4754754754755,-5.9067036299899245
175.55555555555554,-5.799763629884733
175.63563563563565,-5.668445019850259
175.7157157157157,-5.532081449813762
175.7957957957958,-5.435126438718125
175.87587587587586,-5.334430887625477
175.95595595595597,-5.223246422029333
176.03603603603602,-5.1085037590397855
176.11611611611613,-5.020900178590709
176.19619619619618,-4.930367248216354
176.2762762762763,-4.8501776653672275
176.35635635635634,-4.763165394223596
176.43643643643645,-4.686104288810959
176.5165165165165,-4.632190694576345
176.5965965965966,-4.565080917142231
176.67667667667666,-4.49362237466853
176.75675675675677,-4.439216825063076
176.83683683683682,-4.400657356636167
176.91691691691693,-4.362879932791103
176.99699699699698,-4.312645057782123
177.0770770770771,-4.278624586932232
177.15715715715714,-4.24366566336127
177.23723723723725,-4.218675750312517
177.3173173173173,-4.2079178462091775
177.3973973973974,-4.1928761351125665
177.47747747747746,-4.175947508254073
177.55755755755757,-4.169698900297419
177.63763763763762,-4.171706940053104
177.71771771771773,-4.1749364475281245
177.79779779779778,-4.181176318827668
177.8778778778779,-4.1839102958306915
177.95795795795794,-4.187938012919277
178.03803803803805,-4.20112979221793
178.1181181181181,-4.223326607783223
178.1981981981982,-4.230544878559482
178.27827827827826,-4.239948356915228
178.35835835835837,-4.2550821069796045
178.43843843843842,-4.264356672505652
178.51851851851853,-4.289167203887692
178.59859859859858,-4.323400408349913
178.6786786786787,-4.337494594977914
178.75875875875874,-4.349806590600542
178.83883883883885,-4.370989212479349
178.9189189189189,-4.391105415176314
178.998998998999,-4.413189519769181
179.07907907907907,-4.431804087790011
179.15915915915917,-4.451707207643565
179.23923923923923,-4.485045287969017
179.31931931931933,-4.506379059515135
179.39939939939939,-4.506915284981458
179.4794794794795,-4.522577553824967
179.55955955955955,-4.554849105772319
179.63963963963965,-4.584946746983511
179.7197197197197,-4.598447518837031
179.7997997997998,-4.606995780027861
179.87987987987987,-4.628508610592175
179.95995995995997,-4.64722978813585
180.04004004004003,-4.66164673920496
180.12012012012013,-4.676864631720248
180.2002002002002,-4.693133275915062
180.2802802802803,-4.708353500591151
180.36036036036035,-4.72325437773458
180.44044044044045,-4.733903462472335
180.5205205205205,-4.744496600752686
180.60060060060061,-4.772183241358434
180.68068068068067,-4.792560272698296
180.76076076076077,-4.803319560339873
180.84084084084083,-4.815435187422738
180.92092092092093,-4.818069505235926
181.001001001001,-4.840945937574537
181.0810810810811,-4.874446632995985
181.16116116116115,-4.891558195868926
181.24124124124126,-4.890432823944473
181.3213213213213,-4.89938678888775
181.40140140140142,-4.921063400856651
181.48148148148147,-4.946357698871111
181.56156156156158,-4.975485699643864
181.64164164164163,-4.995558533260187
181.72172172172174,-5.020738168232633
181.8018018018018,-5.0476197744166456
181.8818818818819,-5.0622860060866195
181.96196196196195,-5.088182401769859
182.04204204204206,-5.129540290955382
182.1221221221221,-5.165760684895741
182.20220220220222,-5.192861128841553
182.28228228228227,-5.226611680847501
182.36236236236238,-5.265771463765526
182.44244244244243,-5.301919894734622
182.52252252252254,-5.34459920899947
182.6026026026026,-5.383933096308884
182.6826826826827,-5.430759777632773
182.76276276276275,-5.48684135863123
182.84284284284286,-5.533948119551751
182.9229229229229,-5.577196230056708
183.00300300300302,-5.623412154239677
183.08308308308307,-5.671078193831283
183.16316316316318,-5.714745531219327
183.24324324324323,-5.765103629916672
183.32332332332334,-5.826773588447848
183.4034034034034,-5.878241465356057
183.4834834834835,-5.9231847182139825
183.56356356356355,-5.9754803010284485
183.64364364364366,-6.038274698978139
183.7237237237237,-6.089552061295633
183.80380380380382,-6.131104147348852
183.88388388388387,-6.1796096006280425
183.96396396396398,-6.23404267885181
184.04404404404403,-6.2887412982824635
184.12412412412414,-6.324984142817864
184.2042042042042,-6.369725569455965
184.2842842842843,-6.417773977349594
184.36436436436435,-6.452822400630176
184.44444444444446,-6.482072801072211
184.5245245245245,-6.515064581824317
184.60460460460462,-6.5327645889870904
184.68468468468467,-6.554518687618091
184.76476476476478,-6.576962147776911
184.84484484484483,-6.595780869165185
184.92492492492494,-6.594023788710861
185.005005005005,-6.6083556264810115
185.0850850850851,-6.615245150268344
185.16516516516515,-6.6229217870361685
185.24524524524526,-6.609967957786601
185.3253253253253,-6.580936757009663
185.40540540540542,-6.543548403520373
185.48548548548547,-6.5375299558930315
185.56556556556558,-6.513794575609256
185.64564564564563,-6.468879625325161
185.72572572572574,-6.442789365434917
185.8058058058058,-6.403013226395683
185.8858858858859,-6.3467176944092065
185.96596596596595,-6.309895825380328
186.04604604604606,-6.248959190905018
186.1261261261261,-6.150762165854099
186.20620620620622,-6.079987749334226
186.28628628628627,-6.013721549330017
186.36636636636638,-5.932017328366452
186.44644644644643,-5.8565024033366155
186.52652652652654,-5.780227055437624
186.6066066066066,-5.6851337632165935
186.6866866866867,-5.610889013072802
186.76676676676675,-5.518550560292133
186.84684684684686,-5.404258737598628
186.9269269269269,-5.310035417790021
187.00700700700702,-5.241136372956464
187.08708708708707,-5.152086594073482
187.16716716716718,-5.049498826205056
187.24724724724723,-4.9458577724866215
187.32732732732734,-4.859198295280519
187.4074074074074,-4.783494891994934
187.4874874874875,-4.700117421452016
187.56756756756755,-4.603946047604779
187.64764764764766,-4.518189714408059
187.7277277277277,-4.446527062040981
187.80780780780782,-4.363584712510277
187.88788788788787,-4.286948778110093
187.96796796796798,-4.216454205390499
188.04804804804803,-4.146133392224098
188.12812812812814,-4.079098869425371
188.2082082082082,-4.031088662423197
188.2882882882883,-3.9762950575940863
188.36836836836835,-3.936649538679523
188.44844844844846,-3.890697304394161
188.5285285285285,-3.8462895898328626
188.60860860860862,-3.8109528478707992
188.68868868868867,-3.7757046150867417
188.76876876876878,-3.7493385350932504
188.84884884884883,-3.7287677031183
188.92892892892894,-3.721910100792456
189.009009009009,-3.716227956825028
189.0890890890891,-3.7053035844096023
189.16916916916915,-3.7029543463355235
189.24924924924926,-3.7003074640586084
189.3293293293293,-3.698225411428066
189.40940940940942,-3.710254363453673
189.48948948948947,-3.7182734200985688
189.56956956956958,-3.7249667879342123
189.64964964964963,-3.7349257260802884
189.72972972972974,-3.7537076863361727
189.8098098098098,-3.7742066556541363
189.8898898898899,-3.794892016369305
189.96996996996995,-3.8162223531559762
190.05005005005006,-3.841837551683405
190.1301301301301,-3.8905631616495753
190.21021021021022,-3.9188956962135655
190.29029029029027,-3.9271640793438323
190.37037037037038,-3.9537449784326455
190.45045045045043,-3.972969623321661
190.53053053053054,-4.004892300775312
190.6106106106106,-4.044890781003914
190.6906906906907,-4.0747765680823225
190.77077077077075,-4.103030160749607
190.85085085085086,-4.1306123020781484
190.9309309309309,-4.159655007164678
191.01101101101102,-4.17505074594567
191.09109109109107,-4.202325066608287
191.17117117117118,-4.230333135806812
191.25125125125123,-4.2650097012368295
191.33133133133134,-4.287570466770492
191.41141141141142,-4.294416516971073
191.4914914914915,-4.3188826804399705
191.57157157157158,-4.354301127726146
191.65165165165166,-4.38337152577801
191.73173173173174,-4.399167532419663
191.81181181181182,-4.400498594117503
191.8918918918919,-4.419012879849555
191.97197197197198,-4.439855435754464
192.05205205205206,-4.467330425467183
192.13213213213214,-4.482324325009839
192.21221221221222,-4.477741113948338
192.2922922922923,-4.4865322898448285
192.37237237237238,-4.51225664197569
192.45245245245246,-4.521245066517262
192.53253253253254,-4.529172961581584
192.61261261261262,-4.537081360005095
192.6926926926927,-4.537297397720829
192.77277277277278,-4.55485813755953
192.85285285285286,-4.548310897144571
192.93293293293294,-4.54141191842256
193.01301301301302,-4.544411314490088
193.0930930930931,-4.550691916490652
193.17317317317318,-4.547810605033009
193.25325325325326,-4.549499773032838
193.33333333333334,-4.544380240146057
193.41341341341342,-4.543924012619117
193.4934934934935,-4.544390790054277
193.57357357357358,-4.533375698611746
193.65365365365366,-4.524533292691693
193.73373373373374,-4.526534326165261
193.81381381381382,-4.529629449353896
193.8938938938939,-4.5205750110110845
193.97397397397398,-4.513227532212383
194.05405405405406,-4.491957087245841
194.13413413413414,-4.492106278340909
194.21421421421422,-4.495747647349065
194.2942942942943,-4.492963992008755
194.37437437437438,-4.480722172830659
194.45445445445446,-4.4749553752637485
194.53453453453454,-4.4776683396103305
194.61461461461462,-4.475616627876612
194.6946946946947,-4.460625843488592
194.77477477477478,-4.4682284109787895
194.85485485485486,-4.466962922830065
194.93493493493494,-4.46615855948111
195.01501501501502,-4.467583679016169
195.0950950950951,-4.468016868957807
195.17517517517518,-4.477791439614071
195.25525525525526,-4.487145559905257
195.33533533533534,-4.485833431911505
195.41541541541542,-4.477863388378075
195.4954954954955,-4.495128898141652
195.57557557557558,-4.515651320627566
195.65565565565566,-4.518599602579463
195.73573573573574,-4.51496026689264
195.81581581581582,-4.529580652605155
195.8958958958959,-4.542859238612723
195.97597597597598,-4.5563889967509255
196.05605605605606,-4.5575134745078065
196.13613613613614,-4.567075602172154
196.21621621621622,-4.5785282356416195
196.2962962962963,-4.592584802286163
196.37637637637638,-4.5894531936256255
196.45645645645646,-4.602328891340154
196.53653653653654,-4.603941385931461
196.61661661661662,-4.63924308208247
196.6966966966967,-4.64598320857222
196.77677677677679,-4.645911280225545
196.85685685685687,-4.642011974215852
196.93693693693695,-4.669502725363619
197.01701701701703,-4.67577363083726
197.0970970970971,-4.665014756614234
197.17717717717719,-4.659040024319101
197.25725725725727,-4.668817112561014
197.33733733733735,-4.664622074761492
197.41741741741743,-4.651444831899801
197.4974974974975,-4.631783510625166
197.57757757757759,-4.630564609866514
197.65765765765767,-4.620152629320735
197.73773773773775,-4.598740395933948
197.81781781781783,-4.553389365982972
197.8978978978979,-4.532557719707336
197.977977977978,-4.51340506056283
198.05805805805807,-4.4874289509207665
198.13813813813815,-4.443889016609651
198.21821821821823,-4.402929127796193
198.2982982982983,-4.358187507103513
198.3783783783784,-4.3312200638586775
198.45845845845847,-4.2764916538086855
198.53853853853855,-4.223404390380497
198.61861861861863,-4.17058704317769
198.6986986986987,-4.122199430549669
198.7787787787788,-4.06149597967448
198.85885885885887,-4.002871350675296
198.93893893893895,-3.9518037646200153
199.01901901901903,-3.8868857587963612
199.0990990990991,-3.843062642033407
199.1791791791792,-3.7886209945696523
199.25925925925927,-3.7175127054990553
199.33933933933935,-3.6757105959167093
199.41941941941943,-3.6292323576161323
199.4994994994995,-3.5688749238911743
199.5795795795796,-3.507939786490735
199.65965965965967,-3.4664128101078537
199.73973973973975,-3.41849070776867
199.81981981981983,-3.388837087974055
199.8998998998999,-3.3466558212270217
199.97997997998,-3.316071446266005
200.06006006006007,-3.282247244393152
200.14014014014015,-3.254495403205811
200.22022022022023,-3.2338913624653194
200.3003003003003,-3.212027974399747
200.3803803803804,-3.187703940897456
200.46046046046047,-3.1722832732481008
200.54054054054055,-3.1578627830596413
200.62062062062063,-3.1526501161012552
200.7007007007007,-3.1501496033386776
200.7807807807808,-3.170196407644588
200.86086086086087,-3.1810859709242156
200.94094094094095,-3.172256939257402
201.02102102102103,-3.1973994966447385
201.1011011011011,-3.2125712618939124
201.1811811811812,-3.231957439278174
201.26126126126127,-3.2476321484913524
201.34134134134135,-3.2690319214110946
201.42142142142143,-3.3162172275331825
201.5015015015015,-3.349330206439009
201.5815815815816,-3.3790585170408076
201.66166166166167,-3.39913161828049
201.74174174174175,-3.4363230850930875
201.82182182182183,-3.477644402117376
201.9019019019019,-3.507045948335192
201.981981981982,-3.5516904230604385
202.06206206206207,-3.5786269405439373
202.14214214214215,-3.62151438172827
202.22222222222223,-3.6489349777520403
202.3023023023023,-3.7088282684811076
202.3823823823824,-3.726898158895167
202.46246246246247,-3.7697760102784947
202.54254254254255,-3.8161216613217706
202.62262262262263,-3.8453306639571636
202.7027027027027,-3.8949697807667847
202.7827827827828,-3.9475289301975947
202.86286286286287,-3.969459346989547
202.94294294294295,-4.022769866770432
203.02302302302303,-4.046904408831753
203.1031031031031,-4.0749199170508765
203.1831831831832,-4.1029247969796945
203.26326326326327,-4.1526333009541885
203.34334334334335,-4.181731035716568
203.42342342342343,-4.206237783218518
203.5035035035035,-4.2449084422413685
203.5835835835836,-4.282001606946803
203.66366366366367,-4.292395867927995
203.74374374374375,-4.328821741260864
203.82382382382383,-4.326950053711714
203.9039039039039,-4.362422340416178
203.983983983984,-4.384647124129407
204.06406406406407,-4.403472389799176
204.14414414414415,-4.408212693183198
204.22422422422423,-4.436487808902609
204.3043043043043,-4.447055084478303
204.3843843843844,-4.461721543601481
204.46446446446447,-4.482955157457103
204.54454454454455,-4.49187092697931
204.62462462462463,-4.477715028226642
204.7047047047047,-4.497229554930659
204.7847847847848,-4.5011224587105225
204.86486486486487,-4.5095912338692274
204.94494494494495,-4.507071925098643
205.02502502502503,-4.524918395802201
205.1051051051051,-4.508359403977179
205.1851851851852,-4.511435113967027
205.26526526526527,-4.515828738020239
205.34534534534535,-4.493631365080064
205.42542542542543,-4.510089167188224
205.5055055055055,-4.494617638673432
205.5855855855856,-4.475622300113738
205.66566566566567,-4.455886321724822
205.74574574574575,-4.472148508472153
205.82582582582583,-4.432146746440517
205.9059059059059,-4.426736324999967
205.985985985986,-4.402223383126903
206.06606606606607,-4.399556735912647
206.14614614614615,-4.357760162826582
206.22622622622623,-4.37401370376829
206.3063063063063,-4.29818376802726
206.3863863863864,-4.3146595082551285
206.46646646646647,-4.260595626563353
206.54654654654655,-4.261022454637358
206.62662662662663,-4.1989934716686435
206.7067067067067,-4.216251614339398
206.7867867867868,-4.168216291773228
206.86686686686687,-4.155210996661642
206.94694694694695,-4.133388660779554
207.02702702702703,-4.095683957573892
207.1071071071071,-4.031876453546418
207.1871871871872,-4.0474479909898164
207.26726726726727,-4.010128988437543
207.34734734734735,-3.959537818751055
207.42742742742743,-3.9313207705445827
207.5075075075075,-3.920385735519808
207.5875875875876,-3.870067553461634
207.66766766766767,-3.8554699272077735
207.74774774774775,-3.828324634998466
207.82782782782783,-3.7937980917996508
207.9079079079079,-3.77768098428663
207.987987987988,-3.7400725242301553
208.06806806806807,-3.6747318563974503
208.14814814814815,-3.6652170913614723
208.22822822822823,-3.671961968330335
208.3083083083083,-3.6020497747975013
208.3883883883884,-3.5909922107483925
208.46846846846847,-3.5433007911084267
208.54854854854855,-3.5379536023821623
208.62862862862863,-3.49402005619628
208.7087087087087,-3.493528148905636
208.7887887887888,-3.417562579834824
208.86886886886887,-3.4243388986553556
208.94894894894895,-3.402537099849418
209.02902902902903,-3.3784411233326765
209.1091091091091,-3.3201387696847178
209.1891891891892,-3.33465293775117
209.26926926926927,-3.273440293771328
209.34934934934935,-3.2988212341399237
209.42942942942943,-3.2269788722779054
209.5095095095095,-3.2214543609005926
209.5895895895896,-3.1625706427203752
209.66966966966967,-3.1940603735132127
209.74974974974975,-3.1195555462728595
209.82982982982983,-3.10821935240746
209.9099099099099,-3.0644429032133504
209.98998998999,-3.0736287049256465
210.07007007007007,-3.0212928663260223
210.15015015015015,-3.0060177141152122
210.23023023023023,-2.935721376813474
210.3103103103103,-2.9421782505376863
210.3903903903904,-2.897917654279338
210.47047047047047,-2.8909683711700516
210.55055055055055,-2.8225462596845396
210.63063063063063,-2.836267639716579
210.7107107107107,-2.7798146966663184
210.7907907907908,-2.7519504450928025
210.87087087087087,-2.712615812469554
210.95095095095095,-2.7004204766344717
211.03103103103103,-2.659245488826858
211.11111111111111,-2.631023285720702
211.1911911911912,-2.600661251030304
211.27127127127127,-2.5640155736448182
211.35135135135135,-2.555023215363128
211.43143143143143,-2.546901533638494
211.51151151151151,-2.5206975497124122
211.5915915915916,-2.5006211135937466
211.67167167167167,-2.489060164765184
211.75175175175175,-2.4666989324537973
211.83183183183183,-2.484076983289422
211.91191191191191,-2.4637527349749
211.991991991992,-2.4809970163267754
212.07207207207207,-2.44287537956322
212.15215215215215,-2.4809196870563737
212.23223223223223,-2.4615237598421595
212.31231231231232,-2.489066321109435
212.3923923923924,-2.5045880654519546
212.47247247247248,-2.5174213490700694
212.55255255255256,-2.515717654461421
212.63263263263264,-2.5677165156807322
212.71271271271272,-2.5592180787864254
212.7927927927928,-2.617180608413312
212.87287287287288,-2.6435181879684544
212.95295295295296,-2.6756114782045874
213.03303303303304,-2.686330564613297
213.11311311311312,-2.745190464551071
213.1931931931932,-2.7788919542531905
213.27327327327328,-2.809851992905037
213.35335335335336,-2.870594820293489
213.43343343343344,-2.939526236287889
213.51351351351352,-2.9691199446724155
213.5935935935936,-3.0359896006613316
213.67367367367368,-3.0477687296740945
213.75375375375376,-3.1160333406526264
213.83383383383384,-3.1873131204816554
213.91391391391392,-3.2225040678812635
213.993993993994,-3.2657367421024386
214.07407407407408,-3.329919947479817
214.15415415415416,-3.391553563555595
214.23423423423424,-3.426971176181695
214.31431431431432,-3.479537971151406
214.3943943943944,-3.543674640079795
214.47447447447448,-3.587476229679495
214.55455455455456,-3.6574530976326147
214.63463463463464,-3.7019353948063176
214.71471471471472,-3.735936488465867
214.7947947947948,-3.812632910529593
214.87487487487488,-3.8397164751583213
214.95495495495496,-3.891627310514442
215.03503503503504,-3.9305758030601163
215.11511511511512,-3.9927302072682256
215.1951951951952,-4.0116808327872775
215.27527527527528,-4.073586165649609
215.35535535535536,-4.118175792228112
215.43543543543544,-4.150490461460555
215.51551551551552,-4.18829082395761
215.5955955955956,-4.243038687736934
215.67567567567568,-4.23697444955453
215.75575575575576,-4.314803248792707
215.83583583583584,-4.311326408445006
215.91591591591592,-4.3604721050152975
215.995995995996,-4.375977622723469
216.07607607607608,-4.395977458185678
216.15615615615616,-4.4012388940102944
216.23623623623624,-4.444000529104569
216.31631631631632,-4.456823452155143
216.3963963963964,-4.459838820015968
216.47647647647648,-4.489853260354614
216.55655655655656,-4.518630102057246
216.63663663663664,-4.491084706913067
216.71671671671672,-4.550049493946389
216.7967967967968,-4.539732593900695
216.87687687687688,-4.550033627518107
216.95695695695696,-4.575540285070902
217.03703703703704,-4.586328841404774
217.11711711711712,-4.547837613993057
217.1971971971972,-4.570251875680899
217.27727727727728,-4.563958880536006
217.35735735735736,-4.56521426414489
217.43743743743744,-4.541254656027448
217.51751751751752,-4.567054420169315
217.5975975975976,-4.526828914708417
217.67767767767768,-4.569980180587708
217.75775775775776,-4.513413223413885
217.83783783783784,-4.511462068651839
217.91791791791792,-4.501744010252876
217.997997997998,-4.491791657953529
218.07807807807808,-4.4512747476307934
218.15815815815816,-4.448496665301543
218.23823823823824,-4.423996701727843
218.31831831831832,-4.391663678151908
218.3983983983984,-4.380948859291732
218.47847847847848,-4.365318214518485
218.55855855855856,-4.295784884672324
218.63863863863864,-4.312612873883293
218.71871871871872,-4.2739845020043
218.7987987987988,-4.221790003244477
218.87887887887888,-4.180148478453143
218.95895895895896,-4.1588763261609705
219.03903903903904,-4.128130703478157
219.11911911911912,-4.103411837495905
219.1991991991992,-4.066275664135343
219.27927927927928,-3.962017642497737
219.35935935935936,-3.9200131072997912
219.43943943943944,-3.933635553035339
219.51951951951952,-3.86715040825189
219.5995995995996,-3.85141171657519
219.67967967967968,-3.8312960354063095
219.75975975975976,-3.7441161248609482
219.83983983983984,-3.7326976449279745
219.91991991991992,-3.641488959789411
220.0,-3.5793265532743
