freq,trans
140.0,0.05561243327961392
140.08008008008008,0.05662580244774525
140.16016016016016,0.057772359917271754
140.24024024024024,0.06030316803767178
140.32032032032032,0.06325151968844736
140.4004004004004,0.06668841348197588
140.48048048048048,0.07031623400763909
140.56056056056056,0.07361466102205753
140.64064064064064,0.07687144771810661
140.72072072072072,0.0803246303857664
140.8008008008008,0.08433240289148837
140.88088088088088,0.08833494989510762
140.96096096096096,0.09209314901057898
141.04104104104104,0.096028889328652
141.12112112112112,0.10001851918398237
141.2012012012012,0.10476547926796922
141.28128128128128,0.10870311786263306
141.36136136136136,0.11312263563176284
141.44144144144144,0.11679609572039325
141.52152152152152,0.12143868526673185
141.6016016016016,0.12517938735128853
141.68168168168168,0.1294871774167132
141.76176176176176,0.13311239760624627
141.84184184184184,0.13781589573226435
141.92192192192192,0.14153341516186282
142.002002002002,0.14584674257592672
142.08208208208208,0.1486253539491155
142.16216216216216,0.1522400385527695
142.24224224224224,0.154867395130442
142.32232232232232,0.15820950028875924
142.4024024024024,0.16028086442905642
142.48248248248248,0.16249834986247463
142.56256256256256,0.1647429135295738
142.64264264264264,0.16678270036255965
142.72272272272272,0.16895558925484494
142.8028028028028,0.16944699752538042
142.88288288288288,0.17075153191199258
142.96296296296296,0.17054703285147454
143.04304304304304,0.17190711608410378
143.12312312312312,0.17140900383284435
143.2032032032032,0.1730493320314909
143.28328328328328,0.17231242088515636
143.36336336336336,0.17329522850152673
143.44344344344344,0.17095743563824634
143.52352352352352,0.17103693923587987
143.6036036036036,0.16902585327446856
143.68368368368368,0.1690992020149657
143.76376376376376,0.1665708244404086
143.84384384384384,0.16573214390803526
143.92392392392392,0.16332069544491842
144.004004004004,0.1625124759427201
144.08408408408408,0.15984828564380585
144.16416416416416,0.15791357833314623
144.24424424424424,0.15499576624283343
144.32432432432432,0.15292095216924997
144.4044044044044,0.150767733018305
144.48448448448448,0.14806018037460036
144.56456456456456,0.14528937221251795
144.64464464464464,0.14189939808652022
144.72472472472472,0.13964361597223077
144.8048048048048,0.13620238058810438
144.88488488488488,0.1339495204823913
144.96496496496496,0.1303174841487476
145.04504504504504,0.12815504324399
145.12512512512512,0.12465619437261363
145.2052052052052,0.1223135430738009
145.28528528528528,0.1185598770257759
145.36536536536536,0.11604234695934844
145.44544544544544,0.11283120754054939
145.52552552552552,0.11077389266165072
145.6056056056056,0.10740481389856019
145.68568568568568,0.10513320699633448
145.76576576576576,0.10191690999591958
145.84584584584584,0.09985897277158273
145.92592592592592,0.09684703609183291
146.006006006006,0.09454973654178585
146.08608608608608,0.09210184165430098
146.16616616616616,0.09020226091150653
146.24624624624624,0.08782270701896372
146.32632632632632,0.08583779394370482
146.4064064064064,0.08351729258894261
146.48648648648648,0.0816438322322747
146.56656656656656,0.07953591852813881
146.64664664664664,0.07776514811565054
146.72672672672672,0.07589341160672969
146.8068068068068,0.07406076049837433
146.88688688688688,0.07237115916833288
146.96696696696696,0.07066301257789422
147.04704704704704,0.06906436429221495
147.12712712712712,0.06741191356037869
147.2072072072072,0.06592650559656638
147.28728728728728,0.06450618916519572
147.36736736736736,0.06314989614412701
147.44744744744744,0.06182011286555072
147.52752752752752,0.060699031154137724
147.6076076076076,0.059409002778690816
147.68768768768768,0.05819069689174586
147.76776776776777,0.05666141833844684
147.84784784784785,0.05571503302487129
147.92792792792793,0.05466735990720194
148.008008008008,0.05390433316351025
148.08808808808809,0.052650464903370296
148.16816816816817,0.05183423510890736
148.24824824824825,0.051165697602089985
148.32832832832833,0.05066677098717563
148.4084084084084,0.04999743321943985
148.48848848848849,0.04926835179358086
148.56856856856857,0.048627496812135
148.64864864864865,0.04794596587142626
148.72872872872873,0.04729839634040775
148.8088088088088,0.04687707332736363
148.88888888888889,0.046574635408712754
148.96896896896897,0.0463459307508586
149.04904904904905,0.04589653505296391
149.12912912912913,0.04569383831019175
149.2092092092092,0.04565007112516298
149.2892892892893,0.045850640433847165
149.36936936936937,0.0458105351080345
149.44944944944945,0.045476178352659165
149.52952952952953,0.04517565663701842
149.6096096096096,0.0451679583992742
149.6896896896897,0.04539570262313477
149.76976976976977,0.045604128544072545
149.84984984984985,0.04586883461388893
149.92992992992993,0.04626134326957995
150.01001001001,0.04691420333224422
150.0900900900901,0.04740550031751972
150.17017017017017,0.047999902010929844
150.25025025025025,0.04843136413983881
150.33033033033033,0.049168511369869675
150.4104104104104,0.05008623182152603
150.4904904904905,0.0512266019532565
150.57057057057057,0.05248560480767594
150.65065065065065,0.053710117793339715
150.73073073073073,0.05493033744303528
150.8108108108108,0.05628893699822761
150.8908908908909,0.057733841537595205
150.97097097097097,0.059557966756975944
151.05105105105105,0.06135300997410098
151.13113113113113,0.06335549618312325
151.2112112112112,0.06517018716349399
151.2912912912913,0.06738281970338633
151.37137137137137,0.06991376306594853
151.45145145145145,0.0727169568839596
151.53153153153153,0.07568157026844337
151.6116116116116,0.07838136384637272
151.6916916916917,0.0813600492039369
151.77177177177177,0.08454029741425924
151.85185185185185,0.08809096449105867
151.93193193193193,0.0915617353868629
152.012012012012,0.09522268857112728
152.0920920920921,0.09906662127368532
152.17217217217217,0.10321631688946444
152.25225225225225,0.1073601641197912
152.33233233233233,0.11179289382287524
152.4124124124124,0.11628214621630176
152.4924924924925,0.12115563078247896
152.57257257257257,0.12581167461210419
152.65265265265265,0.1310530553801512
152.73273273273273,0.13606727206328117
152.8128128128128,0.14145426355665638
152.8928928928929,0.14614353889855225
152.97297297297297,0.15125046184898883
153.05305305305305,0.15620476816410558
153.13313313313313,0.161853688715006
153.2132132132132,0.16699219436470297
153.2932932932933,0.17251077904483386
153.37337337337337,0.1775550946874894
153.45345345345345,0.1830090324928833
153.53353353353353,0.18768028045762916
153.6136136136136,0.19207609600830555
153.6936936936937,0.1966282022492292
153.77377377377377,0.20139424223505512
153.85385385385385,0.20637070555010395
153.93393393393393,0.21050581855240105
154.014014014014,0.21465879204776617
154.0940940940941,0.21815957266683897
154.17417417417417,0.22223962548460546
154.25425425425425,0.22537356366496136
154.33433433433433,0.2288587643235029
154.4144144144144,0.2317029165662907
154.4944944944945,0.23528326819580686
154.57457457457457,0.23778919154759823
154.65465465465465,0.24056685751725304
154.73473473473473,0.24245318213449882
154.8148148148148,0.24518998404325745
154.8948948948949,0.24710309887096882
154.97497497497497,0.24911137426008795
155.05505505505505,0.25042200273247756
155.13513513513513,0.25226437836087195
155.2152152152152,0.2533522621493169
155.2952952952953,0.25434208003822484
155.37537537537537,0.25454779461074195
155.45545545545545,0.25496347498182365
155.53553553553553,0.2549210374356844
155.6156156156156,0.25493979500908576
155.6956956956957,0.25515771025535927
155.77577577577577,0.255680571994904
155.85585585585585,0.25569611937184444
155.93593593593593,0.25550150487972356
156.016016016016,0.2551581270316813
156.0960960960961,0.2545136409874807
156.17617617617617,0.25302951149957
156.25625625625625,0.2514872566108084
156.33633633633633,0.24994738861834484
156.4164164164164,0.24836993092294565
156.4964964964965,0.24678028525921325
156.57657657657657,0.24465446375272656
156.65665665665665,0.24264640042781624
156.73673673673673,0.23991840220708058
156.8168168168168,0.23707599940080915
156.8968968968969,0.23340342236236358
156.97697697697697,0.22999843514615764
157.05705705705705,0.2266015383389391
157.13713713713713,0.2237476263941359
157.2172172172172,0.22052883302650586
157.2972972972973,0.21754081685899304
157.37737737737737,0.21383374564261196
157.45745745745745,0.21029399092010814
157.53753753753753,0.20636530120575353
157.6176176176176,0.20274531746076582
157.6976976976977,0.19902243799873795
157.77777777777777,0.1952048829896548
157.85785785785785,0.1911150367316277
157.93793793793793,0.18700202340580563
158.018018018018,0.18283224732391373
158.0980980980981,0.17889024158499303
158.17817817817817,0.17477564986017052
158.25825825825825,0.17096836197966178
158.33833833833833,0.16689248175312024
158.4184184184184,0.1630112462898603
158.4984984984985,0.15915659148790512
158.57857857857857,0.15548109748760372
158.65865865865865,0.1520720194990529
158.73873873873873,0.14869887647068666
158.8188188188188,0.1453148219394788
158.8988988988989,0.14198849381722978
158.97897897897897,0.13896377560893305
159.05905905905905,0.13610866026450316
159.13913913913913,0.13334974853712264
159.2192192192192,0.13029247934218383
159.2992992992993,0.12725852511631858
159.37937937937937,0.12414822530811977
159.45945945945945,0.12137752704247337
159.53953953953953,0.1185805328883658
159.6196196196196,0.11609701911959774
159.6996996996997,0.11345060363147036
159.77977977977977,0.11103113431541488
159.85985985985985,0.10860240900963712
159.93993993993993,0.10643307938108795
160.02002002002,0.1043738927495288
160.1001001001001,0.10245537642569282
160.18018018018017,0.10047874245395426
160.26026026026025,0.09871659441540168
160.34034034034033,0.0969545646002916
160.4204204204204,0.09533978824910282
160.5005005005005,0.09373519001840243
160.58058058058057,0.09240945695650234
160.66066066066065,0.09121097468808102
160.74074074074073,0.09011869088577408
160.8208208208208,0.08910423320673873
160.9009009009009,0.08815208207039835
160.98098098098097,0.08724272727338801
161.06106106106105,0.08610950955333734
161.14114114114113,0.08490990321541562
161.2212212212212,0.08382732263429057
161.3013013013013,0.08314392506405716
161.38138138138137,0.08271174618802977
161.46146146146145,0.0823383861715036
161.54154154154153,0.08200282940669222
161.6216216216216,0.0817993741413067
161.7017017017017,0.08179587233136744
161.78178178178177,0.08178754049454638
161.86186186186185,0.08180563777849344
161.94194194194193,0.08201888600572511
162.022022022022,0.08252440000490162
162.1021021021021,0.08326173671933788
162.18218218218217,0.08414020637622734
162.26226226226225,0.08510464241043189
162.34234234234233,0.08601950447887037
162.42242242242241,0.08701539188504807
162.5025025025025,0.0880546474651938
162.58258258258257,0.08939758002139299
162.66266266266265,0.09098948260525012
162.74274274274273,0.0924500433753147
162.82282282282281,0.09387265452276898
162.9029029029029,0.09547159570858615
162.98298298298297,0.09760752106778606
163.06306306306305,0.09997064302122272
163.14314314314313,0.10248596054093957
163.22322322322321,0.10509794197565098
163.3033033033033,0.10787787510273462
163.38338338338338,0.11078798011810954
163.46346346346346,0.11377266311014964
163.54354354354354,0.11701632919906549
163.62362362362362,0.12063987529281833
163.7037037037037,0.12465319405970117
163.78378378378378,0.12890515411335948
163.86386386386386,0.13330390443497594
163.94394394394394,0.13805452252397543
164.02402402402402,0.14290352519798455
164.1041041041041,0.14765230336457819
164.18418418418418,0.15233077483140903
164.26426426426426,0.15717672093617996
164.34434434434434,0.1622301123727895
164.42442442442442,0.1672964603367647
164.5045045045045,0.1725231435600339
164.58458458458458,0.17787930981392808
164.66466466466466,0.18323325511247876
164.74474474474474,0.18829172339809863
164.82482482482482,0.19337979067986655
164.9049049049049,0.19866762436592916
164.98498498498498,0.2041000288672289
165.06506506506506,0.2092339619880977
165.14514514514514,0.21415628622794214
165.22522522522522,0.21906035141800737
165.3053053053053,0.22424219116396774
165.38538538538538,0.2288396070219902
165.46546546546546,0.23350006263334658
165.54554554554554,0.2376158021682004
165.62562562562562,0.24208647208429684
165.7057057057057,0.24606889983179575
165.78578578578578,0.2498632967423974
165.86586586586586,0.2535878433825695
165.94594594594594,0.25730360391632745
166.02602602602602,0.260803601590338
166.1061061061061,0.26405153173940343
166.18618618618618,0.26713594506829696
166.26626626626626,0.2702715894015594
166.34634634634634,0.2731709493011123
166.42642642642642,0.27625637379456114
166.5065065065065,0.27901196610397705
166.58658658658658,0.28141325836821096
166.66666666666666,0.2835349053479674
166.74674674674674,0.28566929300923943
166.82682682682682,0.2881384432962759
166.9069069069069,0.28985464216635287
166.98698698698698,0.29199145455235026
167.06706706706706,0.2935452825516794
167.14714714714714,0.29572754937299606
167.22722722722722,0.29703984778644266
167.3073073073073,0.29853837273121825
167.38738738738738,0.2996033044134082
167.46746746746746,0.3009435817582633
167.54754754754754,0.3017603297477564
167.62762762762762,0.30316670699710974
167.7077077077077,0.3041115409846348
167.78778778778778,0.3056349472973121
167.86786786786786,0.3064183272466373
167.94794794794794,0.3076240965738971
168.02802802802802,0.30815025170897087
168.1081081081081,0.3090047249170643
168.18818818818818,0.30936073950401555
168.26826826826826,0.3100838451916127
168.34834834834834,0.3105149653209762
168.42842842842842,0.3107542786797241
168.5085085085085,0.31084712171924744
168.58858858858858,0.311142179645452
168.66866866866866,0.31155007340317126
168.74874874874874,0.31153138357940385
168.82882882882882,0.31087556675148964
168.9089089089089,0.30991605292300534
168.98898898898898,0.30908139359723563
169.06906906906906,0.30803375167654723
169.14914914914914,0.30714861227225426
169.22922922922922,0.30573856447875536
169.3093093093093,0.30477072849294357
169.38938938938938,0.30281298775492566
169.46946946946946,0.3009968500068978
169.54954954954954,0.29853055014413077
169.62962962962962,0.29691903177562473
169.7097097097097,0.29470998761936035
169.78978978978978,0.29234591794139886
169.86986986986986,0.2889534743327453
169.94994994994994,0.286045161064859
170.03003003003002,0.28289495643832147
170.1101101101101,0.279947124588132
170.19019019019018,0.27587506780661253
170.27027027027026,0.2720529658493715
170.35035035035034,0.26802299490141007
170.43043043043042,0.264666114363752
170.5105105105105,0.260630073644205
170.59059059059058,0.256587462707707
170.67067067067066,0.252133254188163
170.75075075075074,0.24794414237988627
170.83083083083082,0.2438093270077228
170.9109109109109,0.23984980927687444
170.99099099099098,0.2358446788122031
171.07107107107106,0.23193776990620668
171.15115115115114,0.22760958124302408
171.23123123123122,0.2233896238212574
171.3113113113113,0.21911137763723967
171.39139139139138,0.21511668686725866
171.47147147147146,0.21100143956904055
171.55155155155154,0.20683821574984312
171.63163163163162,0.2028009976761176
171.7117117117117,0.19886598285261833
171.79179179179178,0.19511979749175928
171.87187187187186,0.19124722198219773
171.95195195195194,0.1875048456398321
172.03203203203202,0.1838091110939415
172.11211211211213,0.18028738471443323
172.19219219219218,0.17680219163500174
172.2722722722723,0.17350194484035786
172.35235235235234,0.17027704385329956
172.43243243243245,0.16735530538627255
172.5125125125125,0.16421760860606643
172.5925925925926,0.16134782934498684
172.67267267267266,0.15840079464893045
172.75275275275277,0.15591265371717
172.83283283283282,0.15354946776216016
172.91291291291293,0.15152350320175653
172.99299299299298,0.14934799162654636
173.0730730730731,0.14733761687302852
173.15315315315314,0.14526504355352304
173.23323323323325,0.1436145403199286
173.3133133133133,0.14198662842871934
173.3933933933934,0.1405992684913851
173.47347347347346,0.13920592231114784
173.55355355355357,0.1382113893210814
173.63363363363362,0.1374612549011152
173.71371371371373,0.1371675379743712
173.79379379379378,0.13675532750125471
173.8738738738739,0.13630123983113476
173.95395395395394,0.1358058969210417
174.03403403403405,0.13583165411066372
174.1141141141141,0.13606349604292162
174.1941941941942,0.13641772236588565
174.27427427427426,0.13684126268889968
174.35435435435437,0.1375698718710837
174.43443443443442,0.13855548612737117
174.51451451451453,0.13977486397629973
174.59459459459458,0.14124345894685963
174.6746746746747,0.14294962104121572
174.75475475475474,0.14459684259449915
174.83483483483485,0.1461799128216709
174.9149149149149,0.14798914628212193
174.994994994995,0.15021387769444078
175.07507507507506,0.15285104689034273
175.15515515515517,0.1556327222223702
175.23523523523522,0.15865741384442292
175.31531531531533,0.16185089522330767
175.39539539539538,0.16533258554941327
175.4754754754755,0.1687893161013924
175.55555555555554,0.17246822217588034
175.63563563563565,0.17646676537914013
175.7157157157157,0.1808738810444168
175.7957957957958,0.18512184312467447
175.87587587587586,0.1892167828266831
175.95595595595597,0.19342253397147074
176.03603603603602,0.19842548499060675
176.11611611611613,0.2036738515883603
176.19619619619618,0.20885566649214043
176.2762762762763,0.2136461592424464
176.35635635635634,0.2186892593989827
176.43643643643645,0.22367500805038215
176.5165165165165,0.2284456750968918
176.5965965965966,0.23305260429313177
176.67667667667666,0.23769112044663965
176.75675675675677,0.24218104288048828
176.83683683683682,0.24645615404872775
176.91691691691693,0.25083331525820773
176.99699699699698,0.2556265743165308
177.0770770770771,0.2603038937208926
177.15715715715714,0.2643449555224197
177.23723723723725,0.26788474281998087
177.3173173173173,0.27129429068582783
177.3973973973974,0.27480983900779127
177.47747747747746,0.2781836843781238
177.55755755755757,0.2810976477863604
177.63763763763762,0.28389220039279034
177.71771771771773,0.2865933119529612
177.79779779779778,0.28948371939523654
177.8778778778779,0.2920840685091083
177.95795795795794,0.2944236250270421
178.03803803803805,0.29647678519146364
178.1181181181181,0.2981428454618415
178.1981981981982,0.29996966446028095
178.27827827827826,0.3015561723296768
178.35835835835837,0.30332142286776126
178.43843843843842,0.30470452523023267
178.51851851851853,0.305885388221209
178.59859859859858,0.3070871295092822
178.6786786786787,0.30815601364892714
178.75875875875874,0.3093377197197424
178.83883883883885,0.3103105112600124
178.9189189189189,0.3114471773197398
178.998998998999,0.3124921953667222
179.07907907907907,0.3134502309042073
179.15915915915917,0.31437755591992106
179.23923923923923,0.31510738472188216
179.31931931931933,0.31610444425729345
179.39939939939939,0.3170053882054676
179.4794794794795,0.31808998719360043
179.55955955955955,0.3190054160989317
179.63963963963965,0.3197604069608035
179.7197197197197,0.32078442877236196
179.7997997997998,0.3219027698834854
179.87987987987987,0.32300677134186806
179.95995995995997,0.3238209731087346
180.04004004004003,0.3247848449261954
180.12012012012013,0.32608215784693473
180.2002002002002,0.3273165638743658
180.2802802802803,0.3283812848016539
180.36036036036035,0.32927567075779324
180.44044044044045,0.3304655512650188
180.5205205205205,0.3316436458307411
180.60060060060061,0.33242957590778327
180.68068068068067,0.33298178064896
180.76076076076077,0.3336028025889904
180.84084084084083,0.33458900497970884
180.92092092092093,0.33590758194082226
181.001001001001,0.33737663541744123
181.0810810810811,0.3384958778669603
181.16116116116115,0.3391776824874694
181.24124124124126,0.33995189231586537
181.3213213213213,0.34084156949010097
181.40140140140142,0.34172330787620075
181.48148148148147,0.3423221200869939
181.56156156156158,0.3430232752949425
181.64164164164163,0.3437081215864836
181.72172172172174,0.34414640373481176
181.8018018018018,0.3444592702145779
181.8818818818819,0.3446279099143501
181.96196196196195,0.3448573002390595
182.04204204204206,0.34470238729363506
182.1221221221221,0.3442785406045838
182.20220220220222,0.3436075964581783
182.28228228228227,0.342859922422935
182.36236236236238,0.34211475588938206
182.44244244244243,0.3411441673626569
182.52252252252254,0.3403712145708659
182.6026026026026,0.33929359433580336
182.6826826826827,0.3378035321092668
182.76276276276275,0.33608483840588516
182.84284284284286,0.33420084017462204
182.9229229229229,0.33235117976921985
183.00300300300302,0.3300083887568326
183.08308308308307,0.32739626812651124
183.16316316316318,0.32476604801266745
183.24324324324323,0.3224118006257402
183.32332332332334,0.31988762132855003
183.4034034034034,0.31675911161832143
183.4834834834835,0.3133462053391259
183.56356356356355,0.30996773935220445
183.64364364364366,0.306649861775824
183.7237237237237,0.3032121380849628
183.80380380380382,0.2996900253054373
183.88388388388387,0.2958978171772323
183.96396396396398,0.29201997102339605
184.04404404404403,0.2880385210970113
184.12412412412414,0.2841634692655475
184.2042042042042,0.2803413947922807
184.2842842842843,0.27639490969588926
184.36436436436435,0.27228275982087663
184.44444444444446,0.2681234255872618
184.5245245245245,0.2641378924767383
184.60460460460462,0.2606746640845871
184.68468468468467,0.2574815236396875
184.76476476476478,0.25442968812754646
184.84484484484483,0.2509956169823833
184.92492492492494,0.24748435358582554
185.005005005005,0.2439639043902064
185.0850850850851,0.2409322451474405
185.16516516516515,0.23806043200351562
185.24524524524526,0.23541725040769837
185.3253253253253,0.23288395786367802
185.40540540540542,0.23057880948731582
185.48548548548547,0.2282388532614792
185.56556556556558,0.22611507365601377
185.64564564564563,0.22415469307487282
185.72572572572574,0.2224355699509467
185.8058058058058,0.2206660938067748
185.8858858858859,0.2187492838685821
185.96596596596595,0.21724359363110893
186.04604604604606,0.21631821781966878
186.1261261261261,0.2160452525233675
186.20620620620622,0.21576634619205684
186.28628628628627,0.21558337869576244
186.36636636636638,0.2155555650935457
186.44644644644643,0.2160331966106665
186.52652652652654,0.21671216738689336
186.6066066066066,0.21741006397533966
186.6866866866867,0.2182124421774777
186.76676676676675,0.2192862427012747
186.84684684684686,0.22059925952572534
186.9269269269269,0.2222370018852073
187.00700700700702,0.22396436337970266
187.08708708708707,0.2260346757183974
187.16716716716718,0.2284533404806857
187.24724724724723,0.23129020996703029
187.32732732732734,0.2341240052647652
187.4074074074074,0.237011087719989
187.4874874874875,0.2401379844453513
187.56756756756755,0.24367235986016583
187.64764764764766,0.24725706828493535
187.7277277277277,0.2506475960758643
187.80780780780782,0.2540296570544303
187.88788788788787,0.2576501907914794
187.96796796796798,0.2614305155074698
188.04804804804803,0.2654241153232963
188.12812812812814,0.2694832161450146
188.2082082082082,0.2735561536378233
188.2882882882883,0.2776913796957315
188.36836836836835,0.281403919440589
188.44844844844846,0.2851194536941493
188.5285285285285,0.2884879082643864
188.60860860860862,0.291837540274539
188.68868868868867,0.2949564064783082
188.76876876876878,0.29801230744563995
188.84884884884883,0.3012861446189993
188.92892892892894,0.30414707964850907
189.009009009009,0.3066567368606363
189.0890890890891,0.3088465874439457
189.16916916916915,0.3110488774111952
189.24924924924926,0.31312760655192245
189.3293293293293,0.3150689689695041
189.40940940940942,0.31669841841233787
189.48948948948947,0.31812815249798065
189.56956956956958,0.31938191747274947
189.64964964964963,0.32054723987994915
189.72972972972974,0.3215735493512703
189.8098098098098,0.322264058818489
189.8898898898899,0.32278739016670294
189.96996996996995,0.3230415909170088
190.05005005005006,0.3231058331762129
190.1301301301301,0.3228953302847499
190.21021021021022,0.32277317920363724
190.29029029029027,0.3226651295565076
190.37037037037038,0.32240011697524285
190.45045045045043,0.3218501245534315
190.53053053053054,0.3214130178447519
190.6106106106106,0.32124293020838335
190.6906906906907,0.3213197693277225
190.77077077077075,0.3210732530052498
190.85085085085086,0.3206835074654301
190.9309309309309,0.3203607008863312
191.01101101101102,0.32037147071601774
191.09109109109107,0.32036976125500366
191.17117117117118,0.32024389242246626
191.25125125125123,0.31985713693643597
191.33133133133134,0.31971875414429335
191.41141141141142,0.3196776266916767
191.4914914914915,0.3198543275654869
191.57157157157158,0.31985082614998755
191.65165165165166,0.3198674005045221
191.73173173173174,0.3194897184329478
191.81181181181182,0.319070230428494
191.8918918918919,0.31851058892675604
191.97197197197198,0.318676805296119
192.05205205205206,0.3194798143914177
192.13213213213214,0.3202668623404597
192.21221221221222,0.32061090596462216
192.2922922922923,0.320571625759433
192.37237237237238,0.32106996014296774
192.45245245245246,0.3218545926356446
192.53253253253254,0.3226038039818272
192.61261261261262,0.32314297102160633
192.6926926926927,0.32395446035765024
192.77277277277278,0.3249063151636797
192.85285285285286,0.3260828056352865
192.93293293293294,0.3272660032094762
193.01301301301302,0.32868851042069275
193.0930930930931,0.3295838276995083
193.17317317317318,0.33049419276891984
193.25325325325326,0.3314896127208329
193.33333333333334,0.33320495641735376
193.41341341341342,0.33504483416711456
193.4934934934935,0.33694276814618973
193.57357357357358,0.33842390474320194
193.65365365365366,0.3396930329858985
193.73373373373374,0.34094473921953083
193.81381381381382,0.34248344354710103
193.8938938938939,0.3444028641895148
193.97397397397398,0.3466010355286019
194.05405405405406,0.34884887372168083
194.13413413413414,0.3510151099955235
194.21421421421422,0.3529586618033753
194.2942942942943,0.3547437345878146
194.37437437437438,0.35661194894593506
194.45445445445446,0.3586838583852982
194.53453453453454,0.36039515685137635
194.61461461461462,0.3617168780591016
194.6946946946947,0.3631869297238628
194.77477477477478,0.36460525215910905
194.85485485485486,0.3658176443183714
194.93493493493494,0.36686996609228867
195.01501501501502,0.36822367405985695
195.0950950950951,0.36976529167252364
195.17517517517518,0.37129595365382867
195.25525525525526,0.3727286545068799
195.33533533533534,0.3737364463450741
195.41541541541542,0.3742192522688835
195.4954954954955,0.3741117862023505
195.57557557557558,0.37379724945303344
195.65565565565566,0.3735613137681011
195.73573573573574,0.3740217966756584
195.81581581581582,0.37419888456783845
195.8958958958959,0.37404297493700367
195.97597597597598,0.3732486829641105
196.05605605605606,0.37243882875087075
196.13613613613614,0.3715077069346012
196.21621621621622,0.3704710348192612
196.2962962962963,0.36909840661414894
196.37637637637638,0.36790205318932745
196.45645645645646,0.36643547815967664
196.53653653653654,0.3652744539478531
196.61661661661662,0.3633439588022505
196.6966966966967,0.36191810440200195
196.77677677677679,0.35992281789257347
196.85685685685687,0.35760594028039594
196.93693693693695,0.35471454396372937
197.01701701701703,0.35253152771604984
197.0970970970971,0.3508513661230871
197.17717717717719,0.34908860366674743
197.25725725725727,0.34646942815357
197.33733733733735,0.34375273553025404
197.41741741741743,0.3416541431467141
197.4974974974975,0.33979652767107654
197.57757757757759,0.33789100296306646
197.65765765765767,0.33597948215694257
197.73773773773775,0.33397547336189326
197.81781781781783,0.33213698089416305
197.8978978978979,0.33011311616209876
197.977977977978,0.32843756718116873
198.05805805805807,0.326773409867508
198.13813813813815,0.3253434566423501
198.21821821821823,0.3238010273281764
198.2982982982983,0.32299774107967927
198.3783783783784,0.3219485205409394
198.45845845845847,0.32147389560067186
198.53853853853855,0.3208382846099779
198.61861861861863,0.3207705716365199
198.6986986986987,0.32091339917270334
198.7787787787788,0.3212371663972527
198.85885885885887,0.3219044090771175
198.93893893893895,0.32248611804058913
199.01901901901903,0.32351936214097154
199.0990990990991,0.32488816630365336
199.1791791791792,0.3265279642076869
199.25925925925927,0.3278748922527145
199.33933933933935,0.32919978320352017
199.41941941941943,0.3310250245122914
199.4994994994995,0.333397267330281
199.5795795795796,0.33550418541932625
199.65965965965967,0.33738616709890684
199.73973973973975,0.3396509800740781
199.81981981981983,0.34205457714740334
199.8998998998999,0.34444940136317365
199.97997997998,0.34648144713307444
200.06006006006007,0.348683653476079
200.14014014014015,0.3507019076530973
200.22022022022023,0.3525619228611899
200.3003003003003,0.35426071769114964
200.3803803803804,0.35597549128304645
200.46046046046047,0.3574808132509447
200.54054054054055,0.3590371160999453
200.62062062062063,0.36057758689082836
200.7007007007007,0.36180468141626326
200.7807807807808,0.3623591183745594
200.86086086086087,0.36258740675463386
200.94094094094095,0.3628768839903623
201.02102102102103,0.3627205483414096
201.1011011011011,0.36284264302963903
201.1811811811812,0.3630076913459882
201.26126126126127,0.3630208356618316
201.34134134134135,0.36235101607238207
201.42142142142143,0.3609804270488135
201.5015015015015,0.35982672955502903
201.5815815815816,0.358719142874186
201.66166166166167,0.3576600017545915
201.74174174174175,0.356450734970137
201.82182182182183,0.35456031131781923
201.9019019019019,0.35303059432620915
201.981981981982,0.3514446590943532
202.06206206206207,0.34996942487286115
202.14214214214215,0.3472054248749006
202.22222222222223,0.3451130430762937
202.3023023023023,0.3422663087063529
202.3823823823824,0.34094024973532544
202.46246246246247,0.33878306495396937
202.54254254254255,0.33747207755293956
202.62262262262263,0.33549842029129445
202.7027027027027,0.33334196857520126
202.7827827827828,0.33088279001683507
202.86286286286287,0.32870748770495495
202.94294294294295,0.32680777476645034
203.02302302302303,0.32565856399575394
203.1031031031031,0.32442989877111444
203.1831831831832,0.3231113252278485
203.26326326326327,0.32139833592741135
203.34334334334335,0.3190947386891959
203.42342342342343,0.3172859805443344
203.5035035035035,0.3156464625589274
203.5835835835836,0.3147549679531824
203.66366366366367,0.31410001183201053
203.74374374374375,0.31287594586596823
203.82382382382383,0.3120050574144436
203.9039039039039,0.3107354902063517
203.983983983984,0.31033725374002563
204.06406406406407,0.3094617082674165
204.14414414414415,0.309124530137357
204.22422422422423,0.30870748396951664
204.3043043043043,0.30827095386172576
204.3843843843844,0.30806085752128526
204.46446446446447,0.3074885617363983
204.54454454454455,0.30724677236865344
204.62462462462463,0.30717249848802847
204.7047047047047,0.3075897089457035
204.7847847847848,0.30804061627165186
204.86486486486487,0.3077902661602642
204.94494494494495,0.30796070017074395
205.02502502502503,0.30780301628003287
205.1051051051051,0.30869008358015426
205.1851851851852,0.309532570763433
205.26526526526527,0.31025971050816004
205.34534534534535,0.31158383535757783
205.42542542542543,0.31279190334747575
205.5055055055055,0.3147115824114126
205.5855855855856,0.31569062996107
205.66566566566567,0.317214515984577
205.74574574574575,0.31808846862841916
205.82582582582583,0.3200290313188232
205.9059059059059,0.3215320748613945
205.985985985986,0.3241817590676619
206.06606606606607,0.32573657552444335
206.14614614614615,0.3281374686438826
206.22622622622623,0.3291026949672731
206.3063063063063,0.3318909149170523
206.3863863863864,0.3337557294683039
206.46646646646647,0.3378228151550387
206.54654654654655,0.33952129075047865
206.62662662662663,0.3430909761888482
206.7067067067067,0.34486577450159905
206.7867867867868,0.3482065797435181
206.86686686686687,0.350026151327159
206.94694694694695,0.3523357625445031
207.02702702702703,0.3548794932472775
207.1071071071071,0.3587440644529019
207.1871871871872,0.3622316192687531
207.26726726726727,0.3655744106965256
207.34734734734735,0.3684693942782262
207.42742742742743,0.3724178887895999
207.5075075075075,0.3754465585530032
207.5875875875876,0.3789439118313653
207.66766766766767,0.38152312671609784
207.74774774774775,0.3845270755287537
207.82782782782783,0.3873932066359994
207.9079079079079,0.39069850958569086
207.987987987988,0.39429723731573474
208.06806806806807,0.39735822737147997
208.14814814814815,0.4010094124559452
208.22822822822823,0.4038156796091399
208.3083083083083,0.40758198889872427
208.3883883883884,0.41054879707687975
208.46846846846847,0.4139979984703667
208.54854854854855,0.41578672937990685
208.62862862862863,0.4182158498736695
208.7087087087087,0.419443122517534
208.7887887887888,0.42207009157891023
208.86886886886887,0.4238249129366137
208.94894894894895,0.4269979421803405
209.02902902902903,0.42850286775656266
209.1091091091091,0.43136057265080835
209.1891891891892,0.43230784195200506
209.26926926926927,0.4351690600050086
209.34934934934935,0.43554351083968723
209.42942942942943,0.43794373401791703
209.5095095095095,0.43785140799491534
209.5895895895896,0.4402337427664745
209.66966966966967,0.4398989903517989
209.74974974974975,0.4414855617747348
209.82982982982983,0.44126919310936813
209.9099099099099,0.4433035690130365
209.98998998999,0.44288123228560455
210.07007007007007,0.4439176173801723
210.15015015015015,0.44288719354669415
210.23023023023023,0.44417978912134265
210.3103103103103,0.4436580005793016
210.3903903903904,0.44540478103509834
210.47047047047047,0.44510096436134094
210.55055055055055,0.44622493416841413
210.63063063063063,0.4453151316141847
210.7107107107107,0.44570173830580684
210.7907907907908,0.4452510927281684
210.87087087087087,0.4465551928787686
210.95095095095095,0.4469222924933345
211.03103103103103,0.4485126513407393
211.11111111111111,0.44891372864874274
211.1911911911912,0.4494871022509524
211.27127127127127,0.44962972839583476
211.35135135135135,0.4499781857282544
211.43143143143143,0.45044726657541007
211.51151151151151,0.4509770470298472
211.5915915915916,0.45191214304427085
211.67167167167167,0.45212264780494277
211.75175175175175,0.45219876821667565
211.83183183183183,0.452168299694914
211.91191191191191,0.45236492914019116
211.991991991992,0.4512370508544898
212.07207207207207,0.45096836146237734
212.15215215215215,0.4501751476561381
212.23223223223223,0.45092129669787656
212.31231231231232,0.4498485955894994
212.3923923923924,0.44859679077053366
212.47247247247248,0.44589999917359663
212.55255255255256,0.4439605114913098
212.63263263263264,0.4415007190342777
212.71271271271272,0.4400838914668425
212.7927927927928,0.4370192690965424
212.87287287287288,0.4348059515031504
212.95295295295296,0.43155892874585405
213.03303303303304,0.4294062668998721
213.11311311311312,0.42583455535563786
213.1931931931932,0.42165010274359704
213.27327327327328,0.4173356370648362
213.35335335335336,0.4132933173334014
213.43343343343344,0.4095925815661501
213.51351351351352,0.4059023908928216
213.5935935935936,0.4023705381629488
213.67367367367368,0.39926849305769996
213.75375375375376,0.3940222913744168
213.83383383383384,0.38937763392719077
213.91391391391392,0.384885314615042
213.993993993994,0.3821683518893429
214.07407407407408,0.3789887249272498
214.15415415415416,0.3745217271601625
214.23423423423424,0.3699534405711807
214.31431431431432,0.3650230211533325
214.3943943943944,0.3605464947536343
214.47447447447448,0.3567832668512618
214.55455455455456,0.3530862493424155
214.63463463463464,0.3497216385912153
214.71471471471472,0.34577678767393916
214.7947947947948,0.3420292315527722
214.87487487487488,0.338256645449739
214.95495495495496,0.3346394421109097
215.03503503503504,0.3319948396186119
215.11511511511512,0.32897713447409627
215.1951951951952,0.32595610571086664
215.27527527527528,0.32202359872045705
215.35535535535536,0.31889795880863797
215.43543543543544,0.3157427116393506
215.51551551551552,0.31339803859566523
215.5955955955956,0.31058632915605133
215.67567567567568,0.30842539805175545
215.75575575575576,0.30555255109973156
215.83583583583584,0.3038650770813751
215.91591591591592,0.3015531199003033
215.995995995996,0.3006397888036294
216.07607607607608,0.2986020102352087
216.15615615615616,0.2970840863216204
216.23623623623624,0.29472878712010625
216.31631631631632,0.2936434421420913
216.3963963963964,0.29217737412430167
216.47647647647648,0.2913128106208482
216.55655655655656,0.2897092318537987
216.63663663663664,0.2887944557674301
216.71671671671672,0.28714714855726925
216.7967967967968,0.28669945186430185
216.87687687687688,0.28601978010606255
216.95695695695696,0.28627691108980696
217.03703703703704,0.2859464437914793
217.11711711711712,0.2858570133334606
217.1971971971972,0.2853368554684858
217.27727727727728,0.2854282309898152
217.35735735735736,0.2852213488038032
217.43743743743744,0.28613728625166984
217.51751751751752,0.2859597931264861
217.5975975975976,0.28705156961429423
217.67767767767768,0.2866551796160302
217.75775775775776,0.28782106244715555
217.83783783783784,0.28826270879776517
217.91791791791792,0.2896880715975708
217.997997997998,0.29100302800053496
218.07807807807808,0.29254994715989174
218.15815815815816,0.294405834664468
218.23823823823824,0.29571614826479625
218.31831831831832,0.2972640013493837
218.3983983983984,0.29867298828118144
218.47847847847848,0.30066973601515734
218.55855855855856,0.3030545773846533
218.63863863863864,0.30529235334707117
218.71871871871872,0.3082610626088877
218.7987987987988,0.3108694176859121
218.87887887887888,0.3144458916042322
218.95895895895896,0.31666418274691477
219.03903903903904,0.31921378143350726
219.11911911911912,0.32175297443548556
219.1991991991992,0.32565773866652353
219.27927927927928,0.329682804014422
219.35935935935936,0.33277810603192226
219.43943943943944,0.3357326846119536
219.51951951951952,0.33870510988236296
219.5995995995996,0.34172518819409786
219.67967967967968,0.34587513828692135
219.75975975975976,0.34951509477230724
219.83983983983984,0.3546163957787278
219.91991991991992,0.3587353877971775
220.0,0.36381861245143027
