freq,trans
140.0,0.39048510113979457
140.08008008008008,0.39260330582633624
140.16016016016016,0.39518635821353126
140.24024024024024,0.40051890993077705
140.32032032032032,0.4061705996348742
140.4004004004004,0.412161539284283
140.48048048048048,0.417218937432665
140.56056056056056,0.4219096419803056
140.64064064064064,0.4255269337715269
140.72072072072072,0.4300629169662935
140.8008008008008,0.4346220817526426
140.88088088088088,0.43922322229873195
140.96096096096096,0.44242154117902416
141.04104104104104,0.4455720259191758
141.12112112112112,0.44841575156378427
141.2012012012012,0.451924014087108
141.28128128128128,0.4533024992792236
141.36136136136136,0.45551354379567865
141.44144144144144,0.4559926883230763
141.52152152152152,0.4581735400087068
141.6016016016016,0.45804228620871384
141.68168168168168,0.4591283264479733
141.76176176176176,0.45861116672957003
141.84184184184184,0.45930852361425806
141.92192192192192,0.45840676157608384
142.002002002002,0.4575851404791919
142.08208208208208,0.45538055895194673
142.16216216216216,0.4539024915418291
142.24224224224224,0.45156241272805636
142.32232232232232,0.4494343309637861
142.4024024024024,0.4459718282805242
142.48248248248248,0.44313302639208857
142.56256256256256,0.4402477109891316
142.64264264264264,0.43666543644260347
142.72272272272272,0.4328211193985767
142.8028028028028,0.42722745840680365
142.88288288288288,0.4233314563408028
142.96296296296296,0.4180834065231119
143.04304304304304,0.4143051945576084
143.12312312312312,0.40869914994692447
143.2032032032032,0.4050151293969194
143.28328328328328,0.39946642030495855
143.36336336336336,0.39514684518881593
143.44344344344344,0.3882821124451026
143.52352352352352,0.3840807772296958
143.6036036036036,0.3776437084476302
143.68368368368368,0.3738247433411733
143.76376376376376,0.3672231510294691
143.84384384384384,0.36307736173999794
143.92392392392392,0.35639164037302096
144.004004004004,0.35140725164982634
144.08408408408408,0.3449422413132152
144.16416416416416,0.33992831554365277
144.24424424424424,0.3347750724615836
144.32432432432432,0.32984321247318865
144.4044044044044,0.3247013916767589
144.48448448448448,0.31889880122947045
144.56456456456456,0.31389982288940343
144.64464464464464,0.30880118555654146
144.72472472472472,0.3045266234369176
144.8048048048048,0.2989020904634724
144.88488488488488,0.2947953271608614
144.96496496496496,0.2897712801498472
145.04504504504504,0.28675290551206384
145.12512512512512,0.2818590601864886
145.2052052052052,0.27818723320651556
145.28528528528528,0.2732670532853158
145.36536536536536,0.27056549141600794
145.44544544544544,0.26698223819233247
145.52552552552552,0.26425711953919445
145.6056056056056,0.2603121540804802
145.68568568568568,0.2576672654283482
145.76576576576576,0.25422161606503185
145.84584584584584,0.2520772488520346
145.92592592592592,0.24920529812815226
146.006006006006,0.24764452557190098
146.08608608608608,0.2453652619242405
146.16616616616616,0.24362731253104541
146.24624624624624,0.24172094141255746
146.32632632632632,0.24026594921198532
146.4064064064064,0.23842534840408583
146.48648648648648,0.23677886175626012
146.56656656656656,0.23518864733959485
146.64664664664664,0.23426976773287128
146.72672672672672,0.23339857362450148
146.8068068068068,0.23249048702637065
146.88688688688688,0.23194767207437433
146.96696696696696,0.2310574505666077
147.04704704704704,0.23076666317793504
147.12712712712712,0.22991471634880045
147.2072072072072,0.22994464107381013
147.28728728728728,0.23003188811112885
147.36736736736736,0.2307302714099043
147.44744744744744,0.23119157896703846
147.52752752752752,0.23137410146510118
147.6076076076076,0.2313815815981195
147.68768768768768,0.23197957507469047
147.76776776776777,0.23272021568409457
147.84784784784785,0.23407333334694247
147.92792792792793,0.2348594004481204
148.008008008008,0.23613583193642707
148.08808808808809,0.23731751185807629
148.16816816816817,0.2393979391289457
148.24824824824825,0.24107438333362555
148.32832832832833,0.24277722627321313
148.4084084084084,0.2442051623885589
148.48848848848849,0.24615752810318567
148.56856856856857,0.24826717921881009
148.64864864864865,0.2505144115316532
148.72872872872873,0.25266244279090705
148.8088088088088,0.25513826273567186
148.88888888888889,0.25760923571509303
148.96896896896897,0.2602998984500226
149.04904904904905,0.2629322936792878
149.12912912912913,0.26618758894128
149.2092092092092,0.26974249460611377
149.2892892892893,0.27312698795566426
149.36936936936937,0.2759813261824206
149.44944944944945,0.2785772792266459
149.52952952952953,0.28188762242795495
149.6096096096096,0.2857429174933763
149.6896896896897,0.2895707965687262
149.76976976976977,0.29307728732200455
149.84984984984985,0.29671805681540125
149.92992992992993,0.3008118461034669
150.01001001001,0.30523735629952425
150.0900900900901,0.3094379557438381
150.17017017017017,0.3140528801120522
150.25025025025025,0.3185994486645616
150.33033033033033,0.32385226349950746
150.4104104104104,0.32898101567135085
150.4904904904905,0.33444826609140216
150.57057057057057,0.3398469063680613
150.65065065065065,0.34518687802652404
150.73073073073073,0.3506488868411744
150.8108108108108,0.35618085798777704
150.8908908908909,0.3618869109829505
150.97097097097097,0.36764398916652175
151.05105105105105,0.3734272402726164
151.13113113113113,0.37945220011919806
151.2112112112112,0.38539025349686684
151.2912912912913,0.3920155966720888
151.37137137137137,0.39867991167675626
151.45145145145145,0.4053246366165671
151.53153153153153,0.4115069982766489
151.6116116116116,0.4173681172966052
151.6916916916917,0.42415296542993663
151.77177177177177,0.4306425072095964
151.85185185185185,0.4375007622009376
151.93193193193193,0.4434012620516331
152.012012012012,0.4501868139676004
152.0920920920921,0.4568529397273585
152.17217217217217,0.4635494694581523
152.25225225225225,0.46926465151688057
152.33233233233233,0.47503221210770147
152.4124124124124,0.48065331379682474
152.4924924924925,0.48644808390736705
152.57257257257257,0.49150377905965315
152.65265265265265,0.49705876890691636
152.73273273273273,0.5016230016925493
152.8128128128128,0.5065102508789042
152.8928928928929,0.5101374079014687
152.97297297297297,0.5143232196345672
153.05305305305305,0.517807429278732
153.13313313313313,0.5215830950528239
153.2132132132132,0.5245526867580094
153.2932932932933,0.5277126256731844
153.37337337337337,0.5301240019103586
153.45345345345345,0.532356500819307
153.53353353353353,0.5337814172063787
153.6136136136136,0.5348630078546722
153.6936936936937,0.5358205288788057
153.77377377377377,0.5364504877989117
153.85385385385385,0.5369611204628448
153.93393393393393,0.5366635634592849
154.014014014014,0.5363849644629337
154.0940940940941,0.5352064875355173
154.17417417417417,0.5344524969861085
154.25425425425425,0.5325130688877634
154.33433433433433,0.5312599802154513
154.4144144144144,0.5292470226805711
154.4944944944945,0.5280275681793009
154.57457457457457,0.5254726332550038
154.65465465465465,0.5232560631116548
154.73473473473473,0.5200886280621195
154.8148148148148,0.5179427098562173
154.8948948948949,0.5151415171096431
154.97497497497497,0.5124668734807494
155.05505505505505,0.5090296789510772
155.13513513513513,0.5059753607168176
155.2152152152152,0.5020062740662646
155.2952952952953,0.49825658782293475
155.37537537537537,0.49411695759330077
155.45545545545545,0.49021736503621405
155.53553553553553,0.48613188243918315
155.6156156156156,0.48186630562959976
155.6956956956957,0.47789733839341475
155.77577577577577,0.4740218128455876
155.85585585585585,0.4700279073522694
155.93593593593593,0.46584053111201246
156.016016016016,0.4614033901142269
156.0960960960961,0.456788767762745
156.17617617617617,0.45192863186046406
156.25625625625625,0.447385889214105
156.33633633633633,0.44298441754601364
156.4164164164164,0.4385084657882186
156.4964964964965,0.43414960323574775
156.57657657657657,0.42902049833327927
156.65665665665665,0.424163109493693
156.73673673673673,0.41876436427428726
156.8168168168168,0.41365584768875985
156.8968968968969,0.4080229904061459
156.97697697697697,0.4028760851760819
157.05705705705705,0.39789552367989334
157.13713713713713,0.3934073143144577
157.2172172172172,0.388665663785621
157.2972972972973,0.3843140278468041
157.37737737737737,0.37943789207258916
157.45745745745745,0.3746547759131828
157.53753753753753,0.36940945244103723
157.6176176176176,0.3647608927963736
157.6976976976977,0.3604741646061072
157.77777777777777,0.35617697461586595
157.85785785785785,0.35178847372614125
157.93793793793793,0.3474573703220838
158.018018018018,0.34350565479453155
158.0980980980981,0.3395587496076363
158.17817817817817,0.3356500135482476
158.25825825825825,0.3317579806560868
158.33833833833833,0.3279833496347776
158.4184184184184,0.32420246380465845
158.4984984984985,0.3207601500081314
158.57857857857857,0.31747340604627894
158.65865865865865,0.3144983406756464
158.73873873873873,0.3114056313948549
158.8188188188188,0.309002558137772
158.8988988988989,0.3068619446364882
158.97897897897897,0.3048880283435638
159.05905905905905,0.30257543112196117
159.13913913913913,0.3006580031673011
159.2192192192192,0.2990974588914644
159.2992992992993,0.29782745515820586
159.37937937937937,0.29636366645881956
159.45945945945945,0.295236731955463
159.53953953953953,0.29437291888505335
159.6196196196196,0.2938465406611685
159.6996996996997,0.293057281728932
159.77977977977977,0.29249338685097154
159.85985985985985,0.2919959134957523
159.93993993993993,0.2919207641785485
160.02002002002,0.2919522361127596
160.1001001001001,0.29198180746187086
160.18018018018017,0.29206134025679004
160.26026026026025,0.2922693565515254
160.34034034034033,0.29273433144340283
160.4204204204204,0.29342040880390163
160.5005005005005,0.29460696207213766
160.58058058058057,0.29600868925032464
160.66066066066065,0.29769721251341025
160.74074074074073,0.29952366066124053
160.8208208208208,0.30161450419387026
160.9009009009009,0.3036129336303593
160.98098098098097,0.30549059456499505
161.06106106106105,0.3072818248038704
161.14114114114113,0.3097624149761736
161.2212212212212,0.31279918210906865
161.3013013013013,0.3164882060182406
161.38138138138137,0.3196776093722769
161.46146146146145,0.32275321484365427
161.54154154154153,0.32572170390326854
161.6216216216216,0.3292364110881448
161.7017017017017,0.33267661069360094
161.78178178178177,0.3359277059443679
161.86186186186185,0.3393918121585208
161.94194194194193,0.34342437251974905
162.022022022022,0.3480179440364643
162.1021021021021,0.35281198092765753
162.18218218218217,0.3577629809448908
162.26226226226225,0.36270932274573314
162.34234234234233,0.3677538468849111
162.42242242242241,0.37306836822167805
162.5025025025025,0.3784985452745786
162.58258258258257,0.3842232632648359
162.66266266266265,0.3899025721027749
162.74274274274273,0.39532356753746317
162.82282282282281,0.40091570169152163
162.9029029029029,0.4067680525446106
162.98298298298297,0.41340067526176283
163.06306306306305,0.4200002228594947
163.14314314314313,0.4266968092275419
163.22322322322321,0.4329756937473425
163.3033033033033,0.43940431574247707
163.38338338338338,0.44575015095694326
163.46346346346346,0.45219262155357653
163.54354354354354,0.4586098012423479
163.62362362362362,0.4653733734252382
163.7037037037037,0.4722782501491864
163.78378378378378,0.47936259832849604
163.86386386386386,0.4863682623190654
163.94394394394394,0.4936328799066513
164.02402402402402,0.500547600704526
164.1041041041041,0.5070957817028988
164.18418418418418,0.5133294218643769
164.26426426426426,0.5196602784942568
164.34434434434434,0.5257566712211692
164.42442442442442,0.5314127290837264
164.5045045045045,0.5368259907789985
164.58458458458458,0.5419833135208498
164.66466466466466,0.54704086745553
164.74474474474474,0.5515512280324691
164.82482482482482,0.5559653903982651
164.9049049049049,0.5600691891796289
164.98498498498498,0.5639798551371219
165.06506506506506,0.5671898873114952
165.14514514514514,0.5699601812349818
165.22522522522522,0.5724284546719641
165.3053053053053,0.5750226222349912
165.38538538538538,0.5768753580716393
165.46546546546546,0.578519459473912
165.54554554554554,0.5795479458538538
165.62562562562562,0.5808436806736318
165.7057057057057,0.5816678170450498
165.78578578578578,0.5821516527187791
165.86586586586586,0.582377564752326
165.94594594594594,0.5825071620359085
166.02602602602602,0.5823368671128141
166.1061061061061,0.5817761481700093
166.18618618618618,0.5807322298883164
166.26626626626626,0.5796522174712494
166.34634634634634,0.5785208816806354
166.42642642642642,0.5773143640726988
166.5065065065065,0.5758234596988943
166.58658658658658,0.5739043295891961
166.66666666666666,0.5719242686081407
166.74674674674674,0.5698083411133398
166.82682682682682,0.5678638122441315
166.9069069069069,0.5654698152751007
166.98698698698698,0.5634980466200705
167.06706706706706,0.5610980132258769
167.14714714714714,0.5591092146948602
167.22722722722722,0.5564279101643882
167.3073073073073,0.5540623038522616
167.38738738738738,0.551251297909569
167.46746746746746,0.5486725269688396
167.54754754754754,0.5457524915215303
167.62762762762762,0.5433719157388271
167.7077077077077,0.540534555433121
167.78778778778778,0.5379862470042834
167.86786786786786,0.5349870217603675
167.94794794794794,0.5323254245186725
168.02802802802802,0.5293456354702801
168.1081081081081,0.5264518479685454
168.18818818818818,0.5235660393179631
168.26826826826826,0.5208097462442558
168.34834834834834,0.518155747873144
168.42842842842842,0.5152667812565146
168.5085085085085,0.5125891530615466
168.58858858858858,0.50976461947573
168.66866866866866,0.506972337628405
168.74874874874874,0.5035217790127556
168.82882882882882,0.5000032970181578
168.9089089089089,0.4963495089021244
168.98898898898898,0.4931267544783338
169.06906906906906,0.48952276063316436
169.14914914914914,0.4862921473735172
169.22922922922922,0.48266328569320854
169.3093093093093,0.479746276321842
169.38938938938938,0.47592125634302823
169.46946946946946,0.4722681828527207
169.54954954954954,0.46828366836678853
169.62962962962962,0.4649911774248443
169.7097097097097,0.4612073214303728
169.78978978978978,0.4572369351450451
169.86986986986986,0.45287179316478876
169.94994994994994,0.44910919450843506
170.03003003003002,0.4452477690154601
170.1101101101101,0.4414793654742347
170.19019019019018,0.4369601399525982
170.27027027027026,0.4329754654674753
170.35035035035034,0.429146464214448
170.43043043043042,0.42585135573281807
170.5105105105105,0.421915705166167
170.59059059059058,0.4179717941986741
170.67067067067066,0.41392796311939406
170.75075075075074,0.4103830726980109
170.83083083083082,0.4068947607940186
170.9109109109109,0.40348819815372117
170.99099099099098,0.4001846474790975
171.07107107107106,0.3969910763578998
171.15115115115114,0.39373702755994233
171.23123123123122,0.39069364128751877
171.3113113113113,0.3878366386201725
171.39139139139138,0.38527313257939344
171.47147147147146,0.38250666551571155
171.55155155155154,0.3797451572664969
171.63163163163162,0.3773627071310383
171.7117117117117,0.37524299068114425
171.79179179179178,0.37351642205454766
171.87187187187186,0.37159438250963817
171.95195195195194,0.3699602893931447
172.03203203203202,0.36838359598372383
172.11211211211213,0.36712830341364333
172.19219219219218,0.3657995171206361
172.2722722722723,0.36494915204449524
172.35235235235234,0.3643144984132103
172.43243243243245,0.36414836073503304
172.5125125125125,0.3637005800986176
172.5925925925926,0.36359906743073445
172.67267267267266,0.36350283849610665
172.75275275275277,0.3640408242474608
172.83283283283282,0.3645794800210879
172.91291291291293,0.3655117443983204
172.99299299299298,0.3663817912003523
173.0730730730731,0.36785373985308356
173.15315315315314,0.36931410302915924
173.23323323323325,0.37123615497721424
173.3133133133133,0.3730952374711543
173.3933933933934,0.3754985811539802
173.47347347347346,0.37801602090761427
173.55355355355357,0.3808516510925337
173.63363363363362,0.38375018735528316
173.71371371371373,0.38717300100150626
173.79379379379378,0.3905775511045587
173.8738738738739,0.3939295287598795
173.95395395395394,0.39736400064056326
174.03403403403405,0.4015885701878038
174.1141141141141,0.40601931105881606
174.1941941941942,0.4105021192316831
174.27427427427426,0.4150269680392194
174.35435435435437,0.4200519869664015
174.43443443443442,0.42527108646310036
174.51451451451453,0.4305936294345538
174.59459459459458,0.43608892207878835
174.6746746746747,0.44172527977563064
174.75475475475474,0.4474712612154982
174.83483483483485,0.45307672758834244
174.9149149149149,0.459078052705583
174.994994994995,0.46521318338656903
175.07507507507506,0.47170689625763484
175.15515515515517,0.478054471272237
175.23523523523522,0.48452817302746337
175.31531531531533,0.4910873175475374
175.39539539539538,0.49775014640980164
175.4754754754755,0.5042384528462387
175.55555555555554,0.5107191279477186
175.63563563563565,0.5173026307071891
175.7157157157157,0.5239835726976818
175.7957957957958,0.5300287032005686
175.87587587587586,0.53585596963253
175.95595595595597,0.5418351727781872
176.03603603603602,0.5485088901073042
176.11611611611613,0.5548595232497772
176.19619619619618,0.5607423258704625
176.2762762762763,0.5660691257696138
176.35635635635634,0.5714272906247532
176.43643643643645,0.5763375315067604
176.5165165165165,0.5809974715150649
176.5965965965966,0.5853130005818781
176.67667667667666,0.589382413794394
176.75675675675677,0.5930335789896913
176.83683683683682,0.5963574662740962
176.91691691691693,0.5995790354191616
176.99699699699698,0.6027659214309893
177.0770770770771,0.605377972608361
177.15715715715714,0.6072949691843231
177.23723723723725,0.6086049995426668
177.3173173173173,0.6097914411246829
177.3973973973974,0.6108687665110865
177.47747747747746,0.6117714252972922
177.55755755755757,0.6121003898229814
177.63763763763762,0.6122280415057395
177.71771771771773,0.6121930049236068
177.79779779779778,0.6120912171051294
177.8778778778779,0.6114736862596942
177.95795795795794,0.6104455778165175
178.03803803803805,0.6092221178297653
178.1181181181181,0.6077248482699429
178.1981981981982,0.6063433472381926
178.27827827827826,0.6047465883424611
178.35835835835837,0.6032153597844931
178.43843843843842,0.6013797080553904
178.51851851851853,0.5994538331190913
178.59859859859858,0.5976088373365408
178.6786786786787,0.5956599260129738
178.75875875875874,0.5936641483611038
178.83883883883885,0.5913060181834948
178.9189189189189,0.5891105751487791
178.998998998999,0.5869366649209568
179.07907907907907,0.5848019664653485
179.15915915915917,0.5825970028871192
179.23923923923923,0.5800646382514566
179.31931931931933,0.5777463828428057
179.39939939939939,0.575580582927821
179.4794794794795,0.5737314949309533
179.55955955955955,0.5716786524913977
179.63963963963965,0.5691918879242679
179.7197197197197,0.5669008319246386
179.7997997997998,0.5648281674695033
179.87987987987987,0.5629497443896562
179.95995995995997,0.5609000712566623
180.04004004004003,0.5590679974111677
180.12012012012013,0.5574881426408349
180.2002002002002,0.5557680003800979
180.2802802802803,0.5538603028344412
180.36036036036035,0.5518303723584278
180.44044044044045,0.5502227646008708
180.5205205205205,0.5486104805382471
180.60060060060061,0.5466463075326347
180.68068068068067,0.5444617573600538
180.76076076076077,0.5423950335786122
180.84084084084083,0.5407881922637856
180.92092092092093,0.5395213054553845
181.001001001001,0.5382954006599778
181.0810810810811,0.5366930700278952
181.16116116116115,0.5347549418061838
181.24124124124126,0.5330519740564155
181.3213213213213,0.5315257138825388
181.40140140140142,0.5301350613681257
181.48148148148147,0.5284955122019473
181.56156156156158,0.5267872302364404
181.64164164164163,0.525016782318441
181.72172172172174,0.5231226976802373
181.8018018018018,0.5214650133274951
181.8818818818819,0.5199770334626461
181.96196196196195,0.5185970995622305
182.04204204204206,0.5167253962978864
182.1221221221221,0.5145441410080164
182.20220220220222,0.5123136826129905
182.28228228228227,0.5101537101370804
182.36236236236238,0.5080738442373854
182.44244244244243,0.5058491665235263
182.52252252252254,0.5038501363029049
182.6026026026026,0.5019026013231067
182.6826826826827,0.49996620648023743
182.76276276276275,0.4978881077505337
182.84284284284286,0.49560642386594506
182.9229229229229,0.4932414815688437
183.00300300300302,0.49069852986544477
183.08308308308307,0.4881284124672684
183.16316316316318,0.485862051966724
183.24324324324323,0.4838189895076915
183.32332332332334,0.48176018482887634
183.4034034034034,0.4793578093829513
183.4834834834835,0.4768516063479595
183.56356356356355,0.47438222324213325
183.64364364364366,0.47208760452159965
183.7237237237237,0.4699689078574374
183.80380380380382,0.46787066153094486
183.88388388388387,0.46576448433623047
183.96396396396398,0.4636432155081641
184.04404404404403,0.4614883452208823
184.12412412412414,0.45953676614063926
184.2042042042042,0.45779300133344103
184.2842842842843,0.45615900531988196
184.36436436436435,0.4544899584563956
184.44444444444446,0.4529326296511628
184.5245245245245,0.45168807954611023
184.60460460460462,0.45097003392181984
184.68468468468467,0.45053105326273746
184.76476476476478,0.45014593285359383
184.84484484484483,0.44956393500736136
184.92492492492494,0.4490551975988872
185.005005005005,0.4486642737107671
185.0850850850851,0.4489590733727136
185.16516516516515,0.4494381467239032
185.24524524524526,0.4502096204166023
185.3253253253253,0.45112615136231726
185.40540540540542,0.45244688295374974
185.48548548548547,0.4539853166612009
185.56556556556558,0.45563845762163396
185.64564564564563,0.4574528227401859
185.72572572572574,0.4594613395762548
185.8058058058058,0.4614284415304041
185.8858858858859,0.4633479800351462
185.96596596596595,0.4658455621908456
186.04604604604606,0.4691294325654222
186.1261261261261,0.4729633031511396
186.20620620620622,0.47679493329532047
186.28628628628627,0.48080883779861283
186.36636636636638,0.4848356424357446
186.44644644644643,0.4891796887341193
186.52652652652654,0.4934271860893053
186.6066066066066,0.4979423656666616
186.6866866866867,0.5026894367797545
186.76676676676675,0.5077882223029897
186.84684684684686,0.5130992620514426
186.9269269269269,0.5185698089452958
187.00700700700702,0.5239568024125101
187.08708708708707,0.5294223984349248
187.16716716716718,0.5350561571857231
187.24724724724723,0.540843997350562
187.32732732732734,0.5464492044914705
187.4074074074074,0.5519900888060548
187.4874874874875,0.5577276202209224
187.56756756756755,0.5637073203372414
187.64764764764766,0.5696758929421564
187.7277277277277,0.5750107936880744
187.80780780780782,0.5800697771953444
187.88788788788787,0.5851692064324538
187.96796796796798,0.5905259331912515
188.04804804804803,0.5957912516440632
188.12812812812814,0.6007081895281917
188.2082082082082,0.6053345836670005
188.2882882882883,0.6097462371064584
188.36836836836835,0.6136592029502513
188.44844844844846,0.6172834827349322
188.5285285285285,0.6203748401643919
188.60860860860862,0.6232332400847057
188.68868868868867,0.6258033132392578
188.76876876876878,0.6281512175460737
188.84884884884883,0.6303313549819815
188.92892892892894,0.6319050946827759
189.009009009009,0.633045075760423
189.0890890890891,0.6338397191100814
189.16916916916915,0.6344973893028527
189.24924924924926,0.6349720909663067
189.3293293293293,0.6351213880537216
189.40940940940942,0.6349017948680344
189.48948948948947,0.634338336399527
189.56956956956958,0.6335475799149933
189.64964964964963,0.632582007589622
189.72972972972974,0.6314523440071221
189.8098098098098,0.6299806166463964
189.8898898898899,0.6282663850517993
189.96996996996995,0.6263093603658363
190.05005005005006,0.6242841204226887
190.1301301301301,0.6220971255394494
190.21021021021022,0.6198455988562983
190.29029029029027,0.6175539082734902
190.37037037037038,0.6149827894390227
190.45045045045043,0.6121088920901882
190.53053053053054,0.6091838446295964
190.6106106106106,0.6064715077885517
190.6906906906907,0.6040774047734428
190.77077077077075,0.6014231595346716
190.85085085085086,0.598740631463663
190.9309309309309,0.5960620700224997
191.01101101101102,0.5936904671135113
191.09109109109107,0.5911843720927961
191.17117117117118,0.5886970958262961
191.25125125125123,0.5860443961502804
191.33133133133134,0.5835950785112891
191.41141141141142,0.5811973574340783
191.4914914914915,0.5789994317006953
191.57157157157158,0.5766786341140001
191.65165165165166,0.5743748492539491
191.73173173173174,0.5718443682769254
191.81181181181182,0.569529830203639
191.8918918918919,0.5671816521953382
191.97197197197198,0.5652555064061134
192.05205205205206,0.563553566311472
192.13213213213214,0.5617574366270116
192.21221221221222,0.5597999302716055
192.2922922922923,0.5577947462485416
192.37237237237238,0.5562114983286802
192.45245245245246,0.5548400062737173
192.53253253253254,0.5534156074954105
192.61261261261262,0.5519220384096056
192.6926926926927,0.5505640335178895
192.77277277277278,0.5492971984514681
192.85285285285286,0.5482836068494521
192.93293293293294,0.5472482473491367
193.01301301301302,0.5463549860565912
193.0930930930931,0.5451953355048935
193.17317317317318,0.5441676969725348
193.25325325325326,0.543112430935451
193.33333333333334,0.5425769623318891
193.41341341341342,0.5420173328150348
193.4934934934935,0.5417495506478814
193.57357357357358,0.5411443125095324
193.65365365365366,0.5403914491856474
193.73373373373374,0.5395776681039655
193.81381381381382,0.5392195313748899
193.8938938938939,0.539172538079094
193.97397397397398,0.5393107672225621
194.05405405405406,0.5392876984532722
194.13413413413414,0.5393464700463518
194.21421421421422,0.5392195325111998
194.2942942942943,0.5390005842628721
194.37437437437438,0.5388984923814065
194.45445445445446,0.5390533905845902
194.53453453453454,0.5392832467478309
194.61461461461462,0.5392588744221497
194.6946946946947,0.5393005001550684
194.77477477477478,0.5391358034991418
194.85485485485486,0.5387926018708079
194.93493493493494,0.5383206445653861
195.01501501501502,0.5383422547868123
195.0950950950951,0.5386228287323925
195.17517517517518,0.5388154051717833
195.25525525525526,0.5388547668095442
195.33533533533534,0.5386845855033687
195.41541541541542,0.5384869667412482
195.4954954954955,0.5380993371390383
195.57557557557558,0.5375077220280143
195.65565565565566,0.5370287044553879
195.73573573573574,0.5368270908662839
195.81581581581582,0.5368794131381293
195.8958958958959,0.5367502542527773
195.97597597597598,0.5363734114702798
196.05605605605606,0.5360199287624754
196.13613613613614,0.5357193877483053
196.21621621621622,0.5353574457031981
196.2962962962963,0.5347321493769814
196.37637637637638,0.5345585755626416
196.45645645645646,0.5345321206015664
196.53653653653654,0.5345969978577667
196.61661661661662,0.5342570732281771
196.6966966966967,0.5343069322759393
196.77677677677679,0.5342839630855998
196.85685685685687,0.533972474789112
196.93693693693695,0.5334746782619915
197.01701701701703,0.533788000104199
197.0970970970971,0.534543272825773
197.17717717717719,0.5353998482865499
197.25725725725727,0.535633131591832
197.33733733733735,0.5360549833606922
197.41741741741743,0.5368163661553292
197.4974974974975,0.5378839350251808
197.57757757757759,0.5390398579573323
197.65765765765767,0.540320243889259
197.73773773773775,0.5418505073044887
197.81781781781783,0.5435545243574084
197.8978978978979,0.5452652391075861
197.977977977978,0.5473218829004578
198.05805805805807,0.5494703863331267
198.13813813813815,0.5520226419596098
198.21821821821823,0.5545292378507961
198.2982982982983,0.5571909624250627
198.3783783783784,0.5596898851623977
198.45845845845847,0.5628436916571082
198.53853853853855,0.566507746245129
198.61861861861863,0.5704823124121117
198.6986986986987,0.5742048214494782
198.7787787787788,0.5779628201946722
198.85885885885887,0.5820152100985254
198.93893893893895,0.5862782693572809
199.01901901901903,0.5907012220154705
199.0990990990991,0.5951120530782665
199.1791791791792,0.5996183176722966
199.25925925925927,0.6039184267384442
199.33933933933935,0.6084351546117681
199.41941941941943,0.6128821189419422
199.4994994994995,0.6175184881079228
199.5795795795796,0.621866703482275
199.65965965965967,0.6263346736327451
199.73973973973975,0.6307306710722197
199.81981981981983,0.6347948301549733
199.8998998998999,0.6385090158183953
199.97997997998,0.6420889832493782
200.06006006006007,0.645552294364
200.14014014014015,0.6485080500709935
200.22022022022023,0.651315214213376
200.3003003003003,0.6537294128951837
200.3803803803804,0.6560522006791808
200.46046046046047,0.6577092863098956
200.54054054054055,0.6593856849700863
200.62062062062063,0.660562782211517
200.7007007007007,0.6617012722298278
200.7807807807808,0.6620657286685747
200.86086086086087,0.6622258282415298
200.94094094094095,0.6620297503721291
201.02102102102103,0.6615798245734775
201.1011011011011,0.6611291086931109
201.1811811811812,0.6602839852639171
201.26126126126127,0.6591115095994052
201.34134134134135,0.6575706665218135
201.42142142142143,0.6557609645939747
201.5015015015015,0.6538435107334465
201.5815815815816,0.6514244624451383
201.66166166166167,0.6488126987260635
201.74174174174175,0.6462302662524662
201.82182182182183,0.6433997134097549
201.9019019019019,0.6407147131391716
201.981981981982,0.6376227500643901
202.06206206206207,0.6345848066058631
202.14214214214215,0.6305348861021521
202.22222222222223,0.6270035692105392
202.3023023023023,0.623212538419061
202.3823823823824,0.6201862825168536
202.46246246246247,0.6167187522833573
202.54254254254255,0.6134270873222796
202.62262262262263,0.6099417374287872
202.7027027027027,0.6066668149489266
202.7827827827828,0.6030773385128565
202.86286286286287,0.5994171572038406
202.94294294294295,0.5956395280440787
203.02302302302303,0.5928049354399505
203.1031031031031,0.5901096272677302
203.1831831831832,0.587010757645697
203.26326326326327,0.5834449623722274
203.34334334334335,0.5797328436447384
203.42342342342343,0.5766114232033738
203.5035035035035,0.5740193939491701
203.5835835835836,0.571568797659738
203.66366366366367,0.5694676311301439
203.74374374374375,0.5668938426689037
203.82382382382383,0.5644364881022138
203.9039039039039,0.5616605718841257
203.983983983984,0.5592131909496322
204.06406406406407,0.5569154131098828
204.14414414414415,0.5550787729060755
204.22422422422423,0.5531544041109092
204.3043043043043,0.5512268117201526
204.3843843843844,0.5492461517928918
204.46446446446447,0.547358638719511
204.54454454454455,0.545588828046256
204.62462462462463,0.5441726529248914
204.7047047047047,0.5431466383415375
204.7847847847848,0.5420854523190629
204.86486486486487,0.5406671152789342
204.94494494494495,0.5390584323377635
205.02502502502503,0.5378271298823186
205.1051051051051,0.5368742080592146
205.1851851851852,0.5363991440393404
205.26526526526527,0.5354683810233533
205.34534534534535,0.5353503649356895
205.42542542542543,0.5348383226183945
205.5055055055055,0.5352269904108009
205.5855855855856,0.5347011544555229
205.66566566566567,0.5348017041820402
205.74574574574575,0.534330799273313
205.82582582582583,0.5345045231927242
205.9059059059059,0.5347721268594748
205.985985985986,0.5358062975224128
206.06606606606607,0.536231497971436
206.14614614614615,0.5367210073224274
206.22622622622623,0.5363417749181367
206.3063063063063,0.5375139096625134
206.3863863863864,0.5378734686493905
206.46646646646647,0.5397960081407488
206.54654654654655,0.5400259214944538
206.62662662662663,0.5416988767506167
206.7067067067067,0.5423467901167017
206.7867867867868,0.5440306385212169
206.86686686686687,0.5448271731900649
206.94694694694695,0.5457292262427481
207.02702702702703,0.5465884148825708
207.1071071071071,0.5484515295406253
207.1871871871872,0.5502340554515501
207.26726726726727,0.5522513244725764
207.34734734734735,0.5534597474607204
207.42742742742743,0.5553669246713573
207.5075075075075,0.557085912644498
207.5875875875876,0.5594118173460354
207.66766766766767,0.5610088033523489
207.74774774774775,0.5623893738265252
207.82782782782783,0.5643821481979175
207.9079079079079,0.5662861332597559
207.987987987988,0.5688110050521834
208.06806806806807,0.5705950677071427
208.14814814814815,0.5733888926929916
208.22822822822823,0.5752997022556547
208.3083083083083,0.5779095265089427
208.3883883883884,0.5797575245073285
208.46846846846847,0.5826261821345958
208.54854854854855,0.5843644292945923
208.62862862862863,0.5865717084971287
208.7087087087087,0.5877125406993595
208.7887887887888,0.5902033749348341
208.86886886886887,0.5919662422303761
208.94894894894895,0.5951599680932709
209.02902902902903,0.5970007407821292
209.1091091091091,0.6002381776889048
209.1891891891892,0.6018384192413603
209.26926926926927,0.6049301336198619
209.34934934934935,0.6063435632156016
209.42942942942943,0.6096779848525494
209.5095095095095,0.6116312214265224
209.5895895895896,0.6150112219110415
209.66966966966967,0.6164359250620539
209.74974974974975,0.6196956838338471
209.82982982982983,0.6218858570010035
209.9099099099099,0.6257790782647144
209.98998998999,0.6276322170977666
210.07007007007007,0.6308166723546316
210.15015015015015,0.6326850828984851
210.23023023023023,0.6365437851485669
210.3103103103103,0.6391149145386996
210.3903903903904,0.643047647157873
210.47047047047047,0.6451666594718739
210.55055055055055,0.6486612727495726
210.63063063063063,0.6508135109925618
210.7107107107107,0.6543699434479262
210.7907907907908,0.6572685719241377
210.87087087087087,0.6615318375698314
210.95095095095095,0.6646191019769313
211.03103103103103,0.6684009332816272
211.11111111111111,0.6714169867044796
211.1911911911912,0.6752616960399213
211.27127127127127,0.678539206347189
211.35135135135135,0.6812845604245584
211.43143143143143,0.6839656253888892
211.51151151151151,0.6868412057596731
211.5915915915916,0.6902473107358077
211.67167167167167,0.6927882205794277
211.75175175175175,0.6949662389580857
211.83183183183183,0.6968553580400304
211.91191191191191,0.6984235357659829
211.991991991992,0.6999164000069217
212.07207207207207,0.7015023038715406
212.15215215215215,0.7029173401785512
212.23223223223223,0.704174453103731
212.31231231231232,0.7042123904355175
212.3923923923924,0.7042042958704287
212.47247247247248,0.7029678278573536
212.55255255255256,0.7024434635517919
212.63263263263264,0.7009922655766021
212.71271271271272,0.7003526121601474
212.7927927927928,0.6983752938380128
212.87287287287288,0.6966153650827533
212.95295295295296,0.6941494321849304
213.03303303303304,0.6918029916596317
213.11311311311312,0.6888373143563173
213.1931931931932,0.685669208822615
213.27327327327328,0.682170402504788
213.35335335335336,0.6789609483150145
213.43343343343344,0.6750261908355378
213.51351351351352,0.671378865011407
213.5935935935936,0.6667490022532536
213.67367367367368,0.6628612219656157
213.75375375375376,0.6586487135492413
213.83383383383384,0.6547181955844773
213.91391391391392,0.6504978605124129
213.993993993994,0.6463137988475671
214.07407407407408,0.642235576019574
214.15415415415416,0.6375040754506967
214.23423423423424,0.6324828445853452
214.31431431431432,0.6276098268531113
214.3943943943944,0.6229590803315331
214.47447447447448,0.6186456670020932
214.55455455455456,0.6139597211803307
214.63463463463464,0.6095222374760544
214.71471471471472,0.6051526293684227
214.7947947947948,0.6006987862975447
214.87487487487488,0.5961417085735828
214.95495495495496,0.592016460249115
215.03503503503504,0.5887610929232522
215.11511511511512,0.5848039073566416
215.1951951951952,0.5803831930722926
215.27527527527528,0.5760802971200645
215.35535535535536,0.5724876705040055
215.43543543543544,0.5692768078682913
215.51551551551552,0.5659614894761152
215.5955955955956,0.5623322167742312
215.67567567567568,0.5590402111995584
215.75575575575576,0.5551373845218137
215.83583583583584,0.5525587452400508
215.91591591591592,0.5493951775905606
215.995995995996,0.5472754706923925
216.07607607607608,0.5444452826527886
216.15615615615616,0.5421924133648399
216.23623623623624,0.5395104047685948
216.31631631631632,0.5374716528307231
216.3963963963964,0.5351864530013046
216.47647647647648,0.533895425164159
216.55655655655656,0.5314941678068039
216.63663663663664,0.5295436804968222
216.71671671671672,0.5265762735572408
216.7967967967968,0.5257059040727234
216.87687687687688,0.5243963313922584
216.95695695695696,0.5240233010107511
217.03703703703704,0.5219272826470392
217.11711711711712,0.52062836254207
217.1971971971972,0.5189454242677073
217.27727727727728,0.5186594307699881
217.35735735735736,0.5176197167033144
217.43743743743744,0.517749829067338
217.51751751751752,0.5167220080771259
217.5975975975976,0.5170505810199012
217.67767767767768,0.5159682402872731
217.75775775775776,0.5163408881633359
217.83783783783784,0.5160097088165951
217.91791791791792,0.5163902654636328
217.997997997998,0.5169593214539007
218.07807807807808,0.5171870096468341
218.15815815815816,0.5181189125732991
218.23823823823824,0.5186598933840544
218.31831831831832,0.5197589241184705
218.3983983983984,0.5205212663385762
218.47847847847848,0.5212929171676697
218.55855855855856,0.5226240773478933
218.63863863863864,0.5239029048804663
218.71871871871872,0.5261256325976504
218.7987987987988,0.5275579349578328
218.87887887887888,0.5290669223684419
218.95895895895896,0.5307087755471488
219.03903903903904,0.533122695238487
219.11911911911912,0.5355577151657166
219.1991991991992,0.5372375146895025
219.27927927927928,0.5385119797644813
219.35935935935936,0.5407254989849795
219.43943943943944,0.5441350835833324
219.51951951951952,0.5472298759360044
219.5995995995996,0.5506306788136527
219.67967967967968,0.5524566638582467
219.75975975975976,0.5557975419547101
219.83983983983984,0.5572406290476917
219.91991991991992,0.5611872540908144
220.0,0.5636663408221922
