freq,trans
140.0,0.9165384960486985
140.08008008008008,0.9207465720238922
140.16016016016016,0.9228998387585647
140.24024024024024,0.9290657757745752
140.32032032032032,0.9337180455772237
140.4004004004004,0.9399946721744933
140.48048048048048,0.9440392063161894
140.56056056056056,0.9479111421289517
140.64064064064064,0.9492922769308092
140.72072072072072,0.9512713554610783
140.8008008008008,0.9528129216331489
140.88088088088088,0.9547107048392885
140.96096096096096,0.9554562013344651
141.04104104104104,0.9548890065250324
141.12112112112112,0.9532282774933059
141.2012012012012,0.951093574725356
141.28128128128128,0.9480726100093928
141.36136136136136,0.9444389624503231
141.44144144144144,0.940323105509777
141.52152152152152,0.9362083328460827
141.6016016016016,0.9308330920792015
141.68168168168168,0.9246419968096228
141.76176176176176,0.9179263910969337
141.84184184184184,0.9114594246516684
141.92192192192192,0.9044465324843524
142.002002002002,0.8964403865388013
142.08208208208208,0.888111093557996
142.16216216216216,0.8800276217937733
142.24224224224224,0.8721190775776216
142.32232232232232,0.8637810935704177
142.4024024024024,0.8548763635084458
142.48248248248248,0.8458792799733876
142.56256256256256,0.8374395202476075
142.64264264264264,0.8281539890195582
142.72272272272272,0.8192452114368155
142.8028028028028,0.8094817908127044
142.88288288288288,0.8019483931905204
142.96296296296296,0.792854806250707
143.04304304304304,0.7847286719665283
143.12312312312312,0.7746387317370624
143.2032032032032,0.7669308903209061
143.28328328328328,0.7581247612077346
143.36336336336336,0.7511519330737682
143.44344344344344,0.742705044713841
143.52352352352352,0.7363352342985834
143.6036036036036,0.72817946533916
143.68368368368368,0.7216267294573248
143.76376376376376,0.7132434362037169
143.84384384384384,0.7065611867838271
143.92392392392392,0.6991369977428638
144.004004004004,0.6927918388230997
144.08408408408408,0.686320417217661
144.16416416416416,0.6803124401632337
144.24424424424424,0.674853584641279
144.32432432432432,0.6694100219508493
144.4044044044044,0.6646004111613231
144.48448448448448,0.6592325391269553
144.56456456456456,0.6544554621146176
144.64464464464464,0.6496521542406447
144.72472472472472,0.6451225000824602
144.8048048048048,0.639796257724782
144.88488488488488,0.6360855300601463
144.96496496496496,0.6320621225927483
145.04504504504504,0.6300392485111866
145.12512512512512,0.6259568505865132
145.2052052052052,0.6233591100101292
145.28528528528528,0.6192093575020191
145.36536536536536,0.6168598218878725
145.44544544544544,0.613681342686065
145.52552552552552,0.6115813330174029
145.6056056056056,0.6087641997198323
145.68568568568568,0.6073857133531677
145.76576576576576,0.6049448150005412
145.84584584584584,0.6035710971266667
145.92592592592592,0.6015638637100554
146.006006006006,0.6008344605256352
146.08608608608608,0.5997465867711118
146.16616616616616,0.598989073363668
146.24624624624624,0.5981950986446267
146.32632632632632,0.5974571210532141
146.4064064064064,0.5964968983852601
146.48648648648648,0.59537177720598
146.56656656656656,0.5946081442788044
146.64664664664664,0.5948745866563787
146.72672672672672,0.595331121408905
146.8068068068068,0.5953293252848267
146.88688688688688,0.5955773780212996
146.96696696696696,0.5958080890590917
147.04704704704704,0.597154958587078
147.12712712712712,0.5978116862098246
147.2072072072072,0.599087305980646
147.28728728728728,0.6002151578586723
147.36736736736736,0.6019766115836569
147.44744744744744,0.6033543205391654
147.52752752752752,0.6045888316185389
147.6076076076076,0.6061746745031265
147.68768768768768,0.6086491633235946
147.76776776776777,0.6103900322686032
147.84784784784785,0.6130044038742523
147.92792792792793,0.6147831817255728
148.008008008008,0.6183451520428224
148.08808808808809,0.6213203864348202
148.16816816816817,0.6250546811823837
148.24824824824825,0.6279330006215027
148.32832832832833,0.631193105266458
148.4084084084084,0.6346813713576426
148.48848848848849,0.6384850809797263
148.56856856856857,0.6426797483535862
148.64864864864865,0.6465582129356249
148.72872872872873,0.6502266095560434
148.8088088088088,0.6540338703464696
148.88888888888889,0.6586684805902744
148.96896896896897,0.6642955148492351
149.04904904904905,0.6699915947003323
149.12912912912913,0.6755614284675839
149.2092092092092,0.6810503673448903
149.2892892892893,0.6860237009625932
149.36936936936937,0.6915753877115113
149.44944944944945,0.6968755890957512
149.52952952952953,0.7031906837022777
149.6096096096096,0.7095270752522443
149.6896896896897,0.7158142306199669
149.76976976976977,0.7220357932672801
149.84984984984985,0.7284936189731173
149.92992992992993,0.7357126200594734
150.01001001001,0.7433500158129742
150.0900900900901,0.7512134192861084
150.17017017017017,0.7589558378449363
150.25025025025025,0.7663192631517591
150.33033033033033,0.7740535168327324
150.4104104104104,0.781916240152062
150.4904904904905,0.7898741596635226
150.57057057057057,0.7975587827765925
150.65065065065065,0.8048995178085102
150.73073073073073,0.8126838954019597
150.8108108108108,0.8211794556681131
150.8908908908909,0.8300663240524729
150.97097097097097,0.8387909373564012
151.05105105105105,0.8471481855596731
151.13113113113113,0.8551261486057494
151.2112112112112,0.8630451840265113
151.2912912912913,0.870989575877428
151.37137137137137,0.8792293911679591
151.45145145145145,0.887209229108132
151.53153153153153,0.8948951030837924
151.6116116116116,0.9022269450603703
151.6916916916917,0.9096597975115008
151.77177177177177,0.9164512467691923
151.85185185185185,0.9233256057965946
151.93193193193193,0.9292842022465356
152.012012012012,0.9353746151209962
152.0920920920921,0.9401177057887439
152.17217217217217,0.9448632506226127
152.25225225225225,0.9485463196726917
152.33233233233233,0.9525351080971276
152.4124124124124,0.9553112329944052
152.4924924924925,0.9575902868229477
152.57257257257257,0.9589965239665464
152.65265265265265,0.9602508052437048
152.73273273273273,0.9606300701855385
152.8128128128128,0.9606173245449424
152.8928928928929,0.9596559282756064
152.97297297297297,0.9583363096478165
153.05305305305305,0.9559326112258502
153.13313313313313,0.9528143149586692
153.2132132132132,0.9489029468823912
153.2932932932933,0.9448647783175922
153.37337337337337,0.940030763572949
153.45345345345345,0.9346443807430135
153.53353353353353,0.9289177899384621
153.6136136136136,0.9226747081642185
153.6936936936937,0.9161854507765969
153.77377377377377,0.9087836101233794
153.85385385385385,0.9010654006444601
153.93393393393393,0.8927716444679789
154.014014014014,0.8848066696436618
154.0940940940941,0.8767719279991285
154.17417417417417,0.8691636856147504
154.25425425425425,0.8611361535060936
154.33433433433433,0.853034818709201
154.4144144144144,0.8444057508060985
154.4944944944945,0.8363597219636048
154.57457457457457,0.8280397671244831
154.65465465465465,0.8193030336232838
154.73473473473473,0.8103410706365146
154.8148148148148,0.8018786376350493
154.8948948948949,0.7941767255815569
154.97497497497497,0.7862316791354437
155.05505505505505,0.7785080101709311
155.13513513513513,0.7709594513076583
155.2152152152152,0.763379491127928
155.2952952952953,0.7559097539651803
155.37537537537537,0.748192214711086
155.45545545545545,0.7409924118812276
155.53553553553553,0.7342136979927958
155.6156156156156,0.7275666943231848
155.6956956956957,0.7213530741432373
155.77577577577577,0.7151871905856835
155.85585585585585,0.7089800151043116
155.93593593593593,0.7029954855106337
156.016016016016,0.6970955382398195
156.0960960960961,0.6921027043238164
156.17617617617617,0.6867532291747729
156.25625625625625,0.6816297978247907
156.33633633633633,0.6764836257922324
156.4164164164164,0.6716534734941464
156.4964964964965,0.6672634125731411
156.57657657657657,0.6630622676999623
156.65665665665665,0.6589994664369282
156.73673673673673,0.655014282196819
156.8168168168168,0.6511025033767741
156.8968968968969,0.6475496206362735
156.97697697697697,0.6440855311934057
157.05705705705705,0.6409196847437977
157.13713713713713,0.6379038067777925
157.2172172172172,0.6350542629787177
157.2972972972973,0.6323177566172805
157.37737737737737,0.6298117284368661
157.45745745745745,0.627359059610993
157.53753753753753,0.6250094051410435
157.6176176176176,0.6227543952524139
157.6976976976977,0.620940514682599
157.77777777777777,0.6191769696124216
157.85785785785785,0.6173824839106958
157.93793793793793,0.615956024784259
158.018018018018,0.6150818370197406
158.0980980980981,0.6146660621119723
158.17817817817817,0.6143807449435698
158.25825825825825,0.6138644469188232
158.33833833833833,0.613461119452174
158.4184184184184,0.6127976868335789
158.4984984984985,0.6128169403965315
158.57857857857857,0.6130435868120276
158.65865865865865,0.6134024956038214
158.73873873873873,0.6140947290880332
158.8188188188188,0.6145293229717267
158.8988988988989,0.6156037339549167
158.97897897897897,0.6166428327156352
159.05905905905905,0.6179132161156399
159.13913913913913,0.619097987276657
159.2192192192192,0.6201049615986132
159.2992992992993,0.6218293010599514
159.37937937937937,0.6236307030194533
159.45945945945945,0.6259694749381727
159.53953953953953,0.6279765754211771
159.6196196196196,0.6300984334433728
159.6996996996997,0.6323095059829488
159.77977977977977,0.6346290224558846
159.85985985985985,0.6373345293988741
159.93993993993993,0.6404523125380558
160.02002002002,0.644133158362383
160.1001001001001,0.6482178094967412
160.18018018018017,0.6517787074889942
160.26026026026025,0.6553904629738173
160.34034034034033,0.6585709163179402
160.4204204204204,0.6624646540475257
160.5005005005005,0.6666009250620467
160.58058058058057,0.6707313132998587
160.66066066066065,0.6753934545486064
160.74074074074073,0.6801672894774216
160.8208208208208,0.6853526211207459
160.9009009009009,0.6900491180036046
160.98098098098097,0.6948172453916341
161.06106106106105,0.7000435508968315
161.14114114114113,0.7056668428177357
161.2212212212212,0.7117831290336466
161.3013013013013,0.7177143730245054
161.38138138138137,0.7238055551126934
161.46146146146145,0.72988661277383
161.54154154154153,0.7360887228903339
161.6216216216216,0.7426734882776872
161.7017017017017,0.7492596661367925
161.78178178178177,0.7562486507911236
161.86186186186185,0.7635277239138814
161.94194194194193,0.7708738058468388
162.022022022022,0.7786366192394011
162.1021021021021,0.78587974105715
162.18218218218217,0.7938650884550783
162.26226226226225,0.8011469243086575
162.34234234234233,0.8091498959864033
162.42242242242241,0.816946118405828
162.5025025025025,0.825079632229111
162.58258258258257,0.8327732370002261
162.66266266266265,0.84036354073428
162.74274274274273,0.8481062777167943
162.82282282282281,0.8563541318382545
162.9029029029029,0.8642811867329555
162.98298298298297,0.8723291865321863
163.06306306306305,0.8797567453095116
163.14314314314313,0.8877775151373931
163.22322322322321,0.8953031608724841
163.3033033033033,0.9030291615014623
163.38338338338338,0.9099152791121393
163.46346346346346,0.9169899377029375
163.54354354354354,0.9234680605173978
163.62362362362362,0.9298742788757072
163.7037037037037,0.935571138133959
163.78378378378378,0.9410267567719208
163.86386386386386,0.946099291543455
163.94394394394394,0.950677835750368
164.02402402402402,0.9547313437157221
164.1041041041041,0.9581679614502181
164.18418418418418,0.9611080406109218
164.26426426426426,0.9634895943604828
164.34434434434434,0.9653475894227402
164.42442442442442,0.9665732168636262
164.5045045045045,0.9672149812505881
164.58458458458458,0.9668768615089507
164.66466466466466,0.9659690104577674
164.74474474474474,0.9641660229446019
164.82482482482482,0.9621295731601561
164.9049049049049,0.9593174291984263
164.98498498498498,0.9560762479022407
165.06506506506506,0.9521696899232389
165.14514514514514,0.9477800174184742
165.22522522522522,0.9429598896295827
165.3053053053053,0.9375189523987072
165.38538538538538,0.9317576136057601
165.46546546546546,0.9255405981569611
165.54554554554554,0.919059621790383
165.62562562562562,0.9120261646032436
165.7057057057057,0.9049227814850248
165.78578578578578,0.8974726159268884
165.86586586586586,0.8903063403737111
165.94594594594594,0.8828408323666832
166.02602602602602,0.8754797069387004
166.1061061061061,0.8675526755031655
166.18618618618618,0.8598054136138883
166.26626626626626,0.851651936890705
166.34634634634634,0.8441359097754505
166.42642642642642,0.8363014484399138
166.5065065065065,0.829139698669021
166.58658658658658,0.821442441289938
166.66666666666666,0.8143042020609087
166.74674674674674,0.806834874674306
166.82682682682682,0.7998935901111733
166.9069069069069,0.7926345887584092
166.98698698698698,0.7858766367367809
167.06706706706706,0.7787883368029628
167.14714714714714,0.7722471994309377
167.22722722722722,0.7652696240983566
167.3073073073073,0.7589998840364279
167.38738738738738,0.7524021857952787
167.46746746746746,0.7467852801581816
167.54754754754754,0.7410580770977194
167.62762762762762,0.7357583848009631
167.7077077077077,0.7299252752298856
167.78778778778778,0.7242011655133327
167.86786786786786,0.7188718798259576
167.94794794794794,0.713935808748845
168.02802802802802,0.7092366301524621
168.1081081081081,0.7044114078472863
168.18818818818818,0.6999106590374572
168.26826826826826,0.6956204711383728
168.34834834834834,0.6919183930306816
168.42842842842842,0.6880452764241847
168.5085085085085,0.6843962278645213
168.58858858858858,0.6801753692872836
168.66866866866866,0.676747904318933
168.74874874874874,0.672765302124281
168.82882882882882,0.6696721568860129
168.9089089089089,0.6659598422452981
168.98898898898898,0.6634188358321453
169.06906906906906,0.6604789567755238
169.14914914914914,0.6583565880391969
169.22922922922922,0.6556622207531239
169.3093093093093,0.6536604822584883
169.38938938938938,0.6510586887426859
169.46946946946946,0.6490511120086149
169.54954954954954,0.6465869112011348
169.62962962962962,0.6451768594929304
169.7097097097097,0.6432508709758277
169.78978978978978,0.6421234824091656
169.86986986986986,0.6402729796353442
169.94994994994994,0.6393967193103507
170.03003003003002,0.6384882978970599
170.1101101101101,0.6382557373859077
170.19019019019018,0.6377056672960854
170.27027027027026,0.6372830299075065
170.35035035035034,0.6369904910044064
170.43043043043042,0.6368712419897756
170.5105105105105,0.6367699951644272
170.59059059059058,0.6369993349382227
170.67067067067066,0.6374912072454052
170.75075075075074,0.6385057907117389
170.83083083083082,0.6394246918198353
170.9109109109109,0.6403621833779737
170.99099099099098,0.641270751234604
171.07107107107106,0.6422150889670305
171.15115115115114,0.6435829357749304
171.23123123123122,0.6449953164598748
171.3113113113113,0.6471407640017844
171.39139139139138,0.6490919867804992
171.47147147147146,0.6513149990507537
171.55155155155154,0.6532394352865339
171.63163163163162,0.6554780447976887
171.7117117117117,0.6577709261265028
171.79179179179178,0.6606209854830758
171.87187187187186,0.6637356008531793
171.95195195195194,0.6672777337701985
172.03203203203202,0.6705896856189376
172.11211211211213,0.6742812878836972
172.19219219219218,0.6774798799623266
172.2722722722723,0.6813868475728739
172.35235235235234,0.6848900369725521
172.43243243243245,0.6892497044632763
172.5125125125125,0.6934826068787582
172.5925925925926,0.6986087416418549
172.67267267267266,0.7034971864702841
172.75275275275277,0.7087603537747236
172.83283283283282,0.713763246805885
172.91291291291293,0.7190341657945627
172.99299299299298,0.724049600840776
173.0730730730731,0.7297234295153834
173.15315315315314,0.7353188348435301
173.23323323323325,0.7416457997993245
173.3133133133133,0.7477668439547518
173.3933933933934,0.7544760628757988
173.47347347347346,0.7607133784787883
173.55355355355357,0.7673031614708395
173.63363363363362,0.773871311047177
173.71371371371373,0.7812224495715301
173.79379379379378,0.7887621783823492
173.8738738738739,0.7963197953435228
173.95395395395394,0.8035504822632031
174.03403403403405,0.8108835854680267
174.1141141141141,0.8183204300706193
174.1941941941942,0.825969613370647
174.27427427427426,0.83353533426926
174.35435435435437,0.8413167937637025
174.43443443443442,0.848955520844837
174.51451451451453,0.8566777755983602
174.59459459459458,0.8642738027878308
174.6746746746747,0.872177597712429
174.75475475475474,0.8800221255525241
174.83483483483485,0.8872838836857307
174.9149149149149,0.894161674589162
174.994994994995,0.9007903142167526
175.07507507507506,0.9078495218327346
175.15515515515517,0.914607404756516
175.23523523523522,0.9213480423737374
175.31531531531533,0.9277913486116941
175.39539539539538,0.9341745243072042
175.4754754754755,0.9397664646004436
175.55555555555554,0.9448637424803922
175.63563563563565,0.9494786390387518
175.7157157157157,0.9538679190976173
175.7957957957958,0.9576339933048595
175.87587587587586,0.9611187953088439
175.95595595595597,0.9642172697843119
176.03603603603602,0.9671716739265107
176.11611611611613,0.9689735174612586
176.19619619619618,0.9699853012556702
176.2762762762763,0.970016795983105
176.35635635635634,0.9699105958092861
176.43643643643645,0.9689854163373168
176.5165165165165,0.9676023120017447
176.5965965965966,0.9654503135006376
176.67667667667666,0.9631903285013008
176.75675675675677,0.9603094164743813
176.83683683683682,0.9568931952818125
176.91691691691693,0.952646958421931
176.99699699699698,0.9481507354092772
177.0770770770771,0.9432584837942657
177.15715715715714,0.9381774758156733
177.23723723723725,0.9326711571172652
177.3173173173173,0.9270253091452617
177.3973973973974,0.9210497264128784
177.47747747747746,0.9148778003886594
177.55755755755757,0.9081613630163277
177.63763763763762,0.9013130356590892
177.71771771771773,0.8943426645856304
177.79779779779778,0.8874869673672361
177.8778778778779,0.8804841491293057
177.95795795795794,0.8733547012632529
178.03803803803805,0.8661880101841124
178.1181181181181,0.8589959654441437
178.1981981981982,0.8520176376926721
178.27827827827826,0.8451317953481798
178.35835835835837,0.8382546574837618
178.43843843843842,0.8314332726430194
178.51851851851853,0.8248656501982293
178.59859859859858,0.818451221850232
178.6786786786787,0.8119457320401418
178.75875875875874,0.8052373907424288
178.83883883883885,0.7987273543568993
178.9189189189189,0.7925140191790082
178.998998998999,0.7864354865282883
179.07907907907907,0.7805451827171823
179.15915915915917,0.7748823495790266
179.23923923923923,0.7694208424786637
179.31931931931933,0.7640357967906064
179.39939939939939,0.7587113728904264
179.4794794794795,0.7534330654121584
179.55955955955955,0.747931707739333
179.63963963963965,0.7424538631137397
179.7197197197197,0.7375030621512657
179.7997997997998,0.7333881743754875
179.87987987987987,0.729479269456858
179.95995995995997,0.7253790379668438
180.04004004004003,0.7211928442470726
180.12012012012013,0.7170919103328717
180.2002002002002,0.7132213111970835
180.2802802802803,0.7094068105027509
180.36036036036035,0.705706483387721
180.44044044044045,0.7023362685226403
180.5205205205205,0.6991495669201871
180.60060060060061,0.6960688768031161
180.68068068068067,0.6929692857692757
180.76076076076077,0.6900455107198171
180.84084084084083,0.6873118562077989
180.92092092092093,0.6847001979132213
181.001001001001,0.6823732420402348
181.0810810810811,0.6800232310466623
181.16116116116115,0.677814447016066
181.24124124124126,0.6757722583807604
181.3213213213213,0.6742304205468214
181.40140140140142,0.6727293643460778
181.48148148148147,0.6709198361162018
181.56156156156158,0.6691379277806591
181.64164164164163,0.6675662690013932
181.72172172172174,0.6665202150171917
181.8018018018018,0.665658547837088
181.8818818818819,0.6648336390640254
181.96196196196195,0.6639654095930437
182.04204204204206,0.6630418413061053
182.1221221221221,0.6625254823925697
182.20220220220222,0.6623402486567072
182.28228228228227,0.6625360313574629
182.36236236236238,0.6624534517203311
182.44244244244243,0.6622915520664318
182.52252252252254,0.6622800731295371
182.6026026026026,0.6625177601860931
182.6826826826827,0.6628834185913046
182.76276276276275,0.6631709692571366
182.84284284284286,0.6639474398174636
182.9229229229229,0.6650767206270924
183.00300300300302,0.6664587197946087
183.08308308308307,0.6679837534206601
183.16316316316318,0.6696208525104862
183.24324324324323,0.6715128689119089
183.32332332332334,0.6732135462320241
183.4034034034034,0.675110704199637
183.4834834834835,0.6775430173170208
183.56356356356355,0.6801998195218252
183.64364364364366,0.6829687142645491
183.7237237237237,0.6853459734326377
183.80380380380382,0.68806481560953
183.88388388388387,0.6909117963378012
183.96396396396398,0.6939485425410052
184.04404404404403,0.6972512508393425
184.12412412412414,0.7009169668768718
184.2042042042042,0.7050710175925303
184.2842842842843,0.7092499946449103
184.36436436436435,0.7134152295700137
184.44444444444446,0.7176574034162347
184.5245245245245,0.7220806527251562
184.60460460460462,0.7268529002749013
184.68468468468467,0.7315199974796928
184.76476476476478,0.7364366983228257
184.84484484484483,0.7416865301840254
184.92492492492494,0.7473450779888106
185.005005005005,0.7530301789886028
185.0850850850851,0.7585709000655706
185.16516516516515,0.7643513832167286
185.24524524524526,0.7704770902317831
185.3253253253253,0.7770813148331673
185.40540540540542,0.7839541937574739
185.48548548548547,0.7906376903398029
185.56556556556558,0.7972502510131863
185.64564564564563,0.8038447907869212
185.72572572572574,0.8108184876761712
185.8058058058058,0.8178731403633632
185.8858858858859,0.8248927349618153
185.96596596596595,0.8320425491692653
186.04604604604606,0.839253696230743
186.1261261261261,0.8464584120978311
186.20620620620622,0.853297309877602
186.28628628628627,0.8604457197070311
186.36636636636638,0.8676456348849627
186.44644644644643,0.8751511141754448
186.52652652652654,0.8825843298881556
186.6066066066066,0.8897880578619657
186.6866866866867,0.8965816070190652
186.76676676676675,0.9030073618348108
186.84684684684686,0.9094121088749461
186.9269269269269,0.9159978504397795
187.00700700700702,0.9222379368430592
187.08708708708707,0.9283619334158232
187.16716716716718,0.9341266302362854
187.24724724724723,0.9397045994493908
187.32732732732734,0.9443582829649221
187.4074074074074,0.948503236246231
187.4874874874875,0.9519599479555922
187.56756756756755,0.9555132760135775
187.64764764764766,0.9588824673760034
187.7277277277277,0.9621693607876061
187.80780780780782,0.9648957566632255
187.88788788788787,0.966911505097878
187.96796796796798,0.9680898057269498
188.04804804804803,0.9684853933008809
188.12812812812814,0.9684353776153266
188.2082082082082,0.9681932561453934
188.2882882882883,0.9676710962630157
188.36836836836835,0.9667359227588008
188.44844844844846,0.9650352909475088
188.5285285285285,0.9624794016553484
188.60860860860862,0.9591717699438527
188.68868868868867,0.9556810305943795
188.76876876876878,0.9521838961781129
188.84884884884883,0.9484562352188455
188.92892892892894,0.9442651949986796
189.009009009009,0.9395023155972101
189.0890890890891,0.9343160754438675
189.16916916916915,0.9289828189701138
189.24924924924926,0.9233829721585889
189.3293293293293,0.917609938167429
189.40940940940942,0.9114358318375165
189.48948948948947,0.9050684869782425
189.56956956956958,0.8989983766186462
189.64964964964963,0.8928617616520936
189.72972972972974,0.8866300975901175
189.8098098098098,0.8798429341860212
189.8898898898899,0.8731933961647302
189.96996996996995,0.8667638986114378
190.05005005005006,0.8605969710635636
190.1301301301301,0.8542815970039137
190.21021021021022,0.847748383162026
190.29029029029027,0.8413618631529778
190.37037037037038,0.835098463910796
190.45045045045043,0.8288856216339753
190.53053053053054,0.822682513353527
190.6106106106106,0.8165225660097576
190.6906906906907,0.8107387103303105
190.77077077077075,0.8048457669923605
190.85085085085086,0.7991543425735861
190.9309309309309,0.7936075858136833
191.01101101101102,0.7881999781527687
191.09109109109107,0.7828904842618604
191.17117117117118,0.7776342904494958
191.25125125125123,0.7727060250775648
191.33133133133134,0.7679668264156261
191.41141141141142,0.763511090130211
191.4914914914915,0.7589736705552739
191.57157157157158,0.7542361547700588
191.65165165165166,0.7493909661989738
191.73173173173174,0.7449345384995342
191.81181181181182,0.7410041187484536
191.8918918918919,0.7373927938649859
191.97197197197198,0.7338379809274174
192.05205205205206,0.7304903305325532
192.13213213213214,0.7269890350667167
192.21221221221222,0.7234666441707766
192.2922922922923,0.7197983462493901
192.37237237237238,0.716525886683017
192.45245245245246,0.713543003702763
192.53253253253254,0.710790442821458
192.61261261261262,0.7078947149471531
192.6926926926927,0.7053782751321965
192.77277277277278,0.703014166907023
192.85285285285286,0.7010489450131868
192.93293293293294,0.6989989387713795
193.01301301301302,0.6971253586615938
193.0930930930931,0.6952474884056525
193.17317317317318,0.6934642128610361
193.25325325325326,0.6914914486840874
193.33333333333334,0.6899326778319401
193.41341341341342,0.6886509754321841
193.4934934934935,0.6877991421452168
193.57357357357358,0.6866960803275244
193.65365365365366,0.685742095188596
193.73373373373374,0.6849699725127214
193.81381381381382,0.6845967390947992
193.8938938938939,0.6842532572843482
193.97397397397398,0.6837112010539694
194.05405405405406,0.6834590156268812
194.13413413413414,0.6833962046187985
194.21421421421422,0.6835154792459355
194.2942942942943,0.6835772878735122
194.37437437437438,0.6839816369782867
194.45445445445446,0.6847515549271691
194.53453453453454,0.6857339666500959
194.61461461461462,0.6864617165834409
194.6946946946947,0.6877151231613052
194.77477477477478,0.6891238663836176
194.85485485485486,0.6906866228446078
194.93493493493494,0.6916430187351399
195.01501501501502,0.6929531572843115
195.0950950950951,0.6946072581309881
195.17517517517518,0.6967083900466952
195.25525525525526,0.6988052112691153
195.33533533533534,0.7011185773587864
195.41541541541542,0.7036853140878099
195.4954954954955,0.7062961418162715
195.57557557557558,0.7085318880267037
195.65565565565566,0.7108039328706968
195.73573573573574,0.7133279262924741
195.81581581581582,0.7163561215984914
195.8958958958959,0.7196920658810715
195.97597597597598,0.7229610101489935
196.05605605605606,0.7266381250728959
196.13613613613614,0.7303094913377207
196.21621621621622,0.7343393285396517
196.2962962962963,0.7382837643585903
196.37637637637638,0.7425322243030883
196.45645645645646,0.7468654473811649
196.53653653653654,0.7514756087910491
196.61661661661662,0.7561512359725101
196.6966966966967,0.7610427093129908
196.77677677677679,0.7661106962643937
196.85685685685687,0.7714096469810483
196.93693693693695,0.7766624992145561
197.01701701701703,0.7819714701751698
197.0970970970971,0.7874606672008881
197.17717717717719,0.7935888391321707
197.25725725725727,0.7997454834052463
197.33733733733735,0.8057369775428398
197.41741741741743,0.8117535304437641
197.4974974974975,0.818044675424148
197.57757757757759,0.8246062947882934
197.65765765765767,0.8308312311188373
197.73773773773775,0.8368796008912232
197.81781781781783,0.8433379925943288
197.8978978978979,0.849973458056438
197.977977977978,0.856752102210669
198.05805805805807,0.8632583907443259
198.13813813813815,0.869871556511228
198.21821821821823,0.8766830457224504
198.2982982982983,0.8832963027700433
198.3783783783784,0.8899585229919843
198.45845845845847,0.8962351123997169
198.53853853853855,0.9026331676508236
198.61861861861863,0.9089321054807538
198.6986986986987,0.9152621240649298
198.7787787787788,0.9213231845665102
198.85885885885887,0.9269247168032666
198.93893893893895,0.9320864588242478
199.01901901901903,0.9369917334008669
199.0990990990991,0.9415703414983574
199.1791791791792,0.9457532036247774
199.25925925925927,0.9496062261104401
199.33933933933935,0.9532583266689768
199.41941941941943,0.956636112867593
199.4994994994995,0.9595045925813206
199.5795795795796,0.9620901858845936
199.65965965965967,0.964080525596371
199.73973973973975,0.9655878549334894
199.81981981981983,0.9664627162421364
199.8998998998999,0.9669996589808741
199.97997997998,0.9670317621832399
200.06006006006007,0.9669727269671998
200.14014014014015,0.9664617917077243
200.22022022022023,0.9654207831578772
200.3003003003003,0.9634192651444533
200.3803803803804,0.9609491743787978
200.46046046046047,0.9582361340970996
200.54054054054055,0.9554939368027586
200.62062062062063,0.9525292895686752
200.7007007007007,0.949165323530486
200.7807807807808,0.9450775912240083
200.86086086086087,0.9403064786837092
200.94094094094095,0.9355776013504413
201.02102102102103,0.9309642187330095
201.1011011011011,0.9263247791452337
201.1811811811812,0.920910915285401
201.26126126126127,0.9151098938908702
201.34134134134135,0.9093217466312534
201.42142142142143,0.9036812279785864
201.5015015015015,0.8979022077355668
201.5815815815816,0.8921246650682617
201.66166166166167,0.8860731923641678
201.74174174174175,0.8799946503774242
201.82182182182183,0.8734293166796562
201.9019019019019,0.8674275849064931
201.981981981982,0.8612047810385138
202.06206206206207,0.8557947769275692
202.14214214214215,0.8498850036822172
202.22222222222223,0.8443000020482442
202.3023023023023,0.8382107684501588
202.3823823823824,0.8322533293043922
202.46246246246247,0.8264674606744056
202.54254254254255,0.820708357472131
202.62262262262263,0.8153223296466354
202.7027027027027,0.8096816024335513
202.7827827827828,0.8041757866292755
202.86286286286287,0.7985196190228159
202.94294294294295,0.7930376348350613
203.02302302302303,0.7877813988530369
203.1031031031031,0.782920491031022
203.1831831831832,0.7779796124926921
203.26326326326327,0.7730957003339354
203.34334334334335,0.7680118128344643
203.42342342342343,0.7633258441003254
203.5035035035035,0.7590950137653482
203.5835835835836,0.7546976276363939
203.66366366366367,0.7505965842803173
203.74374374374375,0.7460440420048207
203.82382382382383,0.7421520709936016
203.9039039039039,0.7381904359840337
203.983983983984,0.7345291472685357
204.06406406406407,0.7309565036557765
204.14414414414415,0.7275345341888221
204.22422422422423,0.7244803463553432
204.3043043043043,0.7212776133086747
204.3843843843844,0.7181876745713364
204.46446446446447,0.7152991852084006
204.54454454454455,0.7127261639492108
204.62462462462463,0.7108159826398244
204.7047047047047,0.7085347805528482
204.7847847847848,0.7067469758739705
204.86486486486487,0.7046509990080034
204.94494494494495,0.7028015184101927
205.02502502502503,0.7008350485396745
205.1051051051051,0.6990348409585612
205.1851851851852,0.6976649423249838
205.26526526526527,0.6964390924839122
205.34534534534535,0.6956614699821976
205.42542542542543,0.6948675007257661
205.5055055055055,0.6941555997346628
205.5855855855856,0.692992208172727
205.66566566566567,0.6924829689347102
205.74574574574575,0.6916209396993304
205.82582582582583,0.6915935508619712
205.9059059059059,0.6906539192656214
205.985985985986,0.6911003093973649
206.06606606606607,0.6904128880122279
206.14614614614615,0.6912197446851905
206.22622622622623,0.6913064949605644
206.3063063063063,0.692985419741626
206.3863863863864,0.6932855063474289
206.46646646646647,0.6941946124720257
206.54654654654655,0.6941976380836117
206.62662662662663,0.6958158282755196
206.7067067067067,0.6965375989984844
206.7867867867868,0.698747351078334
206.86686686686687,0.6998192975754628
206.94694694694695,0.7024839445796487
207.02702702702703,0.7037957348628086
207.1071071071071,0.7061386303804322
207.1871871871872,0.7082176694639559
207.26726726726727,0.7108711821082474
207.34734734734735,0.7131407671443802
207.42742742742743,0.7151170621375169
207.5075075075075,0.7179530319369674
207.5875875875876,0.7211917267280207
207.66766766766767,0.724743383746847
207.74774774774775,0.7277139738478473
207.82782782782783,0.7310440307806358
207.9079079079079,0.734758307025951
207.987987987988,0.7389623393186924
208.06806806806807,0.7429764482560851
208.14814814814815,0.7471122079153519
208.22822822822823,0.7506412374677266
208.3083083083083,0.7556073691178042
208.3883883883884,0.7592227156844658
208.46846846846847,0.7646699702046644
208.54854854854855,0.7682719863190316
208.62862862862863,0.7746124213430707
208.7087087087087,0.7789694498325364
208.7887887887888,0.7850044589693137
208.86886886886887,0.7892094404093661
208.94894894894895,0.7951812660701526
209.02902902902903,0.8000321429980882
209.1091091091091,0.8062766467568891
209.1891891891892,0.8114782195146575
209.26926926926927,0.8188476825335012
209.34934934934935,0.8235882960001193
209.42942942942943,0.8310855170131515
209.5095095095095,0.8355369498403005
209.5895895895896,0.844104895653235
209.66966966966967,0.8485780721747814
209.74974974974975,0.856410512762597
209.82982982982983,0.8608285301574956
209.9099099099099,0.8689935598905012
209.98998998999,0.8744885648996324
210.07007007007007,0.8822982349333363
210.15015015015015,0.8875287740514753
210.23023023023023,0.894838208969979
210.3103103103103,0.899939342019403
210.3903903903904,0.9068441929324037
210.47047047047047,0.9113809521635673
210.55055055055055,0.9183260707374811
210.63063063063063,0.9230327758497616
210.7107107107107,0.9294981056931358
210.7907907907908,0.9333526854727732
210.87087087087087,0.9388429193298613
210.95095095095095,0.9427292879822975
211.03103103103103,0.9476942443924964
211.11111111111111,0.9513900823217419
211.1911911911912,0.9552606550235748
211.27127127127127,0.9587239580094624
211.35135135135135,0.9621123114266796
211.43143143143143,0.964576689614132
211.51151151151151,0.9665492397142323
211.5915915915916,0.9677010458909051
211.67167167167167,0.9694055604403574
211.75175175175175,0.9700651036295624
211.83183183183183,0.9703383261145065
211.91191191191191,0.9698708323615532
211.991991991992,0.9692698493677102
212.07207207207207,0.968608242248398
212.15215215215215,0.9667582258210319
212.23223223223223,0.9647654036628209
212.31231231231232,0.9618703213124706
212.3923923923924,0.9598789244027622
212.47247247247248,0.9565463916728381
212.55255255255256,0.9533463654029175
212.63263263263264,0.9491726754793554
212.71271271271272,0.9455529861048354
212.7927927927928,0.9409636930615063
212.87287287287288,0.9361528614316749
212.95295295295296,0.9310260886955535
213.03303303303304,0.9261801725184747
213.11311311311312,0.9211308883912853
213.1931931931932,0.9160706967621904
213.27327327327328,0.9108548428525943
213.35335335335336,0.9059232664885417
213.43343343343344,0.8995092784393384
213.51351351351352,0.8932685828451676
213.5935935935936,0.8864660758923328
213.67367367367368,0.881437576704416
213.75375375375376,0.8759120589725004
213.83383383383384,0.8699764662230929
213.91391391391392,0.8634774394374026
213.993993993994,0.857274255734435
214.07407407407408,0.851417698734698
214.15415415415416,0.8459451613195131
214.23423423423424,0.8400110142722765
214.31431431431432,0.8346032626809055
214.3943943943944,0.8289190920916235
214.47447447447448,0.8232313392849324
214.55455455455456,0.8169857274896023
214.63463463463464,0.8107859602294553
214.71471471471472,0.8055315648918993
214.7947947947948,0.8003790903203103
214.87487487487488,0.7955158834181839
214.95495495495496,0.7899201379931335
215.03503503503504,0.7851461048877992
215.11511511511512,0.7801602416990087
215.1951951951952,0.7755220236006165
215.27527527527528,0.770627031247089
215.35535535535536,0.7664092987666384
215.43543543543544,0.7622582591932144
215.51551551551552,0.7581669865798791
215.5955955955956,0.7531448349320876
215.67567567567568,0.74909830704985
215.75575575575576,0.7445006600936493
215.83583583583584,0.7415743466781702
215.91591591591592,0.7376892948251474
215.995995995996,0.7348260384320335
216.07607607607608,0.7306953361841318
216.15615615615616,0.7278232015614645
216.23623623623624,0.72401273715074
216.31631631631632,0.7214956828091321
216.3963963963964,0.7183715625549493
216.47647647647648,0.7167736680730904
216.55655655655656,0.7136395527771443
216.63663663663664,0.7112920837571453
216.71671671671672,0.7081174328381119
216.7967967967968,0.7068831460468585
216.87687687687688,0.7047626214062006
216.95695695695696,0.7035099465724134
217.03703703703704,0.7010466519409466
217.11711711711712,0.700178378036928
217.1971971971972,0.6987641919630304
217.27727727727728,0.6979760033434055
217.35735735735736,0.6963470093443698
217.43743743743744,0.6960711178543
217.51751751751752,0.695484304570957
217.5975975975976,0.6953974084427672
217.67767767767768,0.6944171601621378
217.75775775775776,0.6948193542530338
217.83783783783784,0.6949530496275328
217.91791791791792,0.6952838670378617
217.997997997998,0.6950701428607209
218.07807807807808,0.6954778142595089
218.15815815815816,0.6962516096459723
218.23823823823824,0.6977362902696824
218.31831831831832,0.6985630853705466
218.3983983983984,0.6998904432798768
218.47847847847848,0.7001718525980732
218.55855855855856,0.7012742994038614
218.63863863863864,0.7022511294226513
218.71871871871872,0.7041179367473797
218.7987987987988,0.7054503808463124
218.87887887887888,0.7075936193330161
218.95895895895896,0.7102926137822199
219.03903903903904,0.7129311404246729
219.11911911911912,0.7153979421116295
219.1991991991992,0.7165512982515639
219.27927927927928,0.7188458934095349
219.35935935935936,0.7224514433271604
219.43943943943944,0.7266710996114469
219.51951951951952,0.7310850990170872
219.5995995995996,0.7341233933805509
219.67967967967968,0.7374207916743271
219.75975975975976,0.7408073072389967
219.83983983983984,0.7431251365844344
219.91991991991992,0.7482022338666313
220.0,0.751389615805437
