freq,trans_dB
140.0,-8.251028367784656
140.08008008008008,-8.198694400033906
140.16016016016016,-8.166485424410203
140.24024024024024,-8.075998210406764
140.32032032032032,-7.982543475720895
140.4004004004004,-7.864305524884021
140.48048048048048,-7.749642131484346
140.56056056056056,-7.648125624696814
140.64064064064064,-7.540281543321606
140.72072072072072,-7.4333401473160805
140.8008008008008,-7.307359913935981
140.88088088088088,-7.193502744722787
140.96096096096096,-7.085755337879393
141.04104104104104,-6.972131315388273
141.12112112112112,-6.864833011714935
141.2012012012012,-6.736834525785725
141.28128128128128,-6.625799972531728
141.36136136136136,-6.503000538359505
141.44144144144144,-6.389474373561614
141.52152152152152,-6.265135325251416
141.6016016016016,-6.155922546033118
141.68168168168168,-6.052735179576673
141.76176176176176,-5.95934857032267
141.84184184184184,-5.849675260104493
141.92192192192192,-5.747481035854351
142.002002002002,-5.639221595100994
142.08208208208208,-5.552311437849746
142.16216216216216,-5.45952985717107
142.24224224224224,-5.382300949951754
142.32232232232232,-5.297958472999321
142.4024024024024,-5.224745900980435
142.48248248248248,-5.155313555705628
142.56256256256256,-5.085220139134083
142.64264264264264,-5.032677963546737
142.72272272272272,-4.971591021143434
142.8028028028028,-4.937906461847414
142.88288288288288,-4.8817472426667345
142.96296296296296,-4.858786571148163
143.04304304304304,-4.807440845295573
143.12312312312312,-4.795379097845403
143.2032032032032,-4.744243843186266
143.28328328328328,-4.7333313698353585
143.36336336336336,-4.693614204103909
143.44344344344344,-4.70983755558917
143.52352352352352,-4.6909551043675695
143.6036036036036,-4.702228659338417
143.68368368368368,-4.681563243245071
143.76376376376376,-4.7092070020815
143.84384384384384,-4.715163079620159
143.92392392392392,-4.750146853751538
144.004004004004,-4.750105172284971
144.08408408408408,-4.782033594658209
144.16416416416416,-4.803823656563349
144.24424424424424,-4.852622557598252
144.32432432432432,-4.886291119913103
144.4044044044044,-4.924193828962613
144.48448448448448,-4.9656134541470065
144.56456456456456,-5.0146383916173605
144.64464464464464,-5.079255449154148
144.72472472472472,-5.127774360178924
144.8048048048048,-5.196609926501084
144.88488488488488,-5.240459792505858
144.96496496496496,-5.315230695994644
145.04504504504504,-5.362989096576407
145.12512512512512,-5.447018035363245
145.2052052052052,-5.500382235905451
145.28528528528528,-5.591750992690172
145.36536536536536,-5.649501791198865
145.44544544544544,-5.736595980676191
145.52552552552552,-5.786168784250982
145.6056056056056,-5.877212194302769
145.68568568568568,-5.9447461512085695
145.76576576576576,-6.044880619120169
145.84584584584584,-6.1153391258252485
145.92592592592592,-6.21082711651221
146.006006006006,-6.286629334957892
146.08608608608608,-6.371441521525971
146.16616616616616,-6.430389234721726
146.24624624624624,-6.513429576049
146.32632632632632,-6.582324029737671
146.4064064064064,-6.670290886910622
146.48648648648648,-6.740462608814077
146.56656656656656,-6.8213599828017815
146.64664664664664,-6.892038645700709
146.72672672672672,-6.9654759551812555
146.8068068068068,-7.045018103797063
146.88688688688688,-7.1242285136244705
146.96696696696696,-7.203390275701928
147.04704704704704,-7.274462686072728
147.12712712712712,-7.3458617688696
147.2072072072072,-7.4162554987608935
147.28728728728728,-7.485707753452957
147.36736736736736,-7.553230360559314
147.44744744744744,-7.623791374246301
147.52752752752752,-7.680948983086789
147.6076076076076,-7.752686543359755
147.68768768768768,-7.810089343613962
147.76776776776777,-7.895570770485227
147.84784784784785,-7.954091107306659
147.92792792792793,-8.02567786505714
148.008008008008,-8.078782958326185
148.08808808808809,-8.148580335553259
148.16816816816817,-8.205313731358707
148.24824824824825,-8.258147139485494
148.32832832832833,-8.298560009001966
148.4084084084084,-8.348784106455403
148.48848848848849,-8.392877163462904
148.56856856856857,-8.445572571304822
148.64864864864865,-8.490347034833178
148.72872872872873,-8.551531982724201
148.8088088088088,-8.597713781713445
148.88888888888889,-8.63949136209479
148.96896896896897,-8.67464704211364
149.04904904904905,-8.713891758496848
149.12912912912913,-8.754638276162506
149.2092092092092,-8.78046166525373
149.2892892892893,-8.801272694931692
149.36936936936937,-8.819028063346185
149.44944944944945,-8.853177964552659
149.52952952952953,-8.887760393586632
149.6096096096096,-8.919274155439245
149.6896896896897,-8.939397800558385
149.76976976976977,-8.959064982617564
149.84984984984985,-8.975526621704043
149.92992992992993,-8.991726642416237
150.01001001001,-8.999673187737287
150.0900900900901,-9.0003994216133
150.17017017017017,-8.99734047167553
150.25025025025025,-9.003862142938646
150.33033033033033,-9.010694293292707
150.4104104104104,-9.014180404616644
150.4904904904905,-8.994965785012615
150.57057057057057,-8.974217042440175
150.65065065065065,-8.947280386312217
150.73073073073073,-8.937938695219298
150.8108108108108,-8.921271779725714
150.8908908908909,-8.904017185010975
150.97097097097097,-8.865260816233356
151.05105105105105,-8.821330388079094
151.13113113113113,-8.768633348985329
151.2112112112112,-8.729389584994333
151.2912912912913,-8.684922439792206
151.37137137137137,-8.637144792550853
151.45145145145145,-8.568959289727598
151.53153153153153,-8.500369584317344
151.6116116116116,-8.432911264665398
151.6916916916917,-8.376999500223192
151.77177177177177,-8.307715197785575
151.85185185185185,-8.227068038829128
151.93193193193193,-8.135453979132615
152.012012012012,-8.039734979038172
152.0920920920921,-7.9547035781738265
152.17217217217217,-7.860249979128891
152.25225225225225,-7.770661221495413
152.33233233233233,-7.660755034445728
152.4124124124124,-7.557637846506129
152.4924924924925,-7.444569678343172
152.57257257257257,-7.34544601532213
152.65265265265265,-7.233066029379473
152.73273273273273,-7.120803052340209
152.8128128128128,-6.996395013232142
152.8928928928929,-6.884447245020818
152.97297297297297,-6.768568694165148
153.05305305305305,-6.659535927269213
153.13313313313313,-6.54101435648586
153.2132132132132,-6.433653239680354
153.2932932932933,-6.318024238895884
153.37337337337337,-6.212437862467438
153.45345345345345,-6.094840994234662
153.53353353353353,-5.992598715975445
153.6136136136136,-5.89872166910284
153.6936936936937,-5.805296004293165
153.77377377377377,-5.705866148688136
153.85385385385385,-5.598144762980242
153.93393393393393,-5.502246169477956
154.014014014014,-5.411229300670491
154.0940940940941,-5.3283817003020175
154.17417417417417,-5.238869100216133
154.25425425425425,-5.153371398339138
154.33433433433433,-5.068846255617422
154.4144144144144,-4.997132677707816
154.4944944944945,-4.920081911500224
154.57457457457457,-4.854972308016322
154.65465465465465,-4.785073967360161
154.73473473473473,-4.72217117348451
154.8148148148148,-4.656298615725916
154.8948948948949,-4.599627744852065
154.97497497497497,-4.545664316315094
155.05505505505505,-4.497296482353138
155.13513513513513,-4.441320648616548
155.2152152152152,-4.391392180500175
155.2952952952953,-4.342627936597023
155.37537537537537,-4.307570358592831
155.45545545545545,-4.272733688898973
155.53553553553553,-4.243359917653998
155.6156156156156,-4.215153994267977
155.6956956956957,-4.184201289090276
155.77577577577577,-4.149831755409074
155.85585585585585,-4.1201580231103065
155.93593593593593,-4.096433184909177
156.016016016016,-4.07499578240004
156.0960960960961,-4.057056891352581
156.17617617617617,-4.048481164307607
156.25625625625625,-4.040911938212582
156.33633633633633,-4.037720589228315
156.4164164164164,-4.034475685260889
156.4964964964965,-4.037379941821711
156.57657657657657,-4.044870619422759
156.65665665665665,-4.054693877004889
156.73673673673673,-4.067382989324416
156.8168168168168,-4.087131388783957
156.8968968968969,-4.118078842451468
156.97697697697697,-4.149427387442286
157.05705705705705,-4.181800586738916
157.13713713713713,-4.209221139541457
157.2172172172172,-4.244641202068482
157.2972972972973,-4.2795679472318495
157.37737737737737,-4.321723066154322
157.45745745745745,-4.365160359180275
157.53753753753753,-4.412969473178228
157.6176176176176,-4.464129091402763
157.6976976976977,-4.5177069349644725
157.77777777777777,-4.5728982096298
157.85785785785785,-4.635586908205488
157.93793793793793,-4.700358079613398
158.018018018018,-4.772966373676546
158.0980980980981,-4.83709779226749
158.17817817817817,-4.908112708261337
158.25825825825825,-4.973916298928069
158.33833833833833,-5.051581202542342
158.4184184184184,-5.122982272337963
158.4984984984985,-5.197942019549361
158.57857857857857,-5.269151499046637
158.65865865865865,-5.345794492842581
158.73873873873873,-5.416992475085167
158.8188188188188,-5.493412192022938
158.8988988988989,-5.568969458913989
158.97897897897897,-5.645103856972198
159.05905905905905,-5.713994797521934
159.13913913913913,-5.78147575433918
159.2192192192192,-5.856793125494967
159.2992992992993,-5.940123419293141
159.37937937937937,-6.0254534364869174
159.45945945945945,-6.105783053843817
159.53953953953953,-6.183330312311036
159.6196196196196,-6.260555912324676
159.6996996996997,-6.343878732502085
159.77977977977977,-6.423260062452375
159.85985985985985,-6.503208164214171
159.93993993993993,-6.578379016336738
160.02002002002,-6.656335858737493
160.1001001001001,-6.726771274213296
160.18018018018017,-6.794279598088426
160.26026026026025,-6.855491119393169
160.34034034034033,-6.921442062976645
160.4204204204204,-6.990249460402633
160.5005005005005,-7.062029820676837
160.58058058058057,-7.125694780628832
160.66066066066065,-7.187622656310572
160.74074074074073,-7.246572520273331
160.8208208208208,-7.312966398646718
160.9009009009009,-7.3703482777216305
160.98098098098097,-7.425943951463936
161.06106106106105,-7.479568665992032
161.14114114114113,-7.5452884315032325
161.2212212212212,-7.6128914975879844
161.3013013013013,-7.6764561231150905
161.38138138138137,-7.730601185065357
161.46146146146145,-7.773507792914131
161.54154154154153,-7.813407650284253
161.6216216216216,-7.849538435431407
161.7017017017017,-7.884978651757719
161.78178178178177,-7.919983604870977
161.86186186186185,-7.953194939394524
161.94194194194193,-7.985543287390223
162.022022022022,-8.014334622057904
162.1021021021021,-8.036720569220726
162.18218218218217,-8.050052410682365
162.26226226226225,-8.057868778452951
162.34234234234233,-8.069488922104124
162.42242242242241,-8.083822833973132
162.5025025025025,-8.09293130074443
162.58258258258257,-8.096685257240168
162.66266266266265,-8.0906394666915
162.74274274274273,-8.089204322458702
162.82282282282281,-8.090435507995894
162.9029029029029,-8.088083915788248
162.98298298298297,-8.07776616164003
163.06306306306305,-8.05702385688193
163.14314314314313,-8.02970017991273
163.22322322322321,-7.989335893220421
163.3033033033033,-7.949174103330958
163.38338338338338,-7.9098793234782745
163.46346346346346,-7.870709852353373
163.54354354354354,-7.823399773353813
163.62362362362362,-7.767457989953646
163.7037037037037,-7.704185022619181
163.78378378378378,-7.636992536024512
163.86386386386386,-7.5610382281067094
163.94394394394394,-7.482179882792832
164.02402402402402,-7.398215094828547
164.1041041041041,-7.3259734061310064
164.18418418418418,-7.246817063167314
164.26426426426426,-7.169262709989156
164.34434434434434,-7.077188862387201
164.42442442442442,-6.9944088785014475
164.5045045045045,-6.904676977821966
164.58458458458458,-6.815307339702563
164.66466466466466,-6.720399999640778
164.74474474474474,-6.631579446620447
164.82482482482482,-6.5439990224722875
164.9049049049049,-6.449509944655539
164.98498498498498,-6.350131549210063
165.06506506506506,-6.259946605270122
165.14514514514514,-6.17001498322788
165.22522522522522,-6.086764254929957
165.3053053053053,-5.994228804698242
165.38538538538538,-5.916037471263692
165.46546546546546,-5.830078922610465
165.54554554554554,-5.75097499122613
165.62562562562562,-5.668481030441082
165.7057057057057,-5.59517050120394
165.78578578578578,-5.526724989827988
165.86586586586586,-5.4547714953653
165.94594594594594,-5.386844251809529
166.02602602602602,-5.321119217833039
166.1061061061061,-5.254992625330117
166.18618618618618,-5.186613005915178
166.26626626626626,-5.117045597309955
166.34634634634634,-5.059134722329558
166.42642642642642,-4.998225387551897
166.5065065065065,-4.938400829372609
166.58658658658658,-4.8802980867944585
166.66666666666666,-4.82396659664467
166.74674674674674,-4.773199650163381
166.82682682682682,-4.71289194244172
166.9069069069069,-4.666825473845675
166.98698698698698,-4.612450930919496
167.06706706706706,-4.568673227950568
167.14714714714714,-4.512939854000612
167.22722722722722,-4.468287186588625
167.3073073073073,-4.420410053571389
167.38738738738738,-4.381154695825748
167.46746746746746,-4.333608724307826
167.54754754754754,-4.2958281295163045
167.62762762762762,-4.246076404441028
167.7077077077077,-4.208382930476
167.78778778778778,-4.160329563933549
167.86786786786786,-4.125084817040266
167.94794794794794,-4.0806255002736735
168.02802802802802,-4.048923095346754
168.1081081081081,-4.012747708140495
168.18818818818818,-3.98196036074595
168.26826826826826,-3.942497714818561
168.34834834834834,-3.9067505971733296
168.42842842842842,-3.8741481346132427
168.5085085085085,-3.84858444145799
168.58858858858858,-3.8217561819149344
168.66866866866866,-3.794196518521248
168.74874874874874,-3.766803299621744
168.82882882882882,-3.746953819489755
168.9089089089089,-3.7311311284619175
168.98898898898898,-3.716471522762921
169.06906906906906,-3.7059969157327632
169.14914914914914,-3.6937001712333384
169.22922922922922,-3.6878204762535245
169.3093093093093,-3.677547930127716
169.38938938938938,-3.6793589253873926
169.46946946946946,-3.6796003464290754
169.54954954954954,-3.687892842954125
169.62962962962962,-3.688658648084425
169.7097097097097,-3.6970520744562743
169.78978978978978,-3.7027203108144984
169.86986986986986,-3.723328846833827
169.94994994994994,-3.7427191745460062
170.03003003003002,-3.7748331524846193
170.1101101101101,-3.801037484610014
170.19019019019018,-3.8355630013665882
170.27027027027026,-3.8671211427312127
170.35035035035034,-3.907370386294411
170.43043043043042,-3.941952979770728
170.5105105105105,-3.984805325707689
170.59059059059058,-4.0246485282301165
170.67067067067066,-4.073508898427636
170.75075075075074,-4.1219139882775675
170.83083083083082,-4.177236190959709
170.9109109109109,-4.230600543069027
170.99099099099098,-4.286576736533521
171.07107107107106,-4.338986243500016
171.15115115115114,-4.397812477857119
171.23123123123122,-4.458120932903812
171.3113113113113,-4.522354652931944
171.39139139139138,-4.585704196359374
171.47147147147146,-4.651393125293275
171.55155155155154,-4.721014583696524
171.63163163163162,-4.794088985256338
171.7117117117117,-4.8643367544894085
171.79179179179178,-4.934181044947036
171.87187187187186,-5.007395695841187
171.95195195195194,-5.084565086887801
172.03203203203202,-5.163827723806215
172.11211211211213,-5.239518760033804
172.19219219219218,-5.31373099548286
172.2722722722723,-5.384331391657799
172.35235235235234,-5.4585680762840445
172.43243243243245,-5.529082565717658
172.5125125125125,-5.603699145617565
172.5925925925926,-5.6747790417083745
172.67267267267266,-5.750148197351445
172.75275275275277,-5.823116169697785
172.83283283283282,-5.895572471366265
172.91291291291293,-5.9617694128989696
172.99299299299298,-6.030527667547695
173.0730730730731,-6.099132204336413
173.15315315315314,-6.168799800752709
173.23323323323325,-6.229916043121409
173.3133133133133,-6.2931566821979965
173.3933933933934,-6.360396958560914
173.47347347347346,-6.43093885628689
173.55355355355357,-6.490103066667765
173.63363363363362,-6.539394201748151
173.71371371371373,-6.5775229503374995
173.79379379379378,-6.621174773820773
173.8738738738739,-6.665753814073313
173.95395395395394,-6.712428213552857
174.03403403403405,-6.751645051492778
174.1141141141141,-6.785811943746966
174.1941941941942,-6.818015847444065
174.27427427427426,-6.849855154995306
174.35435435435437,-6.881902767155219
174.43443443443442,-6.909962010236955
174.51451451451453,-6.929776898701568
174.59459459459458,-6.941997677465171
174.6746746746747,-6.947700792894452
174.75475475475474,-6.957004972054301
174.83483483483485,-6.968776769811435
174.9149149149149,-6.977972764592289
174.994994994995,-6.977369312380343
175.07507507507506,-6.9674160318407985
175.15515515515517,-6.953632641858308
175.23523523523522,-6.934596661926706
175.31531531531533,-6.913162641611031
175.39539539539538,-6.885814732343811
175.4754754754755,-6.857544637742794
175.55555555555554,-6.82220803269736
175.63563563563565,-6.78169634761835
175.7157157157157,-6.734944157968547
175.7957957957958,-6.689985127040025
175.87587587587586,-6.6451530210455605
175.95595595595597,-6.600264582529841
176.03603603603602,-6.547667082145629
176.11611611611613,-6.489609837279762
176.19619619619618,-6.42505429014411
176.2762762762763,-6.358561743131987
176.35635635635634,-6.291775607374322
176.43643643643645,-6.228275529930886
176.5165165165165,-6.16977511098815
176.5965965965966,-6.110263239756459
176.67667667667666,-6.047681359740463
176.75675675675677,-5.988085529712216
176.83683683683682,-5.9327130537598745
176.91691691691693,-5.876595647725893
176.99699699699698,-5.814078478140401
177.0770770770771,-5.7510907510870934
177.15715715715714,-5.69650534879359
177.23723723723725,-5.64612544927606
177.3173173173173,-5.59444274746758
177.3973973973974,-5.540361216744177
177.47747747747746,-5.485274090983359
177.55755755755757,-5.4364917554124395
177.63763763763762,-5.3885688102574525
177.71771771771773,-5.343382997110493
177.79779779779778,-5.297106116903854
177.8778778778779,-5.250623629091191
177.95795795795794,-5.206045193407207
178.03803803803805,-5.163861069352232
178.1181181181181,-5.1294325605935525
178.1981981981982,-5.093356144453625
178.27827827827826,-5.05748692316747
178.35835835835837,-5.016793958222689
178.43843843843842,-4.978167857272905
178.51851851851853,-4.944606516029466
178.59859859859858,-4.910539929703648
178.6786786786787,-4.87870552607571
178.75875875875874,-4.844181782684047
178.83883883883885,-4.810907337006749
178.9189189189189,-4.7759318034800895
178.998998998999,-4.740385009217013
179.07907907907907,-4.707311800523475
179.15915915915917,-4.673077881844942
179.23923923923923,-4.641907458842144
179.31931931931933,-4.606849711440477
179.39939939939939,-4.571175898866614
179.4794794794795,-4.536253094708854
179.55955955955955,-4.503440232743428
179.63963963963965,-4.473680688036053
179.7197197197197,-4.438992224995882
179.7997997997998,-4.399949518703237
179.87987987987987,-4.361258774053606
179.95995995995997,-4.326105121407012
180.04004004004003,-4.293908559388729
180.12012012012013,-4.256730543940026
180.2002002002002,-4.217546259160074
180.2802802802803,-4.176866524951968
180.36036036036035,-4.140247879872581
180.44044044044045,-4.105986445746944
180.5205205205205,-4.070746361062346
180.60060060060061,-4.036215328573737
180.68068068068067,-4.001665793099235
180.76076076076077,-3.9716979516001154
180.84084084084083,-3.941262943116542
180.92092092092093,-3.90541447389482
181.001001001001,-3.8665070976833387
181.0810810810811,-3.8285332889329853
181.16116116116115,-3.796424895272371
181.24124124124126,-3.76453154922131
181.3213213213213,-3.7315310428634225
181.40140140140142,-3.700821474734864
181.48148148148147,-3.675179358440218
181.56156156156158,-3.6482494879630747
181.64164164164163,-3.6173091248507494
181.72172172172174,-3.5877170508066474
181.8018018018018,-3.5618233953916025
181.8818818818819,-3.5406783865986635
181.96196196196195,-3.520472294511958
182.04204204204206,-3.501449850813853
182.1221221221221,-3.4838813299362807
182.20220220220222,-3.468841947085852
182.28228228228227,-3.4595806084066747
182.36236236236238,-3.4513228040149784
182.44244244244243,-3.4441996396982533
182.52252252252254,-3.4367860939053907
182.6026026026026,-3.432367384623076
182.6826826826827,-3.43524515849068
182.76276276276275,-3.440475196297819
182.84284284284286,-3.4487210047996166
182.9229229229229,-3.456533969715463
183.00300300300302,-3.4689932441513864
183.08308308308307,-3.4842601074534505
183.16316316316318,-3.5016293923762447
183.24324324324323,-3.5207677779662476
183.32332332332334,-3.544219149008556
183.4034034034034,-3.57253022697378
183.4834834834835,-3.6043979845343412
183.56356356356355,-3.63702500220505
183.64364364364366,-3.6716091822103207
183.7237237237237,-3.708330180931552
183.80380380380382,-3.7470181221942913
183.88388388388387,-3.7903010010240448
183.96396396396398,-3.8406535382690365
184.04404404404403,-3.893301590435398
184.12412412412414,-3.9429189293625924
184.2042042042042,-3.989657763198023
184.2842842842843,-4.0417265706313374
184.36436436436435,-4.101507344414344
184.44444444444446,-4.162194891985634
184.5245245245245,-4.225074401948533
184.60460460460462,-4.28247769437505
184.68468468468467,-4.339502191396274
184.76476476476478,-4.392103710468266
184.84484484484483,-4.44963103640575
184.92492492492494,-4.50999101233063
185.005005005005,-4.573593851356632
185.0850850850851,-4.636322861826784
185.16516516516515,-4.696515283497549
185.24524524524526,-4.754708969910991
185.3253253253253,-4.812825031761422
185.40540540540542,-4.869253653412099
185.48548548548547,-4.9313831129058965
185.56556556556558,-4.990721086594496
185.64564564564563,-5.0485255666035345
185.72572572572574,-5.102128686028013
185.8058058058058,-5.15677652155638
185.8858858858859,-5.213311508812487
185.96596596596595,-5.266695214568891
186.04604604604606,-5.318031868817667
186.1261261261261,-5.3611998522511
186.20620620620622,-5.402508066837382
186.28628628628627,-5.4421361540330135
186.36636636636638,-5.479434736130623
186.44644644644643,-5.512390231082427
186.52652652652654,-5.541512025000561
186.6066066066066,-5.569354248497473
186.6866866866867,-5.596362330276658
186.76676676676675,-5.618062833625156
186.84684684684686,-5.6371877562991575
186.9269269269269,-5.649901315999339
187.00700700700702,-5.663808735654677
187.08708708708707,-5.67682048429005
187.16716716716718,-5.686794833455702
187.24724724724723,-5.688377943414302
187.32732732732734,-5.682254199789242
187.4074074074074,-5.674910640900626
187.4874874874875,-5.665286102775298
187.56756756756755,-5.649856134589702
187.64764764764766,-5.632972433175275
187.7277277277277,-5.617156755129923
187.80780780780782,-5.603940747055218
187.88788788788787,-5.5849710014240275
187.96796796796798,-5.5630841101962325
188.04804804804803,-5.538072116846832
188.12812812812814,-5.509980107541659
188.2082082082082,-5.480069982334954
188.2882882882883,-5.4462339173662535
188.36836836836835,-5.4169520180326
188.44844844844846,-5.387694946722948
188.5285285285285,-5.361377038124774
188.60860860860862,-5.3334812840487915
188.68868868868867,-5.306249921763724
188.76876876876878,-5.278659582155525
188.84884884884883,-5.247717207442312
188.92892892892894,-5.221124044559319
189.009009009009,-5.200665619865743
189.0890890890891,-5.179877176662966
189.16916916916915,-5.155704460945899
189.24924924924926,-5.130465109384125
189.3293293293293,-5.105496549368384
189.40940940940942,-5.084117357491791
189.48948948948947,-5.063904248938559
189.56956956956958,-5.047473235272546
189.64964964964963,-5.032760195228592
189.72972972972974,-5.018700336634398
189.8098098098098,-5.003537185655664
189.8898898898899,-4.98822865767296
189.96996996996995,-4.97470129898522
190.05005005005006,-4.963655732329607
190.1301301301301,-4.957635121490052
190.21021021021022,-4.9530614192938485
190.29029029029027,-4.944630800225465
190.37037037037038,-4.93483001171693
190.45045045045043,-4.927437022870844
190.53053053053054,-4.921014300905001
190.6106106106106,-4.909995728047853
190.6906906906907,-4.896663009038279
190.77077077077075,-4.883644961682163
190.85085085085086,-4.874503241794702
190.9309309309309,-4.861728957659634
191.01101101101102,-4.845370403303944
191.09109109109107,-4.827854648668287
191.17117117117118,-4.815612051928067
191.25125125125123,-4.8056061505436665
191.33133133133134,-4.7893725907991636
191.41141141141142,-4.772220062196429
191.4914914914915,-4.752707310083326
191.57157157157158,-4.734403142954954
191.65165165165166,-4.716511419556537
191.73173173173174,-4.702762328020068
191.81181181181182,-4.688635756718641
191.8918918918919,-4.674049889996804
191.97197197197198,-4.653170599256712
192.05205205205206,-4.627639025403106
192.13213213213214,-4.603516384887895
192.21221221221222,-4.582648338982859
192.2922922922923,-4.563305958827944
192.37237237237238,-4.540036193301076
192.45245245245246,-4.5115347125491
192.53253253253254,-4.4851762942761715
192.61261261261262,-4.4571216864910275
192.6926926926927,-4.430358355396049
192.77277277277278,-4.397821775790135
192.85285285285286,-4.367024328339008
192.93293293293294,-4.3365972890585
193.01301301301302,-4.303709329502768
193.0930930930931,-4.270860339720321
193.17317317317318,-4.239918276829532
193.25325325325326,-4.207052480584758
193.33333333333334,-4.168008781823607
193.41341341341342,-4.124742509417308
193.4934934934935,-4.086278861270959
193.57357357357358,-4.049216296325858
193.65365365365366,-4.016743643881452
193.73373373373374,-3.9805714822545046
193.81381381381382,-3.9434623059522975
193.8938938938939,-3.903288768099976
193.97397397397398,-3.862325544563703
194.05405405405406,-3.818332167948024
194.13413413413414,-3.7798535908632727
194.21421421421422,-3.745738462766812
194.2942942942943,-3.7135490217611977
194.37437437437438,-3.674186431217773
194.45445445445446,-3.6303715830120304
194.53453453453454,-3.5896339779068596
194.61461461461462,-3.5577612964817864
194.6946946946947,-3.5258307940878
194.77477477477478,-3.4963677704957252
194.85485485485486,-3.4664600598245485
194.93493493493494,-3.441640213592186
195.01501501501502,-3.4144833113918427
195.0950950950951,-3.388050496483668
195.17517517517518,-3.3617468517777556
195.25525525525526,-3.3336482795979006
195.33533533533534,-3.3078336062088467
195.41541541541542,-3.286977476671809
195.4954954954955,-3.2757291865077955
195.57557557557558,-3.267535187315303
195.65565565565566,-3.26114511086339
195.73573573573574,-3.249753709291276
195.81581581581582,-3.2407083376676655
195.8958958958959,-3.2340272783870896
195.97597597597598,-3.235694317296098
196.05605605605606,-3.2382834890405183
196.13613613613614,-3.242812960651604
196.21621621621622,-3.245790936271815
196.2962962962963,-3.2559351032000556
196.37637637637638,-3.2645816703793704
196.45645645645646,-3.2814352135696714
196.53653653653654,-3.293997738235346
196.61661661661662,-3.315740927890084
196.6966966966967,-3.330873573470232
196.77677677677679,-3.3531052963669326
196.85685685685687,-3.3772668923474845
196.93693693693695,-3.4105719808167394
197.01701701701703,-3.4401768055029325
197.0970970970971,-3.468472313130285
197.17717717717719,-3.4978805920473266
197.25725725725727,-3.5351410567490626
197.33733733733735,-3.5741970071127698
197.41741741741743,-3.6112699983872254
197.4974974974975,-3.6455830308814505
197.57757757757759,-3.68143143102932
197.65765765765767,-3.7183067872195634
197.73773773773775,-3.7575770963966812
197.81781781781783,-3.7994794839651216
197.8978978978979,-3.843366944194348
197.977977977978,-3.887431516011883
198.05805805805807,-3.9292738368163427
198.13813813813815,-3.96814213230672
198.21821821821823,-4.010837407997265
198.2982982982983,-4.046902822272685
198.3783783783784,-4.08775047232723
198.45845845845847,-4.120332872790554
198.53853853853855,-4.160949882112704
198.61861861861863,-4.193586177285677
198.6986986986987,-4.22533898188658
198.7787787787788,-4.252912730194825
198.85885885885887,-4.2812980169434125
198.93893893893895,-4.309248455359824
199.01901901901903,-4.3299435552004155
199.0990990990991,-4.342815216336707
199.1791791791792,-4.358325632858162
199.25925925925927,-4.377502766125952
199.33933933933935,-4.399304983237012
199.41941941941943,-4.413814982743799
199.4994994994995,-4.420121445089968
199.5795795795796,-4.4270291428219055
199.65965965965967,-4.438482297175136
199.73973973973975,-4.444201815287405
199.81981981981983,-4.450663443263872
199.8998998998999,-4.4499801571517255
199.97997997998,-4.460281062354149
200.06006006006007,-4.462165414208612
200.14014014014015,-4.464462381905528
200.22022022022023,-4.466176290341869
200.3003003003003,-4.475192663751583
200.3803803803804,-4.483300633517218
200.46046046046047,-4.487647617884712
200.54054054054055,-4.4834715673582215
200.62062062062063,-4.482924750475587
200.7007007007007,-4.483299659044318
200.7807807807808,-4.4936358849348865
200.86086086086087,-4.505397725217045
200.94094094094095,-4.513421674542966
201.02102102102103,-4.521706822630414
201.1011011011011,-4.525946409166707
201.1811811811812,-4.5318917846186055
201.26126126126127,-4.53809141925026
201.34134134134135,-4.548575008024279
201.42142142142143,-4.566025186950122
201.5015015015015,-4.578161813413135
201.5815815815816,-4.592015377383053
201.66166166166167,-4.606662047355475
201.74174174174175,-4.620796303514603
201.82182182182183,-4.637539442813119
201.9019019019019,-4.648184844517547
201.981981981982,-4.665332622741617
202.06206206206207,-4.680104652580945
202.14214214214215,-4.7055221007162045
202.22222222222223,-4.722403769923557
202.3023023023023,-4.74589873219278
202.3823823823824,-4.759249603865463
202.46246246246247,-4.776244293470228
202.54254254254255,-4.782638943847018
202.62262262262263,-4.793888401023502
202.7027027027027,-4.808915652917165
202.7827827827828,-4.830589825530667
202.86286286286287,-4.850050235963104
202.94294294294295,-4.861963262301479
203.02302302302303,-4.861752665632679
203.1031031031031,-4.8618818142928735
203.1831831831832,-4.870755913729404
203.26326326326327,-4.8847504342224575
203.34334334334335,-4.897545607750901
203.42342342342343,-4.9087794300618315
203.5035035035035,-4.9129239414632595
203.5835835835836,-4.916434300691981
203.66366366366367,-4.912626347253417
203.74374374374375,-4.917443391215814
203.82382382382383,-4.917639145247643
203.9039039039039,-4.920513246240302
203.983983983984,-4.912651579830008
204.06406406406407,-4.909316459857847
204.14414414414415,-4.902969903270328
204.22422422422423,-4.90159291751426
204.3043043043043,-4.892474928506814
204.3843843843844,-4.882807278584999
204.46446446446447,-4.867404325415349
204.54454454454455,-4.859261242835789
204.62462462462463,-4.844904335095388
204.7047047047047,-4.830305592497382
204.7847847847848,-4.810127900933296
204.86486486486487,-4.798472315255268
204.94494494494495,-4.785838672314267
205.02502502502503,-4.765988301372407
205.1051051051051,-4.74128793591811
205.1851851851852,-4.716697397368086
205.26526526526527,-4.696432499335012
205.34534534534535,-4.666966109076546
205.42542542542543,-4.637571515821198
205.5055055055055,-4.602891626060254
205.5855855855856,-4.573397381225062
205.66566566566567,-4.538926476501757
205.74574574574575,-4.512374839709506
205.82582582582583,-4.475162053019894
205.9059059059059,-4.442083432323825
205.985985985986,-4.395281413569077
206.06606606606607,-4.364312463244062
206.14614614614615,-4.322090781044143
206.22622622622623,-4.297186499794114
206.3063063063063,-4.251756115461958
206.3863863863864,-4.218075629163284
206.46646646646647,-4.16158209585699
206.54654654654655,-4.1238370734144
206.62662662662663,-4.072422623491737
206.7067067067067,-4.042932879114041
206.7867867867868,-3.994517738618371
206.86686686686687,-3.9597813047516834
206.94694694694695,-3.909633372527316
207.02702702702703,-3.8753261354786273
207.1071071071071,-3.816825290923659
207.1871871871872,-3.7768869959702664
207.26726726726727,-3.7236825602667185
207.34734734734735,-3.6880445823835357
207.42742742742743,-3.6334645550397138
207.5075075075075,-3.590314510647497
207.5875875875876,-3.542802020486916
207.66766766766767,-3.5038827854613515
207.74774774774775,-3.462285622549843
207.82782782782783,-3.422086062359429
207.9079079079079,-3.3816508702958847
207.987987987988,-3.344899488945536
208.06806806806807,-3.3018006725467415
208.14814814814815,-3.2577906477237026
208.22822822822823,-3.2176192396275565
208.3083083083083,-3.1835283476684464
208.3883883883884,-3.1508897479916014
208.46846846846847,-3.1110840204179318
208.54854854854855,-3.0812757278159
208.62862862862863,-3.054613163556375
208.7087087087087,-3.042644031989139
208.7887887887888,-3.0167676237774335
208.86886886886887,-2.997794815019032
208.94894894894895,-2.9704267658223755
209.02902902902903,-2.9584780765542553
209.1091091091091,-2.934980328349037
209.1891891891892,-2.922070579553065
209.26926926926927,-2.9053137132439337
209.34934934934935,-2.9054839554572247
209.42942942942943,-2.8898374476069026
209.5095095095095,-2.8890533000065375
209.5895895895896,-2.873499909491563
209.66966966966967,-2.8854324504083304
209.74974974974975,-2.882741580429751
209.82982982982983,-2.900037662096239
209.9099099099099,-2.892489351673822
209.98998998999,-2.907813609569706
210.07007007007007,-2.910699657466643
210.15015015015015,-2.93329552020648
210.23023023023023,-2.9400205401086463
210.3103103103103,-2.954755273783686
210.3903903903904,-2.962161581565014
210.47047047047047,-2.9830401606607797
210.55055055055055,-2.9961500296229246
210.63063063063063,-3.026333739259111
210.7107107107107,-3.045708800644513
210.7907907907908,-3.075352050091683
210.87087087087087,-3.0799048762996324
210.95095095095095,-3.0979446903151673
211.03103103103103,-3.1106691027596107
211.11111111111111,-3.1363355425393435
211.1911911911912,-3.156971892683312
211.27127127127127,-3.1734153578149473
211.35135135135135,-3.19673172354032
211.43143143143143,-3.2157832244408953
211.51151151151151,-3.2356885223160985
211.5915915915916,-3.2513801999569534
211.67167167167167,-3.2722132443120966
211.75175175175175,-3.2980795367527436
211.83183183183183,-3.3195648324306255
211.91191191191191,-3.3456808310451995
211.991991991992,-3.374012458512528
212.07207207207207,-3.3978777339243624
212.15215215215215,-3.420323806211297
212.23223223223223,-3.4289255006042225
212.31231231231232,-3.457804333889156
212.3923923923924,-3.484974539173752
212.47247247247248,-3.529765413433077
212.55255255255256,-3.558625764400469
212.63263263263264,-3.591520163224991
212.71271271271272,-3.6154770442540753
212.7927927927928,-3.6508385303416935
212.87287287287288,-3.686059981023291
212.95295295295296,-3.7229115289176864
213.03303303303304,-3.7581052472240937
213.11311311311312,-3.795701138121772
213.1931931931932,-3.840577600794338
213.27327327327328,-3.8817720010930294
213.35335335335336,-3.9221560519278795
213.43343343343344,-3.963296039118928
213.51351351351352,-4.002995363496053
213.5935935935936,-4.046684505447789
213.67367367367368,-4.0892644346845115
213.75375375375376,-4.138079876242201
213.83383383383384,-4.187570501130019
213.91391391391392,-4.228182599611604
213.993993993994,-4.25806124951094
214.07407407407408,-4.283687204987338
214.15415415415416,-4.327767232170702
214.23423423423424,-4.377337292923377
214.31431431431432,-4.426528881413212
214.3943943943944,-4.474042002870926
214.47447447447448,-4.509214619498854
214.55455455455456,-4.54906025846553
214.63463463463464,-4.580614017248848
214.71471471471472,-4.622435911419278
214.7947947947948,-4.665447331155251
214.87487487487488,-4.703820719899666
214.95495495495496,-4.738777010541715
215.03503503503504,-4.7581001903789035
215.11511511511512,-4.790651481412966
215.1951951951952,-4.822856815009475
215.27527527527528,-4.859839172405267
215.35535535535536,-4.889907228793835
215.43543543543544,-4.921594856239523
215.51551551551552,-4.94107698954032
215.5955955955956,-4.976084221415426
215.67567567567568,-4.995581427839683
215.75575575575576,-5.035226354117679
215.83583583583584,-5.044740612004493
215.91591591591592,-5.072616576838143
215.995995995996,-5.075072933480994
216.07607607607608,-5.09755456656418
216.15615615615616,-5.110186919364835
216.23623623623624,-5.133570955657153
216.31631631631632,-5.139789937893675
216.3963963963964,-5.150545432453513
216.47647647647648,-5.151499721534702
216.55655655655656,-5.169718367635851
216.63663663663664,-5.181710530339799
216.71671671671672,-5.196276801815706
216.7967967967968,-5.18920341148003
216.87687687687688,-5.18399929376957
216.95695695695696,-5.173750530030197
217.03703703703704,-5.1765088212546715
217.11711711711712,-5.1728148880841776
217.1971971971972,-5.173622896405436
217.27727727727728,-5.1559659357655585
217.35735735735736,-5.150490017419192
217.43743743743744,-5.130807985591214
217.51751751751752,-5.12704127646108
217.5975975975976,-5.104538909588593
217.67767767767768,-5.092062600977346
217.75775775775776,-5.07215443621317
217.83783783783784,-5.054440000805613
217.91791791791792,-5.034217679405621
217.997997997998,-5.006192497836047
218.07807807807808,-4.979349361509581
218.15815815815816,-4.950803278597684
218.23823823823824,-4.916406440901949
218.31831831831832,-4.8867420367621595
218.3983983983984,-4.850229960451232
218.47847847847848,-4.826391783097922
218.55855855855856,-4.781717104792686
218.63863863863864,-4.743703069863211
218.71871871871872,-4.695374926809954
218.7987987987988,-4.664789025883343
218.87887887887888,-4.621305592330811
218.95895895895896,-4.57409004248043
219.03903903903904,-4.529960823888493
219.11911911911912,-4.486832734276495
219.1991991991992,-4.446189840663848
219.27927927927928,-4.395245103501978
219.35935935935936,-4.336488821909665
219.43943943943944,-4.286282373278495
219.51951951951952,-4.234424923603924
219.5995995995996,-4.191188464904464
219.67967967967968,-4.142682622153115
219.75975975975976,-4.091428675161477
219.83983983983984,-4.046433371880321
219.91991991991992,-3.989249461510696
220.0,-3.935637416113507
