freq,trans_dB
140.0,-12.338659593334656
140.08008008008008,-12.239694739519477
140.16016016016016,-12.122049236613298
140.24024024024024,-11.891153870882457
140.32032032032032,-11.651250443780642
140.4004004004004,-11.40548002258499
140.48048048048048,-11.165587773126505
140.56056056056056,-10.945615000496398
140.64064064064064,-10.72743981717933
140.72072072072072,-10.504062696704912
140.8008008008008,-10.26533477853939
140.88088088088088,-10.04426239112262
140.96096096096096,-9.851201071305447
141.04104104104104,-9.657728998763812
141.12112112112112,-9.47560733243756
141.2012012012012,-9.269353429877425
141.28128128128128,-9.102998233931382
141.36136136136136,-8.925192319407783
141.44144144144144,-8.773948963540242
141.52152152152152,-8.600130434330588
141.6016016016016,-8.463332473882854
141.68168168168168,-8.320052735104268
141.76176176176176,-8.205609702097473
141.84184184184184,-8.06275174356353
141.92192192192192,-7.949565801832109
142.002002002002,-7.820880793041705
142.08208208208208,-7.738830077539817
142.16216216216216,-7.638885405632044
142.24224224224224,-7.568888957913121
142.32232232232232,-7.483835753190849
142.4024024024024,-7.436854311616676
142.48248248248248,-7.38273934766618
142.56256256256256,-7.336185176239688
142.64264264264264,-7.291567053338955
142.72272272272272,-7.255203033128677
142.8028028028028,-7.24620294548235
142.88288288288288,-7.2215426391180015
142.96296296296296,-7.225765321163166
143.04304304304304,-7.211070619863239
143.12312312312312,-7.228991103694248
143.2032032032032,-7.216072949847791
143.28328328328328,-7.2438377358273485
143.36336336336336,-7.246474573423154
143.44344344344344,-7.3021315076349484
143.52352352352352,-7.306456255678001
143.6036036036036,-7.3595793574882205
143.68368368368368,-7.366018045798595
143.76376376376376,-7.440899449078441
143.84384384384384,-7.478530554155889
143.92392392392392,-7.561473681919083
144.004004004004,-7.597780629580832
144.08408408408408,-7.678299815625691
144.16416416416416,-7.739977525058851
144.24424424424424,-7.842889018628733
144.32432432432432,-7.92306391851743
144.4044044044044,-8.02305741537064
144.48448448448448,-8.110914592022075
144.56456456456456,-8.215927674678683
144.64464464464464,-8.31863390447387
144.72472472472472,-8.413865693572227
144.8048048048048,-8.53403665958654
144.88488488488488,-8.62127877970218
144.96496496496496,-8.752732780429003
145.04504504504504,-8.841751540893986
145.12512512512512,-8.979107324770046
145.2052052052052,-9.069157428978222
145.28528528528528,-9.209530520467823
145.36536536536536,-9.315477280413564
145.44544544544544,-9.456506953464686
145.52552552552552,-9.557704634117151
145.6056056056056,-9.711582872954367
145.68568568568568,-9.818101124109129
145.76576576576576,-9.96902382322353
145.84584584584584,-10.057924421001827
145.92592592592592,-10.21155202068572
146.006006006006,-10.324686109975572
146.08608608608608,-10.482922175388856
146.16616616616616,-10.579683482195579
146.24624624624624,-10.699636141167328
146.32632632632632,-10.782421499781876
146.4064064064064,-10.912348701710686
146.48648648648648,-11.031627468271227
146.56656656656656,-11.171493046582386
146.64664664664664,-11.285426985642346
146.72672672672672,-11.399748921650886
146.8068068068068,-11.510769983597402
146.88688688688688,-11.619817039960191
146.96696696696696,-11.743536528562082
147.04704704704704,-11.854595646060632
147.12712712712712,-11.982943208006178
147.2072072072072,-12.08346939293138
147.28728728728728,-12.195531585862566
147.36736736736736,-12.281427380834367
147.44744744744744,-12.392001733113002
147.52752752752752,-12.480616536526528
147.6076076076076,-12.59468371587722
147.68768768768768,-12.6847526551943
147.76776776776777,-12.800708970319267
147.84784784784785,-12.885556454966784
147.92792792792793,-12.983780092906988
148.008008008008,-13.049711298893175
148.08808808808809,-13.148664171681975
148.16816816816817,-13.20844275363599
148.24824824824825,-13.284664757080904
148.32832832832833,-13.32229900371443
148.4084084084084,-13.395935737866635
148.48848848848849,-13.455400802918513
148.56856856856857,-13.519435085589834
148.64864864864865,-13.55944857877055
148.72872872872873,-13.6237041501919
148.8088088088088,-13.686210858310671
148.88888888888889,-13.741279075927594
148.96896896896897,-13.752624723130134
149.04904904904905,-13.77670662724035
149.12912912912913,-13.778203942412691
149.2092092092092,-13.79853186424417
149.2892892892893,-13.787667588294195
149.36936936936937,-13.801527961768953
149.44944944944945,-13.810814860105511
149.52952952952953,-13.816119113392975
149.6096096096096,-13.787714256840305
149.6896896896897,-13.754077681119892
149.76976976976977,-13.732554444688072
149.84984984984985,-13.704831316937245
149.92992992992993,-13.649847019580308
150.01001001001,-13.56423447381276
150.0900900900901,-13.492913584840831
150.17017017017017,-13.41225574967371
150.25025025025025,-13.342446889778774
150.33033033033033,-13.253995677864369
150.4104104104104,-13.164212127614924
150.4904904904905,-13.056498798048882
150.57057057057057,-12.936742900536283
150.65065065065065,-12.802642291071225
150.73073073073073,-12.672656412132929
150.8108108108108,-12.530449268300849
150.8908908908909,-12.390762150679315
150.97097097097097,-12.227508731965546
151.05105105105105,-12.06549999943223
151.13113113113113,-11.892609212231907
151.2112112112112,-11.720548327197706
151.2912912912913,-11.52814955037594
151.37137137137137,-11.33450915289483
151.45145145145145,-11.156429130835134
151.53153153153153,-10.975613048990688
151.6116116116116,-10.79405954298312
151.6916916916917,-10.58747363734
151.77177177177177,-10.380795393052816
151.85185185185185,-10.171650331392948
151.93193193193193,-9.9771806628183
152.012012012012,-9.778235936570727
152.0920920920921,-9.581089771957036
152.17217217217217,-9.375613093544333
152.25225225225225,-9.179666609660215
152.33233233233233,-8.977881405922842
152.4124124124124,-8.791978235794119
152.4924924924925,-8.604482703524054
152.57257257257257,-8.436924658239572
152.65265265265265,-8.247407073176035
152.73273273273273,-8.07301249603853
152.8128128128128,-7.894032791768303
152.8928928928929,-7.747564129559645
152.97297297297297,-7.593577204558513
153.05305305305305,-7.44481691863761
153.13313313313313,-7.286380869840706
153.2132132132132,-7.151507720088594
153.2932932932933,-7.015570552171855
153.37337337337337,-6.894361453488427
153.45345345345345,-6.762588228001665
153.53353353353353,-6.649726416788267
153.6136136136136,-6.541280260171566
153.6936936936937,-6.444761817619057
153.77377377377377,-6.35327397318071
153.85385385385385,-6.264302386013072
153.93393393393393,-6.181318894960718
154.014014014014,-6.0917941428580775
154.0940940940941,-6.012441904439177
154.17417417417417,-5.933122016499544
154.25425425425425,-5.872922870751176
154.33433433433433,-5.810581577795599
154.4144144144144,-5.760204239384672
154.4944944944945,-5.709343526094816
154.57457457457457,-5.674408794353878
154.65465465465465,-5.635608628078146
154.73473473473473,-5.606156005876981
154.8148148148148,-5.570274375751073
154.8948948948949,-5.542221971864863
154.97497497497497,-5.502383203290751
155.05505505505505,-5.473449652258694
155.13513513513513,-5.447647398017096
155.2152152152152,-5.448957479939775
155.2952952952953,-5.438522637965181
155.37537537537537,-5.439435732550931
155.45545545545545,-5.426141093467789
155.53553553553553,-5.432271530814195
155.6156156156156,-5.4365871459751745
155.6956956956957,-5.449641324637405
155.77577577577577,-5.451964569863237
155.85585585585585,-5.462521184319931
155.93593593593593,-5.472958030750949
156.016016016016,-5.500884012418185
156.0960960960961,-5.532974262180633
156.17617617617617,-5.573866367493429
156.25625625625625,-5.609013908178668
156.33633633633633,-5.647177059332441
156.4164164164164,-5.683833832756206
156.4964964964965,-5.730461031186258
156.57657657657657,-5.783299931576626
156.65665665665665,-5.840889015161953
156.73673673673673,-5.89579690220775
156.8168168168168,-5.949867044634457
156.8968968968969,-6.0162768247750185
156.97697697697697,-6.082010404475957
157.05705705705705,-6.165640886181286
157.13713713713713,-6.244479737860317
157.2172172172172,-6.3333026396684655
157.2972972972973,-6.407057553495485
157.37737737737737,-6.495788690746006
157.45745745745745,-6.582694012347446
157.53753753753753,-6.682174110568142
157.6176176176176,-6.776412084514205
157.6976976976977,-6.879617849956818
157.77777777777777,-6.979388283536034
157.85785785785785,-7.095192424620443
157.93793793793793,-7.198535410862874
158.018018018018,-7.3120791253424535
158.0980980980981,-7.411207160880705
158.17817817817817,-7.524405900407515
158.25825825825825,-7.628083282338981
158.33833833833833,-7.743378689235939
158.4184184184184,-7.850850616273808
158.4984984984985,-7.9672454214206985
158.57857857857857,-8.086995531774653
158.65865865865865,-8.214931809101357
158.73873873873873,-8.3383695430154
158.8188188188188,-8.46332177535091
158.8988988988989,-8.584931324880056
158.97897897897897,-8.70605168981652
159.05905905905905,-8.822927021842963
159.13913913913913,-8.930493210992951
159.2192192192192,-9.045178705172397
159.2992992992993,-9.152931030714564
159.37937937937937,-9.275080704636208
159.45945945945945,-9.378180516313655
159.53953953953953,-9.491880266479217
159.6196196196196,-9.594934259827081
159.6996996996997,-9.707960139596752
159.77977977977977,-9.802507134078423
159.85985985985985,-9.89156725567915
159.93993993993993,-9.974191833911533
160.02002002002,-10.070166200633327
160.1001001001001,-10.163835023437674
160.18018018018017,-10.260879579752437
160.26026026026025,-10.33784724733407
160.34034034034033,-10.417960107649153
160.4204204204204,-10.502010410065461
160.5005005005005,-10.587821683358776
160.58058058058057,-10.673098272417707
160.66066066066065,-10.737622034312645
160.74074074074073,-10.802951353545465
160.8208208208208,-10.854165279002132
160.9009009009009,-10.907723644822775
160.98098098098097,-10.949242504274594
161.06106106106105,-10.996359379949263
161.14114114114113,-11.034150058031337
161.2212212212212,-11.062683828433372
161.3013013013013,-11.070421757676637
161.38138138138137,-11.077923246517823
161.46146146146145,-11.074885104625912
161.54154154154153,-11.064219541040856
161.6216216216216,-11.039231448509943
161.7017017017017,-11.014557040105746
161.78178178178177,-10.990115616208836
161.86186186186185,-10.963894146318072
161.94194194194193,-10.925093247720937
162.022022022022,-10.876599040779638
162.1021021021021,-10.829245582248177
162.18218218218217,-10.773836915322397
162.26226226226225,-10.707339256333121
162.34234234234233,-10.630195977777404
162.42242242242241,-10.548828631268753
162.5025025025025,-10.472553179421634
162.58258258258257,-10.389770794324406
162.66266266266265,-10.2944067082839
162.74274274274273,-10.193670559324861
162.82282282282281,-10.077126131375536
162.9029029029029,-9.951759969443653
162.98298298298297,-9.80497280101993
163.06306306306305,-9.658506064629572
163.14314314314313,-9.507567671361215
163.22322322322321,-9.361837072721011
163.3033033033033,-9.20548303649129
163.38338338338338,-9.050272477202988
163.46346346346346,-8.898283056010294
163.54354354354354,-8.748881983447756
163.62362362362362,-8.592969533154838
163.7037037037037,-8.42800133039512
163.78378378378378,-8.262653070841008
163.86386386386386,-8.100016314726062
163.94394394394394,-7.936262658358598
164.02402402402402,-7.775647239909939
164.1041041041041,-7.620892172703293
164.18418418418418,-7.47004685821485
164.26426426426426,-7.320100662813948
164.34434434434434,-7.17118955828893
164.42442442442442,-7.0320642433461025
164.5045045045045,-6.895783438665838
164.58458458458458,-6.761692124123066
164.66466466466466,-6.625041344225341
164.74474474474474,-6.496310386433948
164.82482482482482,-6.368959341923889
164.9049049049049,-6.244056028383543
164.98498498498498,-6.126750085582093
165.06506506506506,-6.026041879035081
165.14514514514514,-5.933395761310044
165.22522522522522,-5.840606609221677
165.3053053053053,-5.749220717281163
165.38538538538538,-5.675066551343438
165.46546546546546,-5.6050666851236866
165.54554554554554,-5.531659000948481
165.62562562562562,-5.450283836330775
165.7057057057057,-5.377407509568485
165.78578578578578,-5.318853335733273
165.86586586586586,-5.262383235909715
165.94594594594594,-5.206391584889189
166.02602602602602,-5.152953430987849
166.1061061061061,-5.102881045386497
166.18618618618618,-5.05891065709534
166.26626626626626,-5.0164137668215405
166.34634634634634,-4.979141271645272
166.42642642642642,-4.942128260652964
166.5065065065065,-4.9028490836007865
166.58658658658658,-4.868907099415892
166.66666666666666,-4.8328816676212
166.74674674674674,-4.808406051595991
166.82682682682682,-4.783830333295879
166.9069069069069,-4.770142636581633
166.98698698698698,-4.74968124827707
167.06706706706706,-4.731657344887173
167.14714714714714,-4.706044504085545
167.22722722722722,-4.692189674287432
167.3073073073073,-4.675076906411819
167.38738738738738,-4.664363754164217
167.46746746746746,-4.642949828329719
167.54754754754754,-4.631958202995559
167.62762762762762,-4.613167465915757
167.7077077077077,-4.606609221844934
167.78778778778778,-4.593168790966957
167.86786786786786,-4.587210572328468
167.94794794794794,-4.574403205260736
168.02802802802802,-4.569466351628828
168.1081081081081,-4.563944976207644
168.18818818818818,-4.564394297897581
168.26826826826826,-4.561472815112691
168.34834834834834,-4.561855968743404
168.42842842842842,-4.563325469296958
168.5085085085085,-4.570564985361186
168.58858858858858,-4.579245062306721
168.66866866866866,-4.588269914941764
168.74874874874874,-4.597290978182071
168.82882882882882,-4.604410625875517
168.9089089089089,-4.61596814737549
168.98898898898898,-4.630248713364578
169.06906906906906,-4.656631321588184
169.14914914914914,-4.6796640447509725
169.22922922922922,-4.707132646866632
169.3093093093093,-4.728539588780924
169.38938938938938,-4.7656870712466475
169.46946946946946,-4.804561340129878
169.54954954954954,-4.852577474235208
169.62962962962962,-4.889249089375102
169.7097097097097,-4.936423067045717
169.78978978978978,-4.981936568116565
169.86986986986986,-5.04150725489497
169.94994994994994,-5.097922178838876
170.03003003003002,-5.1674701056165775
170.1101101101101,-5.234829875707489
170.19019019019018,-5.307834616566602
170.27027027027026,-5.374082290081886
170.35035035035034,-5.447521909656496
170.43043043043042,-5.518416962480751
170.5105105105105,-5.600947188964051
170.59059059059058,-5.678180876547739
170.67067067067066,-5.7638016108334424
170.75075075075074,-5.845366623951884
170.83083083083082,-5.934168366832939
170.9109109109109,-6.025079208831093
170.99099099099098,-6.123354584144253
171.07107107107106,-6.218760123292229
171.15115115115114,-6.312995822977101
171.23123123123122,-6.402276888958027
171.3113113113113,-6.4941618928575195
171.39139139139138,-6.588476936492207
171.47147147147146,-6.688579238932868
171.55155155155154,-6.785829729446838
171.63163163163162,-6.883194273124037
171.7117117117117,-6.9776848964513425
171.79179179179178,-7.0744930461394615
171.87187187187186,-7.173794030311512
171.95195195195194,-7.267834656034102
172.03203203203202,-7.357947901002507
172.11211211211213,-7.440714865584852
172.19219219219218,-7.528570095169041
172.2722722722723,-7.614373782417498
172.35235235235234,-7.698007951003098
172.43243243243245,-7.775249199407945
172.5125125125125,-7.861521610348191
172.5925925925926,-7.937848701762296
172.67267267267266,-8.013157516265556
172.75275275275277,-8.07694571335263
172.83283283283282,-8.144130322967072
172.91291291291293,-8.198073110856582
172.99299299299298,-8.250971815718254
173.0730730730731,-8.30373081078576
173.15315315315314,-8.361900199876684
173.23323323323325,-8.407600736845389
173.3133133133133,-8.440013532570052
173.3933933933934,-8.464325229241094
173.47347347347346,-8.492303951232918
173.55355355355357,-8.506363810722672
173.63363363363362,-8.510105999868658
173.71371371371373,-8.495982211120847
173.79379379379378,-8.486275093140758
173.8738738738739,-8.471243478753442
173.95395395395394,-8.451979620119312
174.03403403403405,-8.423158772966259
174.1141141141141,-8.39948447212836
174.1941941941942,-8.376057136173225
174.27427427427426,-8.342276022156556
174.35435435435437,-8.292624536001778
174.43443443443442,-8.237641040369981
174.51451451451453,-8.174224138905153
174.59459459459458,-8.104958943130852
174.6746746746747,-8.02519620539944
174.75475475475474,-7.944298573606711
174.83483483483485,-7.864665737167768
174.9149149149149,-7.780530069126046
174.994994994995,-7.695565142956685
175.07507507507506,-7.598620773296377
175.15515515515517,-7.501713789916328
175.23523523523522,-7.390891708448136
175.31531531531533,-7.2714466980156045
175.39539539539538,-7.141252631822872
175.4754754754755,-7.019281472139659
175.55555555555554,-6.906375171410479
175.63563563563565,-6.798041335929891
175.7157157157157,-6.683931025257643
175.7957957957958,-6.565891434580365
175.87587587587586,-6.450326727413478
175.95595595595597,-6.340970965381928
176.03603603603602,-6.22652088145851
176.11611611611613,-6.113155307977068
176.19619619619618,-5.999307020639165
176.2762762762763,-5.893910053498131
176.35635635635634,-5.789804382609012
176.43643643643645,-5.690690867451981
176.5165165165165,-5.60068440318254
176.5965965965966,-5.515874756865487
176.67667667667666,-5.432745386788592
176.75675675675677,-5.346393203316048
176.83683683683682,-5.265443302800337
176.91691691691693,-5.192832997771897
176.99699699699698,-5.12361777251873
177.0770770770771,-5.0565575749947484
177.15715715715714,-4.988379569610229
177.23723723723725,-4.927174548727125
177.3173173173173,-4.876225423896576
177.3973973973974,-4.835124457076106
177.47747747747746,-4.795384740491032
177.55755755755757,-4.752448475255863
177.63763763763762,-4.715118306077627
177.71771771771773,-4.6863182395998155
177.79779779779778,-4.662008731454224
177.8778778778779,-4.6349174433723075
177.95795795795794,-4.605180885949872
178.03803803803805,-4.578494979057319
178.1181181181181,-4.561032081500331
178.1981981981982,-4.547878104857632
178.27827827827826,-4.5331204482830145
178.35835835835837,-4.511770993305164
178.43843843843842,-4.490773774500336
178.51851851851853,-4.474565718003169
178.59859859859858,-4.465704533364259
178.6786786786787,-4.458462685892007
178.75875875875874,-4.447982881515988
178.83883883883885,-4.433286027432527
178.9189189189189,-4.416530760088767
178.998998998999,-4.402373456434663
179.07907907907907,-4.389461938673202
179.15915915915917,-4.381330869307546
179.23923923923923,-4.378810621610706
179.31931931931933,-4.373857098479098
179.39939939939939,-4.358885804047417
179.4794794794795,-4.336769547662982
179.55955955955955,-4.3216316967856585
179.63963963963965,-4.318213898241245
179.7197197197197,-4.313305238209839
179.7997997997998,-4.298606924322298
179.87987987987987,-4.280380469682615
179.95995995995997,-4.266158350662954
180.04004004004003,-4.254488287213148
180.12012012012013,-4.239025431653456
180.2002002002002,-4.223196662065475
180.2802802802803,-4.209536137904579
180.36036036036035,-4.197392107918188
180.44044044044045,-4.182035701047649
180.5205205205205,-4.163937076899827
180.60060060060061,-4.1505693624219875
180.68068068068067,-4.1413904133302335
180.76076076076077,-4.132572001821173
180.84084084084083,-4.11776862061029
180.92092092092093,-4.098193106423148
181.001001001001,-4.084045145724464
181.0810810810811,-4.077187322105994
181.16116116116115,-4.074923398813066
181.24124124124126,-4.066159044847522
181.3213213213213,-4.051379078652156
181.40140140140142,-4.036936939925912
181.48148148148147,-4.028332646387404
181.56156156156158,-4.026323089117658
181.64164164164163,-4.027121792677441
181.72172172172174,-4.030727889507214
181.8018018018018,-4.034366450902458
181.8818818818819,-4.03684116120489
181.96196196196195,-4.039921483494505
182.04204204204206,-4.048416687390599
182.1221221221221,-4.062805653957166
182.20220220220222,-4.078208441102867
182.28228228228227,-4.093223595492865
182.36236236236238,-4.111520222304504
182.44244244244243,-4.135369487369053
182.52252252252254,-4.16197013317138
182.6026026026026,-4.18850688840555
182.6826826826827,-4.217874801847433
182.76276276276275,-4.251427980720833
182.84284284284286,-4.290547806462445
182.9229229229229,-4.331408769251768
183.00300300300302,-4.3721388789628115
183.08308308308307,-4.413049446717471
183.16316316316318,-4.45652765183661
183.24324324324323,-4.502230760328352
183.32332332332334,-4.553613832487044
183.4034034034034,-4.60957449238409
183.4834834834835,-4.6678592802931735
183.56356356356355,-4.723657544391883
183.64364364364366,-4.781431853623658
183.7237237237237,-4.84344255420895
183.80380380380382,-4.905435340074512
183.88388388388387,-4.967446615382853
183.96396396396398,-5.030928537297338
184.04404404404403,-5.098964495670137
184.12412412412414,-5.167565580872624
184.2042042042042,-5.235618080336441
184.2842842842843,-5.304230127295225
184.36436436436435,-5.372856702902783
184.44444444444446,-5.436307138996238
184.5245245245245,-5.4974668545232745
184.60460460460462,-5.555470961450666
184.68468468468467,-5.61781793631167
184.76476476476478,-5.677462955469066
184.84484484484483,-5.739129306855591
184.92492492492494,-5.7932151721008625
185.005005005005,-5.846199109501703
185.0850850850851,-5.895690802728552
185.16516516516515,-5.949415251966051
185.24524524524526,-5.999164433922419
185.3253253253253,-6.043106970740018
185.40540540540542,-6.071467157782247
185.48548548548547,-6.098637326479491
185.56556556556558,-6.126287879958159
185.64564564564563,-6.155291794171689
185.72572572572574,-6.178267787026868
185.8058058058058,-6.195262999882329
185.8858858858859,-6.2099467157569785
185.96596596596595,-6.221635469827786
186.04604604604606,-6.224672723024816
186.1261261261261,-6.213276376027717
186.20620620620622,-6.1931584967868485
186.28628628628627,-6.167889572750837
186.36636636636638,-6.143130555197236
186.44644644644643,-6.112753994126928
186.52652652652654,-6.078992278911468
186.6066066066066,-6.040486449929939
186.6866866866867,-6.000557522812923
186.76676676676675,-5.955379160373696
186.84684684684686,-5.902659352995481
186.9269269269269,-5.8395466646056144
187.00700700700702,-5.778678165714257
187.08708708708707,-5.721286421982869
187.16716716716718,-5.661819576260089
187.24724724724723,-5.5905401438303
187.32732732732734,-5.515312360690716
187.4074074074074,-5.443141982051382
187.4874874874875,-5.374199210107648
187.56756756756755,-5.303688914497934
187.64764764764766,-5.229553838440381
187.7277277277277,-5.158398378824815
187.80780780780782,-5.087302026417921
187.88788788788787,-5.01574351581886
187.96796796796798,-4.942476927571044
188.04804804804803,-4.871674955456172
188.12812812812814,-4.80298209804036
188.2082082082082,-4.738409391372632
188.2882882882883,-4.678673274169753
188.36836836836835,-4.6280786815798605
188.44844844844846,-4.57502797241895
188.5285285285285,-4.52211931033455
188.60860860860862,-4.4698709381296995
188.68868868868867,-4.423785750751053
188.76876876876878,-4.381721921331952
188.84884884884883,-4.34050249475545
188.92892892892894,-4.307318598931014
189.009009009009,-4.282608825394202
189.0890890890891,-4.264019382851197
189.16916916916915,-4.243931416197625
189.24924924924926,-4.222243653754151
189.3293293293293,-4.200537318913047
189.40940940940942,-4.184315887469884
189.48948948948947,-4.172488599945749
189.56956956956958,-4.164811770617435
189.64964964964963,-4.155384872849724
189.72972972972974,-4.148677491454829
189.8098098098098,-4.145583964822971
189.8898898898899,-4.144924697071025
189.96996996996995,-4.145218539305326
190.05005005005006,-4.146420689230274
190.1301301301301,-4.15761133280365
190.21021021021022,-4.17006833795755
190.29029029029027,-4.176190608214766
190.37037037037038,-4.174596421880528
190.45045045045043,-4.170723801493109
190.53053053053054,-4.175530046169572
190.6106106106106,-4.1834898496396145
190.6906906906907,-4.194014861629972
190.77077077077075,-4.202474255642854
190.85085085085086,-4.211266351682584
190.9309309309309,-4.219259623606418
191.01101101101102,-4.221186600073876
191.09109109109107,-4.220570664726804
191.17117117117118,-4.220703720122284
191.25125125125123,-4.228835061480798
191.33133133133134,-4.235522016067143
191.41141141141142,-4.234036278731935
191.4914914914915,-4.226937256034808
191.57157157157158,-4.224255299638468
191.65165165165166,-4.229921843006107
191.73173173173174,-4.234929618243699
191.81181181181182,-4.226896676430985
191.8918918918919,-4.216054295475716
191.97197197197198,-4.205691071823156
192.05205205205206,-4.205282561796974
192.13213213213214,-4.20273208395816
192.21221221221222,-4.193650977517463
192.2922922922923,-4.177228973251888
192.37237237237238,-4.164505035208423
192.45245245245246,-4.156565693774841
192.53253253253254,-4.149527834439613
192.61261261261262,-4.139426375729625
192.6926926926927,-4.127167341120443
192.77277277277278,-4.113991087428921
192.85285285285286,-4.094911991896054
192.93293293293294,-4.0708549705709665
193.01301301301302,-4.047120108057169
193.0930930930931,-4.028192073628125
193.17317317317318,-4.010122040966502
193.25325325325326,-3.9867204980581823
193.33333333333334,-3.9618825813196934
193.41341341341342,-3.9429613398057612
193.4934934934935,-3.9264045926697255
193.57357357357358,-3.9030956845957565
193.65365365365366,-3.877337986981446
193.73373373373374,-3.8531643288115736
193.81381381381382,-3.833841107149257
193.8938938938939,-3.81230405043817
193.97397397397398,-3.788811996864737
194.05405405405406,-3.760937218782453
194.13413413413414,-3.7384224732397113
194.21421421421422,-3.7158084761778984
194.2942942942943,-3.69870355576841
194.37437437437438,-3.6787991599400747
194.45445445445446,-3.6623414415760362
194.53453453453454,-3.6467158196000042
194.61461461461462,-3.630599006743894
194.6946946946947,-3.6114186909903294
194.77477477477478,-3.5951049276806173
194.85485485485486,-3.5842383739526658
194.93493493493494,-3.5746980540262383
195.01501501501502,-3.564522160716295
195.0950950950951,-3.5557782604311448
195.17517517517518,-3.5545069462094854
195.25525525525526,-3.55661550729711
195.33533533533534,-3.5564017415460434
195.41541541541542,-3.5535248467934637
195.4954954954955,-3.552657911811902
195.57557557557558,-3.558535607944143
195.65565565565566,-3.567071141052891
195.73573573573574,-3.57253019928387
195.81581581581582,-3.581308042820924
195.8958958958959,-3.594281356089337
195.97597597597598,-3.6125588811297478
196.05605605605606,-3.6267907994541524
196.13613613613614,-3.6432281820645356
196.21621621621622,-3.6609565414395915
196.2962962962963,-3.6831385293286125
196.37637637637638,-3.700337545074139
196.45645645645646,-3.722127250202899
196.53653653653654,-3.7404450023174713
196.61661661661662,-3.7728716379733465
196.6966966966967,-3.804521978800343
196.77677677677679,-3.8385108603986344
196.85685685685687,-3.8646977942044742
196.93693693693695,-3.8943780942769526
197.01701701701703,-3.927039508150509
197.0970970970971,-3.957553855778981
197.17717717717719,-3.985359221769135
197.25725725725727,-4.011792178135402
197.33733733733735,-4.040154204971795
197.41741741741743,-4.064516190840546
197.4974974974975,-4.08713852566218
197.57757757757759,-4.112561159061684
197.65765765765767,-4.136620640277222
197.73773773773775,-4.158405147018918
197.81781781781783,-4.167985457404665
197.8978978978979,-4.177197911835263
197.977977977978,-4.188149051689333
198.05805805805807,-4.203286255336152
198.13813813813815,-4.210057627890947
198.21821821821823,-4.210462482919344
198.2982982982983,-4.202214617796312
198.3783783783784,-4.202264245030593
198.45845845845847,-4.195272942648748
198.53853853853855,-4.190051535971804
198.61861861861863,-4.171724508108572
198.6986986986987,-4.153691090438437
198.7787787787788,-4.130399545442613
198.85885885885887,-4.107795350888079
198.93893893893895,-4.08723462688873
199.01901901901903,-4.062797625886163
199.0990990990991,-4.035821034801361
199.1791791791792,-4.006039987432273
199.25925925925927,-3.97404148213951
199.33933933933935,-3.94342883116034
199.41941941941943,-3.912368979392336
199.4994994994995,-3.8816585118129248
199.5795795795796,-3.8451455544305717
199.65965965965967,-3.809341495002802
199.73973973973975,-3.7746873592965957
199.81981981981983,-3.7483141366416373
199.8998998998999,-3.7194974644813827
199.97997997998,-3.695524208364572
200.06006006006007,-3.6670523077025
200.14014014014015,-3.641965586030154
200.22022022022023,-3.618632336765174
200.3003003003003,-3.6028643986577618
200.3803803803804,-3.5871837870032732
200.46046046046047,-3.5706311321353543
200.54054054054055,-3.549702900137633
200.62062062062063,-3.536813978053376
200.7007007007007,-3.527662945563681
200.7807807807808,-3.529564638338774
200.86086086086087,-3.5336083074975955
200.94094094094095,-3.536950922977925
201.02102102102103,-3.541461050561729
201.1011011011011,-3.546126741454074
201.1811811811812,-3.5598787061608506
201.26126126126127,-3.571060576706669
201.34134134134135,-3.5820171681336337
201.42142142142143,-3.598462645838331
201.5015015015015,-3.6187701304596325
201.5815815815816,-3.643477682344135
201.66166166166167,-3.6616225293098266
201.74174174174175,-3.6819290152856805
201.82182182182183,-3.7053481347750896
201.9019019019019,-3.7264880797857165
201.981981981982,-3.748665507479128
202.06206206206207,-3.7699159425733666
202.14214214214215,-3.800388920327366
202.22222222222223,-3.8228714767895924
202.3023023023023,-3.8463499145099953
202.3823823823824,-3.858873242133941
202.46246246246247,-3.88481614520385
202.54254254254255,-3.9080446871615937
202.62262262262263,-3.936835946742016
202.7027027027027,-3.95951273058563
202.7827827827828,-3.986184902101075
202.86286286286287,-4.013640199563581
202.94294294294295,-4.042956069573285
203.02302302302303,-4.060195467450638
203.1031031031031,-4.075775958128165
203.1831831831832,-4.0859297605758185
203.26326326326327,-4.10836206732455
203.34334334334335,-4.128899666792713
203.42342342342343,-4.146724738022993
203.5035035035035,-4.154832358874381
203.5835835835836,-4.169352287145657
203.66366366366367,-4.183404510509024
203.74374374374375,-4.197342488789197
203.82382382382383,-4.198800788285865
203.9039039039039,-4.205180481034048
203.983983983984,-4.207360745993681
204.06406406406407,-4.212765959490362
204.14414414414415,-4.2096173735952345
204.22422422422423,-4.213524155954015
204.3043043043043,-4.213118699229952
204.3843843843844,-4.218986691744093
204.46446446446447,-4.215072070262993
204.54454454454455,-4.215400791663153
204.62462462462463,-4.207651901373311
204.7047047047047,-4.196948615899434
204.7847847847848,-4.180911896274929
204.86486486486487,-4.172559927688373
204.94494494494495,-4.1666332663554915
205.02502502502503,-4.160287273127153
205.1051051051051,-4.144316841887233
205.1851851851852,-4.1293372356504765
205.26526526526527,-4.114935766924699
205.34534534534535,-4.0952441379401145
205.42542542542543,-4.076490398320075
205.5055055055055,-4.053399610880029
205.5855855855856,-4.033746243971624
205.66566566566567,-4.0043459683110925
205.74574574574575,-3.9818805665419745
205.82582582582583,-3.9540668032301807
205.9059059059059,-3.9281780156217794
205.985985985986,-3.8918207137972356
206.06606606606607,-3.866893110320488
206.14614614614615,-3.837719426615818
206.22622622622623,-3.8131887446531154
206.3063063063063,-3.767902524803401
206.3863863863864,-3.7393888546242637
206.46646646646647,-3.6959796673897913
206.54654654654655,-3.670059086692077
206.62662662662663,-3.6204100464007527
206.7067067067067,-3.596170445397878
206.7867867867868,-3.5550647459944202
206.86686686686687,-3.533143710265599
206.94694694694695,-3.4890381822976986
207.02702702702703,-3.459944566750151
207.1071071071071,-3.4115749220315226
207.1871871871872,-3.380194335493539
207.26726726726727,-3.337439914271264
207.34734734734735,-3.308323111721457
207.42742742742743,-3.2656003808705347
207.5075075075075,-3.2318642272503193
207.5875875875876,-3.1970334521748986
207.66766766766767,-3.168406341091329
207.74774774774775,-3.1358896342450153
207.82782782782783,-3.1031039463849206
207.9079079079079,-3.0740808609608528
207.987987987988,-3.04967818638637
208.06806806806807,-3.0119092527235645
208.14814814814815,-2.9766432066158663
208.22822822822823,-2.9429754879167773
208.3083083083083,-2.923282404137662
208.3883883883884,-2.895818134146135
208.46846846846847,-2.8670935016685193
208.54854854854855,-2.8470890560606006
208.62862862862863,-2.829073496844493
208.7087087087087,-2.8163249384263174
208.7887887887888,-2.7876826700060993
208.86886886886887,-2.7721004697740095
208.94894894894895,-2.752982343733309
209.02902902902903,-2.750347925174531
209.1091091091091,-2.7303263658366332
209.1891891891892,-2.71534981768883
209.26926926926927,-2.6950437099307547
209.34934934934935,-2.698232460148393
209.42942942942943,-2.6859055157492127
209.5095095095095,-2.6833700116134387
209.5895895895896,-2.6642176556568358
209.66966966966967,-2.671609251971901
209.74974974974975,-2.6599064783915334
209.82982982982983,-2.660345886975526
209.9099099099099,-2.640582661022408
209.98998998999,-2.646223870911808
210.07007007007007,-2.638261926281355
210.15015015015015,-2.638819552150464
210.23023023023023,-2.618404057146592
210.3103103103103,-2.615362390501183
210.3903903903904,-2.609717702012739
210.47047047047047,-2.617514025516293
210.55055055055055,-2.6060868371868433
210.63063063063063,-2.6049126128958138
210.7107107107107,-2.594150364800352
210.7907907907908,-2.5960137244346035
210.87087087087087,-2.5772477408553063
210.95095095095095,-2.5694203768750308
211.03103103103103,-2.5614161635856503
211.11111111111111,-2.562705067590737
211.1911911911912,-2.554262967644036
211.27127127127127,-2.5395610297208466
211.35135135135135,-2.536370181065558
211.43143143143143,-2.538002492502532
211.51151151151151,-2.542422740571019
211.5915915915916,-2.537329577641806
211.67167167167167,-2.537035265892241
211.75175175175175,-2.53796492168744
211.83183183183183,-2.5482860542756587
211.91191191191191,-2.5485258083826348
211.991991991992,-2.558873166350092
212.07207207207207,-2.5597657818603357
212.15215215215215,-2.5839756185525107
212.23223223223223,-2.5871053968543696
212.31231231231232,-2.6076267002563007
212.3923923923924,-2.6145073535949694
212.47247247247248,-2.6440251165733293
212.55255255255256,-2.659758777313092
212.63263263263264,-2.686017644371928
212.71271271271272,-2.7005790957986453
212.7927927927928,-2.7371982052869224
212.87287287287288,-2.7673010431174907
212.95295295295296,-2.8057227812507066
213.03303303303304,-2.827543257786297
213.11311311311312,-2.861389762515521
213.1931931931932,-2.897270287116904
213.27327327327328,-2.9374389207152616
213.35335335335336,-2.9762763858691272
213.43343343343344,-3.02094924747214
213.51351351351352,-3.0684816013844096
213.5935935935936,-3.1149031400565277
213.67367367367368,-3.1480538454317406
213.75375375375376,-3.1884635774595695
213.83383383383384,-3.2318939143900565
213.91391391391392,-3.2828380274198268
213.993993993994,-3.327951218566631
214.07407407407408,-3.3673042425068127
214.15415415415416,-3.4172540839576326
214.23423423423424,-3.464751873905703
214.31431431431432,-3.5091496295079585
214.3943943943944,-3.548795128221738
214.47447447447448,-3.586565018141046
214.55455455455456,-3.6358405628933523
214.63463463463464,-3.677838832879204
214.71471471471472,-3.71843385439397
214.7947947947948,-3.755324459038146
214.87487487487488,-3.7927583071474182
214.95495495495496,-3.8332445205563324
215.03503503503504,-3.8636779632211846
215.11511511511512,-3.9020133482513994
215.1951951951952,-3.9339160525383106
215.27527527527528,-3.972700676431207
215.35535535535536,-4.006541506519818
215.43543543543544,-4.044802189088979
215.51551551551552,-4.070938304115207
215.5955955955956,-4.101396285325195
215.67567567567568,-4.111928881577831
215.75575575575576,-4.142599104866723
215.83583583583584,-4.153648782060899
215.91591591591592,-4.188086843356139
215.995995995996,-4.196020746016483
216.07607607607608,-4.2132490229195
216.15615615615616,-4.212754826776502
216.23623623623624,-4.226156915012498
216.31631631631632,-4.240512682157161
216.3963963963964,-4.254552880219811
216.47647647647648,-4.254860178123035
216.55655655655656,-4.267101003000645
216.63663663663664,-4.2695307449311715
216.71671671671672,-4.28324932499786
216.7967967967968,-4.269539615798703
216.87687687687688,-4.274378954479621
216.95695695695696,-4.26632427888128
217.03703703703704,-4.271098541354762
217.11711711711712,-4.26091695798472
217.1971971971972,-4.255612830064396
217.27727727727728,-4.242931869462315
217.35735735735736,-4.239849998701414
217.43743743743744,-4.219834770984122
217.51751751751752,-4.211906160631097
217.5975975975976,-4.192262488843864
217.67767767767768,-4.191853743214742
217.75775775775776,-4.166582017041146
217.83783783783784,-4.152969059458485
217.91791791791792,-4.124051055612144
217.997997997998,-4.1036784358236265
218.07807807807808,-4.076042822870916
218.15815815815816,-4.045485892365285
218.23823823823824,-4.014517921785929
218.31831831831832,-3.9800302620583237
218.3983983983984,-3.9484604251751834
218.47847847847848,-3.9230749269909455
218.55855855855856,-3.889829411279892
218.63863863863864,-3.86004529095906
218.71871871871872,-3.820049870567805
218.7987987987988,-3.7919672021958086
218.87887887887888,-3.7475295673686557
218.95895895895896,-3.707418079974976
219.03903903903904,-3.6629157491934325
219.11911911911912,-3.631564845604544
219.1991991991992,-3.589825927068182
219.27927927927928,-3.541867857299263
219.35935935935936,-3.484939036453635
219.43943943943944,-3.434417255665243
219.51951951951952,-3.395487190935294
219.5995995995996,-3.3545458818534475
219.67967967967968,-3.317973501779835
219.75975975975976,-3.2618309589073093
219.83983983983984,-3.22188808731141
219.91991991991992,-3.1584926068630548
220.0,-3.109520741414953
