freq,trans
140.0,0.9191338993253367
140.08008008008008,0.923812218759763
140.16016016016016,0.9263015591113518
140.24024024024024,0.9332485018183883
140.32032032032032,0.9383573990457393
140.4004004004004,0.9452758838974878
140.48048048048048,0.9495814132707096
140.56056056056056,0.9538699250379018
140.64064064064064,0.955533394051471
140.72072072072072,0.9573495072474688
140.8008008008008,0.9587600179477626
140.88088088088088,0.9603017724947825
140.96096096096096,0.9614703701834058
141.04104104104104,0.9610001223876612
141.12112112112112,0.9596952621157069
141.2012012012012,0.9573900768243674
141.28128128128128,0.9543118189514037
141.36136136136136,0.9502277626658644
141.44144144144144,0.9462146590685465
141.52152152152152,0.9420311942995718
141.6016016016016,0.9367661812569071
141.68168168168168,0.9303123332923987
141.76176176176176,0.9235777376173084
141.84184184184184,0.9165579484346816
141.92192192192192,0.9093629933929038
142.002002002002,0.9011352125374139
142.08208208208208,0.8930567060519536
142.16216216216216,0.8846221939788984
142.24224224224224,0.8764350743573438
142.32232232232232,0.8676726363304648
142.4024024024024,0.858717054331588
142.48248248248248,0.8493184593005006
142.56256256256256,0.8402612779471651
142.64264264264264,0.8303910139976833
142.72272272272272,0.821307467093378
142.8028028028028,0.8113657793719118
142.88288288288288,0.8032313184819865
142.96296296296296,0.7937489687554745
143.04304304304304,0.7854945327265948
143.12312312312312,0.7756872273901578
143.2032032032032,0.7680104012698188
143.28328328328328,0.7591659381116048
143.36336336336336,0.7519594358781455
143.44344344344344,0.7430526985892036
143.52352352352352,0.7362318620611682
143.6036036036036,0.7278218713982172
143.68368368368368,0.7211016970902562
143.76376376376376,0.7125581785798031
143.84384384384384,0.705534433073445
143.92392392392392,0.6975662108463004
144.004004004004,0.6910184706840663
144.08408408408408,0.6845986273808504
144.16416416416416,0.6791184378761552
144.24424424424424,0.6738064600312469
144.32432432432432,0.6682170347920477
144.4044044044044,0.662924436814864
144.48448448448448,0.657285879061737
144.56456456456456,0.6524342630886636
144.64464464464464,0.6475239346945759
144.72472472472472,0.6429123419185591
144.8048048048048,0.6376344248772812
144.88488488488488,0.6338820870699549
144.96496496496496,0.6299985982372305
145.04504504504504,0.6279088786967216
145.12512512512512,0.6237294918197193
145.2052052052052,0.6209725373872017
145.28528528528528,0.6167078007829556
145.36536536536536,0.6146632461897572
145.44544544544544,0.6113940665197825
145.52552552552552,0.6093564863251353
145.6056056056056,0.6062580866268013
145.68568568568568,0.6046940417034193
145.76576576576576,0.6021103270202294
145.84584584584584,0.6006128107804183
145.92592592592592,0.5989661271810641
146.006006006006,0.5982328203957736
146.08608608608608,0.5971437701649837
146.16616616616616,0.5961619225414396
146.24624624624624,0.5954281014341826
146.32632632632632,0.5949519690285593
146.4064064064064,0.5941555816299351
146.48648648648648,0.59308828610095
146.56656656656656,0.5922312640590535
146.64664664664664,0.5924057700533287
146.72672672672672,0.5929565890095518
146.8068068068068,0.5929146154685045
146.88688688688688,0.5931866344128848
146.96696696696696,0.5932923925128122
147.04704704704704,0.594514072274288
147.12712712712712,0.5952220400846575
147.2072072072072,0.5964642587739137
147.28728728728728,0.5978495325693776
147.36736736736736,0.5996080208259041
147.44744744744744,0.6011543574312003
147.52752752752752,0.602515709843103
147.6076076076076,0.6041538901209936
147.68768768768768,0.6067861119641625
147.76776776776777,0.6083823057213477
147.84784784784785,0.6109877358543614
147.92792792792793,0.6126126619356417
148.008008008008,0.6162732703965254
148.08808808808809,0.6195383213807399
148.16816816816817,0.6235045270276552
148.24824824824825,0.6265343055898499
148.32832832832833,0.6295630387908202
148.4084084084084,0.6329909394715952
148.48848848848849,0.6368779579891414
148.56856856856857,0.6411344219303936
148.64864864864865,0.6452496109874991
148.72872872872873,0.6489025798660327
148.8088088088088,0.6529820017843146
148.88888888888889,0.6574937678810233
148.96896896896897,0.66316857585135
149.04904904904905,0.6689422841729054
149.12912912912913,0.674485406029173
149.2092092092092,0.6802528632009568
149.2892892892893,0.6850916160670969
149.36936936936937,0.6909151166717665
149.44944944944945,0.6962524955634464
149.52952952952953,0.7028918750444348
149.6096096096096,0.7096632776391193
149.6896896896897,0.7161705742066611
149.76976976976977,0.7224735861132434
149.84984984984985,0.7287592316505758
149.92992992992993,0.736179891636504
150.01001001001,0.7438568688724508
150.0900900900901,0.7517096145901471
150.17017017017017,0.7595258270063848
150.25025025025025,0.7670941756230135
150.33033033033033,0.7753858426340695
150.4104104104104,0.7835399216647119
150.4904904904905,0.7918266686287978
150.57057057057057,0.7996244781573935
150.65065065065065,0.8073697440858134
150.73073073073073,0.8154445160096457
150.8108108108108,0.8240936048758818
150.8908908908909,0.8329468316099058
150.97097097097097,0.8416606267612036
151.05105105105105,0.8503793779445874
151.13113113113113,0.8589262284515751
151.2112112112112,0.8672411803384612
151.2912912912913,0.8754992074432328
151.37137137137137,0.8839681137772625
151.45145145145145,0.8926759227629084
151.53153153153153,0.9006590851616194
151.6116116116116,0.9084068181207827
151.6916916916917,0.916014523669744
151.77177177177177,0.9229196839822635
151.85185185185185,0.929883261362864
151.93193193193193,0.9358584815683848
152.012012012012,0.9425402712379598
152.0920920920921,0.9479317299404229
152.17217217217217,0.9532309829318468
152.25225225225225,0.9571508153834706
152.33233233233233,0.9612786168057744
152.4124124124124,0.9645415027360867
152.4924924924925,0.9668306237788618
152.57257257257257,0.9680148658883452
152.65265265265265,0.968816715314579
152.73273273273273,0.9690386150814789
152.8128128128128,0.9690984125707556
152.8928928928929,0.9683076858757553
152.97297297297297,0.9672330775619393
153.05305305305305,0.96475019243322
153.13313313313313,0.96138707570902
153.2132132132132,0.95710997657907
153.2932932932933,0.9528354223173445
153.37337337337337,0.9480921408336509
153.45345345345345,0.9426293581447416
153.53353353353353,0.9368736001245304
153.6136136136136,0.9303069409301187
153.6936936936937,0.9235147682535968
153.77377377377377,0.9158191113668653
153.85385385385385,0.9079707211519213
153.93393393393393,0.8993761393856141
154.014014014014,0.8909480402580838
154.0940940940941,0.882238329740329
154.17417417417417,0.8741582407779769
154.25425425425425,0.8656774785454325
154.33433433433433,0.857466154399578
154.4144144144144,0.8485794225182656
154.4944944944945,0.8401354713022527
154.57457457457457,0.8313068751849121
154.65465465465465,0.8221317669816042
154.73473473473473,0.8131129450326483
154.8148148148148,0.8044491956879761
154.8948948948949,0.796560360279309
154.97497497497497,0.7882396814547672
155.05505505505505,0.780246467532831
155.13513513513513,0.7725567857330182
155.2152152152152,0.7647784561292204
155.2952952952953,0.7571458754304645
155.37537537537537,0.7493909843073798
155.45545545545545,0.7421504766966079
155.53553553553553,0.7351336562384191
155.6156156156156,0.7280837912988144
155.6956956956957,0.7214401342846833
155.77577577577577,0.7150289209365833
155.85585585585585,0.7087037250734926
155.93593593593593,0.7026409231306612
156.016016016016,0.6967921858248527
156.0960960960961,0.6915685541910905
156.17617617617617,0.6861579598851534
156.25625625625625,0.6808289521186727
156.33633633633633,0.6756448722317863
156.4164164164164,0.6705893776689961
156.4964964964965,0.6659983829827151
156.57657657657657,0.6614328968854578
156.65665665665665,0.6570453269577978
156.73673673673673,0.6528635743705371
156.8168168168168,0.64892668311669
156.8968968968969,0.6453791748324286
156.97697697697697,0.6420630666562642
157.05705705705705,0.6389580458517546
157.13713713713713,0.6359395960511142
157.2172172172172,0.6327158102373381
157.2972972972973,0.6297119461475765
157.37737737737737,0.6269601790563452
157.45745745745745,0.6246550579486714
157.53753753753753,0.622427469717915
157.6176176176176,0.620428558216281
157.6976976976977,0.6186310906775443
157.77777777777777,0.6169698467729645
157.85785785785785,0.6153157595853226
157.93793793793793,0.6139414345256518
158.018018018018,0.6131805314133898
158.0980980980981,0.6127595433505996
158.17817817817817,0.6124371944983202
158.25825825825825,0.6119085854381258
158.33833833833833,0.6113722891602459
158.4184184184184,0.6108480295983514
158.4984984984985,0.6108409183504531
158.57857857857857,0.6109037556421237
158.65865865865865,0.611119100695054
158.73873873873873,0.6116821561119482
158.8188188188188,0.6124702681179633
158.8988988988989,0.6134772426316384
158.97897897897897,0.6143215110869359
159.05905905905905,0.6151591925908504
159.13913913913913,0.6161498442077008
159.2192192192192,0.6174753929578366
159.2992992992993,0.619658219337448
159.37937937937937,0.6218713599609825
159.45945945945945,0.6243476506894533
159.53953953953953,0.6264802200832975
159.6196196196196,0.6287807995221727
159.6996996996997,0.6310007164344295
159.77977977977977,0.6334356613919336
159.85985985985985,0.6360790950746382
159.93993993993993,0.6392511862507871
160.02002002002,0.6428550414327993
160.1001001001001,0.6470055450896934
160.18018018018017,0.6506640689610331
160.26026026026025,0.654326655314206
160.34034034034033,0.6577235050973647
160.4204204204204,0.6616894713550402
160.5005005005005,0.6658776660150681
160.58058058058057,0.6701281308799868
160.66066066066065,0.6746378232737665
160.74074074074073,0.6795250067324411
160.8208208208208,0.6847628965593734
160.9009009009009,0.6899703904155164
160.98098098098097,0.6951260309388592
161.06106106106105,0.7005425550543031
161.14114114114113,0.7063649617741412
161.2212212212212,0.7127895307824361
161.3013013013013,0.719282538786179
161.38138138138137,0.725743794516722
161.46146146146145,0.731906920733859
161.54154154154153,0.7384500652736307
161.6216216216216,0.7451062600456796
161.7017017017017,0.7519290466697947
161.78178178178177,0.7587004534014117
161.86186186186185,0.7660907904292209
161.94194194194193,0.7735564463216995
162.022022022022,0.7815288279666105
162.1021021021021,0.7891185408504129
162.18218218218217,0.7972308099593257
162.26226226226225,0.8049579275899585
162.34234234234233,0.8132895402182891
162.42242242242241,0.8215317885488563
162.5025025025025,0.8300974447073225
162.58258258258257,0.8381840981913345
162.66266266266265,0.8462685062032194
162.74274274274273,0.8544020901730975
162.82282282282281,0.8632254597090746
162.9029029029029,0.8716613576283536
162.98298298298297,0.8805710078230791
163.06306306306305,0.8889099341650103
163.14314314314313,0.8975514894850514
163.22322322322321,0.9051674973877212
163.3033033033033,0.9128613068394746
163.38338338338338,0.9197904644321853
163.46346346346346,0.9270016828400722
163.54354354354354,0.9336543951588889
163.62362362362362,0.9403056996518261
163.7037037037037,0.9463266424047814
163.78378378378378,0.952149019606242
163.86386386386386,0.9574091779276911
163.94394394394394,0.9621982215400554
164.02402402402402,0.9664330814781503
164.1041041041041,0.970002099421177
164.18418418418418,0.9731309167197311
164.26426426426426,0.9756873589006735
164.34434434434434,0.9778361449451106
164.42442442442442,0.979136594622975
164.5045045045045,0.9797805256884075
164.58458458458458,0.9793607990372798
164.66466466466466,0.9783159041386587
164.74474474474474,0.9763018122426318
164.82482482482482,0.9740217016191931
164.9049049049049,0.9709574020742098
164.98498498498498,0.9674889149569256
165.06506506506506,0.9631513241212141
165.14514514514514,0.9584674283598186
165.22522522522522,0.9532449072770001
165.3053053053053,0.9477984399683976
165.38538538538538,0.9417589670557556
165.46546546546546,0.9352872085285224
165.54554554554554,0.9283396985119706
165.62562562562562,0.9208909786679911
165.7057057057057,0.9134851286557029
165.78578578578578,0.9055607506516437
165.86586586586586,0.8978562392266379
165.94594594594594,0.8898760240969279
166.02602602602602,0.8821316749005537
166.1061061061061,0.8739246881982342
166.18618618618618,0.8657861893428048
166.26626626626626,0.8574095475646861
166.34634634634634,0.8496072371143575
166.42642642642642,0.8413854006868496
166.5065065065065,0.8336361187837062
166.58658658658658,0.8252588000214508
166.66666666666666,0.817717006364254
166.74674674674674,0.810055722983179
166.82682682682682,0.8030300086804786
166.9069069069069,0.7956173521890828
166.98698698698698,0.7886207780782383
167.06706706706706,0.7813028852867718
167.14714714714714,0.7745690949071818
167.22722722722722,0.7674207071947972
167.3073073073073,0.7608935958374912
167.38738738738738,0.7541767517317314
167.46746746746746,0.7483885473604803
167.54754754754754,0.7423623588765303
167.62762762762762,0.7368081614767671
167.7077077077077,0.7308039387652903
167.78778778778778,0.7250798040091607
167.86786786786786,0.7195415112315686
167.94794794794794,0.7144354697597947
168.02802802802802,0.7095122070060214
168.1081081081081,0.704521374404738
168.18818818818818,0.699893244182748
168.26826826826826,0.6954959629429562
168.34834834834834,0.6917420819116129
168.42842842842842,0.6878516278095094
168.5085085085085,0.6842642238886951
168.58858858858858,0.6801578861298964
168.66866866866866,0.6766614173109405
168.74874874874874,0.6725292031406741
168.82882882882882,0.6691886769855658
168.9089089089089,0.6654953032587266
168.98898898898898,0.6629977292857367
169.06906906906906,0.6599389845709047
169.14914914914914,0.6576525893654828
169.22922922922922,0.6547330846853308
169.3093093093093,0.6526023012297002
169.38938938938938,0.6500468410764647
169.46946946946946,0.6483294518408895
169.54954954954954,0.6461902259841138
169.62962962962962,0.6448083460099167
169.7097097097097,0.6427013769483095
169.78978978978978,0.6412495038066643
169.86986986986986,0.6392046763573478
169.94994994994994,0.6383011899093795
170.03003003003002,0.637520248667867
170.1101101101101,0.6374516967399148
170.19019019019018,0.6369656644368308
170.27027027027026,0.6367619357603005
170.35035035035034,0.636653761151277
170.43043043043042,0.6367073747651061
170.5105105105105,0.6365742075443125
170.59059059059058,0.6366347578729235
170.67067067067066,0.6368934314626278
170.75075075075074,0.6378280437426961
170.83083083083082,0.6388978142644804
170.9109109109109,0.6400441173848603
170.99099099099098,0.6411473603495987
171.07107107107106,0.6422638542076046
171.15115115115114,0.6437506233976639
171.23123123123122,0.6452586270681193
171.3113113113113,0.6474205812596291
171.39139139139138,0.6495416429261541
171.47147147147146,0.6519587429954142
171.55155155155154,0.6540467442682848
171.63163163163162,0.6563705622709037
171.7117117117117,0.6587677117912267
171.79179179179178,0.6617591174371056
171.87187187187186,0.6649960568375843
171.95195195195194,0.6687412372236157
172.03203203203202,0.6723261649326682
172.11211211211213,0.676098893357206
172.19219219219218,0.679275231584299
172.2722722722723,0.6831468239108377
172.35235235235234,0.6867750478038688
172.43243243243245,0.6914351407080881
172.5125125125125,0.6960283531517737
172.5925925925926,0.7015390074596171
172.67267267267266,0.7067229374503847
172.75275275275277,0.7120950622034672
172.83283283283282,0.7171584861880316
172.91291291291293,0.7226129390462265
172.99299299299298,0.7280931934912556
173.0730730730731,0.7341252623974382
173.15315315315314,0.739854770807159
173.23323323323325,0.7461730300878266
173.3133133133133,0.7524229764862285
173.3933933933934,0.7595694583609331
173.47347347347346,0.7664055391237085
173.55355355355357,0.7733526331025278
173.63363363363362,0.7800792029250957
173.71371371371373,0.7875034150916861
173.79379379379378,0.7951597246036333
173.8738738738739,0.8028403037354548
173.95395395395394,0.8103835998963047
174.03403403403405,0.8182454728259889
174.1141141141141,0.8258433750814819
174.1941941941942,0.8335926416042181
174.27427427427426,0.8411870894588063
174.35435435435437,0.8494817219300822
174.43443443443442,0.8577811976924405
174.51451451451453,0.8661541453246925
174.59459459459458,0.8741970637861947
174.6746746746747,0.8822543794727792
174.75475475475474,0.8902177673982871
174.83483483483485,0.8977885268808058
174.9149149149149,0.9052916111211206
174.994994994995,0.9125728873746959
175.07507507507506,0.9201000664919584
175.15515515515517,0.927266387458804
175.23523523523522,0.9343637355610213
175.31531531531533,0.9412687718136205
175.39539539539538,0.9479810845677941
175.4754754754755,0.9538764604283938
175.55555555555554,0.9589157532937764
175.63563563563565,0.963257898550401
175.7157157157157,0.9675136259652766
175.7957957957958,0.9714564126369225
175.87587587587586,0.9755322350709019
175.95595595595597,0.9789912961045829
176.03603603603602,0.9819052382135153
176.11611611611613,0.9835137961040591
176.19619619619618,0.9843488904761191
176.2762762762763,0.9842816638684521
176.35635635635634,0.9839972373650012
176.43643643643645,0.9829431209516591
176.5165165165165,0.981452392977635
176.5965965965966,0.9791180894177639
176.67667667667666,0.9766391401963903
176.75675675675677,0.9735864702502843
176.83683683683682,0.9699088750886444
176.91691691691693,0.9654487000014078
176.99699699699698,0.9607144093563581
177.0770770770771,0.9554108216488459
177.15715715715714,0.9497515746184103
177.23723723723725,0.943657131857863
177.3173173173173,0.9375642613188895
177.3973973973974,0.9311827538942206
177.47747747747746,0.9244888595271076
177.55755755755757,0.9172822839679817
177.63763763763762,0.9101150811921895
177.71771771771773,0.9027992306238156
177.79779779779778,0.8953253755252056
177.8778778778779,0.8876293550627733
177.95795795795794,0.8798560400447042
178.03803803803805,0.8722658917482689
178.1181181181181,0.8647843947561596
178.1981981981982,0.8574896967076492
178.27827827827826,0.8503127319218494
178.35835835835837,0.843081042722355
178.43843843843842,0.8359682252959805
178.51851851851853,0.8290527835171881
178.59859859859858,0.8223949063257681
178.6786786786787,0.8157147765588854
178.75875875875874,0.8087307640530265
178.83883883883885,0.8018729789248765
178.9189189189189,0.7951458810211014
178.998998998999,0.7887668462434626
179.07907907907907,0.782797143972688
179.15915915915917,0.7770610352775438
179.23923923923923,0.7712362796407535
179.31931931931933,0.7653392575741461
179.39939939939939,0.7598653978726001
179.4794794794795,0.7547645125616375
179.55955955955955,0.7494093955798724
179.63963963963965,0.7437584091411342
179.7197197197197,0.7384603608832492
179.7997997997998,0.7341154916144703
179.87987987987987,0.7300667155201894
179.95995995995997,0.7259222307162227
180.04004004004003,0.7217608848984928
180.12012012012013,0.7176981065817912
180.2002002002002,0.7137040536621407
180.2802802802803,0.7096471816131502
180.36036036036035,0.7057003688850604
180.44044044044045,0.702167489825222
180.5205205205205,0.6989272664837155
180.60060060060061,0.6958541926770276
180.68068068068067,0.6926994730620628
180.76076076076077,0.6897075418227367
180.84084084084083,0.6871049041137581
180.92092092092093,0.6848405488789895
181.001001001001,0.6828246069938443
181.0810810810811,0.6805312426426472
181.16116116116115,0.6781973169511205
181.24124124124126,0.6759607775789926
181.3213213213213,0.6742605672261928
181.40140140140142,0.6727868522794933
181.48148148148147,0.6711118253538324
181.56156156156158,0.6694840651756231
181.64164164164163,0.6680137320886003
181.72172172172174,0.667037324132404
181.8018018018018,0.6663404839723379
181.8818818818819,0.665651467578049
181.96196196196195,0.664928828200464
182.04204204204206,0.6639511328116495
182.1221221221221,0.6633365059220793
182.20220220220222,0.6630768126041591
182.28228228228227,0.6631656063457119
182.36236236236238,0.6631578793712058
182.44244244244243,0.6630649406925074
182.52252252252254,0.6632088457461905
182.6026026026026,0.6636145280566037
182.6826826826827,0.6642035498338094
182.76276276276275,0.6648003185851744
182.84284284284286,0.6656828867482588
182.9229229229229,0.6667873304810343
183.00300300300302,0.6679671377420909
183.08308308308307,0.669416811730391
183.16316316316318,0.6711521528031807
183.24324324324323,0.6732210988596126
183.32332332332334,0.6751760368325357
183.4034034034034,0.6772600498429262
183.4834834834835,0.6797616212197862
183.56356356356355,0.6824305444104376
183.64364364364366,0.6852576734129209
183.7237237237237,0.6877916033632722
183.80380380380382,0.6905954295666333
183.88388388388387,0.6937476495771849
183.96396396396398,0.6971795785091762
184.04404404404403,0.7007287406394018
184.12412412412414,0.7045867982335254
184.2042042042042,0.708953570034996
184.2842842842843,0.713539018517726
184.36436436436435,0.7180401101709075
184.44444444444446,0.722554002632217
184.5245245245245,0.7271072631402443
184.60460460460462,0.7320055012011496
184.68468468468467,0.7369772414452499
184.76476476476478,0.7421403659353056
184.84484484484483,0.7475971915654755
184.92492492492494,0.7533295175519165
185.005005005005,0.7590321272413492
185.0850850850851,0.7648695449817017
185.16516516516515,0.7710451986229117
185.24524524524526,0.7776572735614979
185.3253253253253,0.7844314127323414
185.40540540540542,0.7915255862574073
185.48548548548547,0.7984634381061236
185.56556556556558,0.8053745711448971
185.64564564564563,0.8122556359053652
185.72572572572574,0.819467501008128
185.8058058058058,0.8269906359798678
185.8858858858859,0.8345312243363363
185.96596596596595,0.8421264684901608
186.04604604604606,0.8497428615538805
186.1261261261261,0.8572275072029887
186.20620620620622,0.864516333176081
186.28628628628627,0.871959891615038
186.36636636636638,0.8796907903173958
186.44644644644643,0.8876377499496862
186.52652652652654,0.8955300177360647
186.6066066066066,0.9031970177227091
186.6866866866867,0.9106257027775826
186.76676676676675,0.9176867710745724
186.84684684684686,0.9245991327781158
186.9269269269269,0.9313378241726059
187.00700700700702,0.9377722388521443
187.08708708708707,0.9439576339416049
187.16716716716718,0.9500919220148634
187.24724724724723,0.9559841501800334
187.32732732732734,0.9611692056424469
187.4074074074074,0.9657720168266968
187.4874874874875,0.9697479043734045
187.56756756756755,0.9733134728047635
187.64764764764766,0.9766142966092981
187.7277277277277,0.9798457742783655
187.80780780780782,0.9828668266006503
187.88788788788787,0.9849867344969335
187.96796796796798,0.9860709675695083
188.04804804804803,0.9861673102493913
188.12812812812814,0.9859127883170485
188.2082082082082,0.9855266326995223
188.2882882882883,0.9849262585016914
188.36836836836835,0.9839212583952718
188.44844844844846,0.9821108062679427
188.5285285285285,0.9793787697678097
188.60860860860862,0.975687753200223
188.68868868868867,0.971639129818241
188.76876876876878,0.9674167479723025
188.84884884884883,0.9629702072838738
188.92892892892894,0.9581977085732386
189.009009009009,0.9528865868419594
189.0890890890891,0.9471651539052208
189.16916916916915,0.941181692936071
189.24924924924926,0.9349582895258641
189.3293293293293,0.9287102851786785
189.40940940940942,0.9221757763733308
189.48948948948947,0.9154857336175415
189.56956956956958,0.9089065440306395
189.64964964964963,0.9019982781033465
189.72972972972974,0.8949084317939824
189.8098098098098,0.8876079339963504
189.8898898898899,0.880701151116137
189.96996996996995,0.8739818347059166
190.05005005005006,0.867331335988654
190.1301301301301,0.8605454330451814
190.21021021021022,0.8537817187336125
190.29029029029027,0.8471315573829371
190.37037037037038,0.8404146771506514
190.45045045045043,0.8336333908749887
190.53053053053054,0.8269725626216038
190.6106106106106,0.8203725165842363
190.6906906906907,0.8141738407859299
190.77077077077075,0.8080886254300435
190.85085085085086,0.8023417024248669
190.9309309309309,0.7966312332765612
191.01101101101102,0.7910752976961659
191.09109109109107,0.7854756580161829
191.17117117117118,0.7799607426544143
191.25125125125123,0.7746054857736324
191.33133133133134,0.7697073100131311
191.41141141141142,0.7651274444246031
191.4914914914915,0.7605443559213506
191.57157157157158,0.7557914843841702
191.65165165165166,0.7510819487924415
191.73173173173174,0.7467750300393506
191.81181181181182,0.7427067045906266
191.8918918918919,0.7389890038939688
191.97197197197198,0.7353162941743763
192.05205205205206,0.7319697252695688
192.13213213213214,0.7283471604792653
192.21221221221222,0.7246807704081367
192.2922922922923,0.7209385760321911
192.37237237237238,0.7178568297941971
192.45245245245246,0.7150006227550469
192.53253253253254,0.7123699929671579
192.61261261261262,0.7094310692749733
192.6926926926927,0.7069573932535015
192.77277277277278,0.704267999026072
192.85285285285286,0.7021604900514246
192.93293293293294,0.6999758974243372
193.01301301301302,0.6982999790127692
193.0930930930931,0.6965014938280628
193.17317317317318,0.6948078935617993
193.25325325325326,0.6930879129311708
193.33333333333334,0.6917792709788887
193.41341341341342,0.6905697652373869
193.4934934934935,0.6897601451897137
193.57357357357358,0.6886403413277611
193.65365365365366,0.6876970039892959
193.73373373373374,0.6867153657915435
193.81381381381382,0.6863786267282943
193.8938938938939,0.6860153897006889
193.97397397397398,0.6857252542710653
194.05405405405406,0.6855836268992025
194.13413413413414,0.6858154914789871
194.21421421421422,0.686110895655916
194.2942942942943,0.686400786788639
194.37437437437438,0.6870166481662686
194.45445445445446,0.6878334409368844
194.53453453453454,0.6887118363861136
194.61461461461462,0.6895808382428459
194.6946946946947,0.6910372754600732
194.77477477477478,0.6927525712302591
194.85485485485486,0.6944144397223645
194.93493493493494,0.6954968328108899
195.01501501501502,0.6968985880443713
195.0950950950951,0.6986417213089107
195.17517517517518,0.7010936670921838
195.25525525525526,0.7033788171028859
195.33533533533534,0.7057996289036629
195.41541541541542,0.7081332040418021
195.4954954954955,0.7108361016886653
195.57557557557558,0.7134012436109248
195.65565565565566,0.7161841915038929
195.73573573573574,0.7190004510669986
195.81581581581582,0.7224466585225539
195.8958958958959,0.7260947214655198
195.97597597597598,0.7297979098419228
196.05605605605606,0.7335807159141708
196.13613613613614,0.7371300696227676
196.21621621621622,0.7410945975276504
196.2962962962963,0.7451633864007094
196.37637637637638,0.7497742500397848
196.45645645645646,0.7545480420498933
196.53653653653654,0.7594288416995864
196.61661661661662,0.7644957290731826
196.6966966966967,0.7696829703612785
196.77677677677679,0.7750441605590183
196.85685685685687,0.7805714208696638
196.93693693693695,0.7862205500258689
197.01701701701703,0.7922947880815103
197.0970970970971,0.7983454623024915
197.17717717717719,0.8044571704078493
197.25725725725727,0.810463446833852
197.33733733733735,0.8166947836718683
197.41741741741743,0.823589028545969
197.4974974974975,0.8304991426412044
197.57757757757759,0.8374550034790943
197.65765765765767,0.8439664574409776
197.73773773773775,0.850558543090603
197.81781781781783,0.8574100284245509
197.8978978978979,0.8645993467995563
197.977977977978,0.8719468726151397
198.05805805805807,0.8789944749159723
198.13813813813815,0.8857924318061912
198.21821821821823,0.8929259797416206
198.2982982982983,0.8998653267250153
198.3783783783784,0.9071016121917308
198.45845845845847,0.9138072756980035
198.53853853853855,0.9208900052506687
198.61861861861863,0.9273769843625768
198.6986986986987,0.933831596954001
198.7787787787788,0.9400628318821673
198.85885885885887,0.9460020286605327
198.93893893893895,0.9516519985215097
199.01901901901903,0.9568913924071366
199.0990990990991,0.9617241267443385
199.1791791791792,0.9663662044880972
199.25925925925927,0.9706791604347216
199.33933933933935,0.9747982919637836
199.41941941941943,0.9783262972507082
199.4994994994995,0.9811440903692931
199.5795795795796,0.9833842149893119
199.65965965965967,0.9853416911049059
199.73973973973975,0.9869507146189707
199.81981981981983,0.9879529480324127
199.8998998998999,0.988119908961003
199.97997997998,0.988057110329913
200.06006006006007,0.9877339973019167
200.14014014014015,0.9867193213760349
200.22022022022023,0.9850260097761703
200.3003003003003,0.9829592280180981
200.3803803803804,0.9803126067631298
200.46046046046047,0.9769920273376262
200.54054054054055,0.9731158305989918
200.62062062062063,0.9692743091197177
200.7007007007007,0.9653262233798992
200.7807807807808,0.9608596978196783
200.86086086086087,0.9555990495806966
200.94094094094095,0.9501949225661924
201.02102102102103,0.9448629196327217
201.1011011011011,0.9393087123403079
201.1811811811812,0.9331774742476162
201.26126126126127,0.926648643988971
201.34134134134135,0.9201686762734331
201.42142142142143,0.9137413360160462
201.5015015015015,0.9074392417348972
201.5815815815816,0.9012758426832962
201.66166166166167,0.8949260144466599
201.74174174174175,0.8884660326255608
201.82182182182183,0.8814900289784341
201.9019019019019,0.8748555924266285
201.981981981982,0.8682982643940773
202.06206206206207,0.8626117006240137
202.14214214214215,0.8561433029009107
202.22222222222223,0.8498534156900576
202.3023023023023,0.8427634707917944
202.3823823823824,0.8365318833980802
202.46246246246247,0.8304954961448534
202.54254254254255,0.8247304973994101
202.62262262262263,0.8189908272835388
202.7027027027027,0.8130728489419118
202.7827827827828,0.8073959514707276
202.86286286286287,0.8014490877930925
202.94294294294295,0.7956022998517782
203.02302302302303,0.7901336518724328
203.1031031031031,0.7852112440425647
203.1831831831832,0.7800977257399639
203.26326326326327,0.7750745619690768
203.34334334334335,0.7699132839975711
203.42342342342343,0.7653272193716185
203.5035035035035,0.7611997073246816
203.5835835835836,0.7566378379824729
203.66366366366367,0.7523673608938484
203.74374374374375,0.747769321336661
203.82382382382383,0.7436946269974078
203.9039039039039,0.7396719418597347
203.983983983984,0.7358338532975949
204.06406406406407,0.7325345525527045
204.14414414414415,0.7290616176013777
204.22422422422423,0.7259225748632022
204.3043043043043,0.7228133991056452
204.3843843843844,0.7198721226718923
204.46446446446447,0.7173083060703854
204.54454454454455,0.714662719317082
204.62462462462463,0.7123416980488805
204.7047047047047,0.7099868922797571
204.7847847847848,0.7081627590360123
204.86486486486487,0.7063095380642125
204.94494494494495,0.7045663420499773
205.02502502502503,0.7027910112698953
205.1051051051051,0.7011717067017145
205.1851851851852,0.6998085605754869
205.26526526526527,0.6986424120048472
205.34534534534535,0.6976846088448191
205.42542542542543,0.6968195114657936
205.5055055055055,0.6960548556249841
205.5855855855856,0.6951906441487102
205.66566566566567,0.6947730331358266
205.74574574574575,0.6943594525649918
205.82582582582583,0.6944000703754046
205.9059059059059,0.6939701982008176
205.985985985986,0.6942699806757097
206.06606606606607,0.6938573740432188
206.14614614614615,0.6943312033169076
206.22622622622623,0.6947398630596553
206.3063063063063,0.6965149333472875
206.3863863863864,0.6973179341059408
206.46646646646647,0.6983743631168585
206.54654654654655,0.6986558052329329
206.62662662662663,0.700416033823608
206.7067067067067,0.7014628108715977
206.7867867867868,0.703879197227807
206.86686686686687,0.7050381770466408
206.94694694694695,0.7077743902854121
207.02702702702703,0.7090315309263269
207.1071071071071,0.7117886048009638
207.1871871871872,0.7141854176854847
207.26726726726727,0.7170884838352461
207.34734734734735,0.7195053529761677
207.42742742742743,0.7220362149799354
207.5075075075075,0.7256144434114729
207.5875875875876,0.7290150092848605
207.66766766766767,0.7324453502937329
207.74774774774775,0.7351890066679219
207.82782782782783,0.7389175476272979
207.9079079079079,0.7430211753820082
207.987987987988,0.7476113931621761
208.06806806806807,0.7516347680334067
208.14814814814815,0.7561090319542767
208.22822822822823,0.7605612243947406
208.3083083083083,0.766247488697196
208.3883883883884,0.7703550760673354
208.46846846846847,0.77612209911561
208.54854854854855,0.7797629394652591
208.62862862862863,0.7862727864187062
208.7087087087087,0.7902498277569313
208.7887887887888,0.7967732563697524
208.86886886886887,0.8014919921027671
208.94894894894895,0.8084893016518055
209.02902902902903,0.8134767678483045
209.1091091091091,0.8197788777333341
209.1891891891892,0.8250884923693518
209.26926926926927,0.8328136256708369
209.34934934934935,0.8385038541739418
209.42942942942943,0.8464191522250046
209.5095095095095,0.8518246875041805
209.5895895895896,0.8608292284949647
209.66966966966967,0.865884004933793
209.74974974974975,0.8740193926561985
209.82982982982983,0.8790614655793704
209.9099099099099,0.8884440296749881
209.98998998999,0.89424779642424
210.07007007007007,0.902421703592143
210.15015015015015,0.9078538661671547
210.23023023023023,0.9158695812627887
210.3103103103103,0.9213920920890641
210.3903903903904,0.9283747618640974
210.47047047047047,0.9335547932727674
210.55055055055055,0.9408487552601433
210.63063063063063,0.9463414337038978
210.7107107107107,0.9532482700020564
210.7907907907908,0.9572806276937842
210.87087087087087,0.962989072651271
210.95095095095095,0.9668357458222415
211.03103103103103,0.97203654632238
211.11111111111111,0.9752531109557169
211.1911911911912,0.9791645040947888
211.27127127127127,0.9827131028425318
211.35135135135135,0.9866868377048327
211.43143143143143,0.9892184238658145
211.51151151151151,0.9906468658324011
211.5915915915916,0.991397804099842
211.67167167167167,0.9929781658270712
211.75175175175175,0.9932851407964024
211.83183183183183,0.9931230694833937
211.91191191191191,0.9923518944157439
211.991991991992,0.9911993803918021
212.07207207207207,0.9901434931077062
212.15215215215215,0.9869290597267266
212.23223223223223,0.9843287621275255
212.31231231231232,0.9803916478771575
212.3923923923924,0.9781644983565936
212.47247247247248,0.973629199739819
212.55255255255256,0.9695608894947354
212.63263263263264,0.9643815360720634
212.71271271271272,0.9600630474785057
212.7927927927928,0.9545162103755345
212.87287287287288,0.9486723166675615
212.95295295295296,0.9431935244428071
213.03303303303304,0.9378528248424769
213.11311311311312,0.9321823968509662
213.1931931931932,0.926058010446611
213.27327327327328,0.9196516625707234
213.35335335335336,0.9132173235976568
213.43343343343344,0.9063175854229397
213.51351351351352,0.8995924692731326
213.5935935935936,0.8933120057708273
213.67367367367368,0.887476123564117
213.75375375375376,0.8814388046632886
213.83383383383384,0.8747292633778485
213.91391391391392,0.8679762386660606
213.993993993994,0.8613848254975529
214.07407407407408,0.8549548305338825
214.15415415415416,0.8491207570955321
214.23423423423424,0.8426106442295385
214.31431431431432,0.837227759930774
214.3943943943944,0.831249607065571
214.47447447447448,0.8257768593177198
214.55455455455456,0.8188122648798228
214.63463463463464,0.812343253101503
214.71471471471472,0.8069791704959951
214.7947947947948,0.8019536738205385
214.87487487487488,0.7967640696219318
214.95495495495496,0.7912244979976324
215.03503503503504,0.7861425320743348
215.11511511511512,0.7813250723666076
215.1951951951952,0.7763801754171383
215.27527527527528,0.7711628971908712
215.35535535535536,0.7670352292465512
215.43543543543544,0.7626074359110794
215.51551551551552,0.7589436077147064
215.5955955955956,0.7538716157066953
215.67567567567568,0.7503501342135395
215.75575575575576,0.74571743521542
215.83583583583584,0.7427148798623523
215.91591591591592,0.7385850222440645
215.995995995996,0.7358217149284185
216.07607607607608,0.732125719134458
216.15615615615616,0.7297477510418429
216.23623623623624,0.726325882938211
216.31631631631632,0.7237645400203861
216.3963963963964,0.7202854578184182
216.47647647647648,0.7190499815247263
216.55655655655656,0.7160322856688843
216.63663663663664,0.7143380894047184
216.71671671671672,0.7106313069942741
216.7967967967968,0.7092737423819817
216.87687687687688,0.7068438602533611
216.95695695695696,0.7058822482280974
217.03703703703704,0.7039695424385899
217.11711711711712,0.7034004155477678
217.1971971971972,0.7023435558396045
217.27727727727728,0.7016640651712667
217.35735735735736,0.700750159524295
217.43743743743744,0.7007054490841117
217.51751751751752,0.7000430180063093
217.5975975975976,0.7000951834752859
217.67767767767768,0.6994214061972691
217.75775775775776,0.6997091474807541
217.83783783783784,0.6998802607077235
217.91791791791792,0.700285855350327
217.997997997998,0.7008386369172104
218.07807807807808,0.7016288624301178
218.15815815815816,0.7027254932091248
218.23823823823824,0.7040476935078431
218.31831831831832,0.7049204356418671
218.3983983983984,0.7066482241311874
218.47847847847848,0.7074661550696414
218.55855855855856,0.7091179287468967
218.63863863863864,0.7104699955477024
218.71871871871872,0.7129219967051551
218.7987987987988,0.7153260650941425
218.87887887887888,0.7176413195550156
218.95895895895896,0.7198676320083326
219.03903903903904,0.7222392116563993
219.11911911911912,0.7252770128601412
219.1991991991992,0.7281522795666104
219.27927927927928,0.7312493605828002
219.35935935935936,0.7344488352941592
219.43943943943944,0.7377369828565375
219.51951951951952,0.7407182826010483
219.5995995995996,0.7443124418042698
219.67967967967968,0.7488545517261025
219.75975975975976,0.7536098910319247
219.83983983983984,0.7586168288787203
219.91991991991992,0.7626492325804852
220.0,0.7668283682213297
