freq,trans
140.0,0.26821814592977716
140.08008008008008,0.2711702528607373
140.16016016016016,0.27454240145474557
140.24024024024024,0.28142819760206955
140.32032032032032,0.2887014956125827
140.4004004004004,0.2964768781827057
140.48048048048048,0.30405986892030107
140.56056056056056,0.31100654205698663
140.64064064064064,0.31770768752099254
140.72072072072072,0.32479059052260983
140.8008008008008,0.33279076554904596
140.88088088088088,0.34043360438694126
140.96096096096096,0.34774129003126947
141.04104104104104,0.35491212468606764
141.12112112112112,0.36183930524259283
141.2012012012012,0.36907844911469767
141.28128128128128,0.37493550554563904
141.36136136136136,0.38153171191501417
141.44144144144144,0.387389532854281
141.52152152152152,0.39423981255199914
141.6016016016016,0.3991674571723707
141.68168168168168,0.40444897764907073
141.76176176176176,0.4089003510143749
141.84184184184184,0.4143409116278455
141.92192192192192,0.418900503446527
142.002002002002,0.42360452071205096
142.08208208208208,0.42711134826722436
142.16216216216216,0.43060965295051906
142.24224224224224,0.43320029175169467
142.32232232232232,0.4361932843518069
142.4024024024024,0.4381565611353225
142.48248248248248,0.4402012688683262
142.56256256256256,0.4417922012201976
142.64264264264264,0.4430142944869902
142.72272272272272,0.44381563196506496
142.8028028028028,0.4435516175451619
142.88288288288288,0.4442415093753896
142.96296296296296,0.443611242270929
143.04304304304304,0.443663167055215
143.12312312312312,0.4415306000711355
143.2032032032032,0.44135523318672565
143.28328328328328,0.43937521442376987
143.36336336336336,0.439057565023887
143.44344344344344,0.4354620803416567
143.52352352352352,0.4342743420805336
143.6036036036036,0.4309811520041965
143.68368368368368,0.4300316284808453
143.76376376376376,0.4260492649665115
143.84384384384384,0.42335501012395255
143.92392392392392,0.41924579813625434
144.004004004004,0.4168981218610334
144.08408408408408,0.4129294853695193
144.16416416416416,0.40970426353134737
144.24424424424424,0.40474809980002074
144.32432432432432,0.4008060990354753
144.4044044044044,0.3959068009088773
144.48448448448448,0.3918266982574103
144.56456456456456,0.38713317292589794
144.64464464464464,0.38249683768556103
144.72472472472472,0.37812787463328934
144.8048048048048,0.37324609575132
144.88488488488488,0.36936105709706435
144.96496496496496,0.36441609078510495
145.04504504504504,0.3605057306507868
145.12512512512512,0.3553567620708591
145.2052052052052,0.3512463615282862
145.28528528528528,0.3458611833505453
145.36536536536536,0.3415765825664176
145.44544544544544,0.3365896675846943
145.52552552552552,0.3326257033441905
145.6056056056056,0.3273305810945288
145.68568568568568,0.3233652680879533
145.76576576576576,0.3184106267493729
145.84584584584584,0.31519327866626734
145.92592592592592,0.31016988497426334
146.006006006006,0.30626535763123536
146.08608608608608,0.3011872514479377
146.16616616616616,0.298024613751049
146.24624624624624,0.294200762691082
146.32632632632632,0.2914660918334521
146.4064064064064,0.287555730647168
146.48648648648648,0.2840920360958697
146.56656656656656,0.28019953440583634
146.64664664664664,0.2770566784599509
146.72672672672672,0.2740487822770549
146.8068068068068,0.2712258827696709
146.88688688688688,0.26808187678731304
146.96696696696696,0.26466854436909615
147.04704704704704,0.26144965787219704
147.12712712712712,0.25840652939249437
147.2072072072072,0.25586193061790463
147.28728728728728,0.2533134252380562
147.36736736736736,0.25107742272862243
147.44744744744744,0.2484241580257802
147.52752752752752,0.24622366763042455
147.6076076076076,0.24371158796710782
147.68768768768768,0.24160279799893528
147.76776776776777,0.23905235249595058
147.84784784784785,0.23725996184309653
147.92792792792793,0.23522241796476617
148.008008008008,0.2338660836110074
148.08808808808809,0.23180684771478255
148.16816816816817,0.23061974861101078
148.24824824824825,0.2292745480867681
148.32832832832833,0.22853648952888034
148.4084084084084,0.22728106234760004
148.48848848848849,0.22631431756090833
148.56856856856857,0.22532607244387803
148.64864864864865,0.22480059598706922
148.72872872872873,0.2235927870542088
148.8088088088088,0.22288206159164062
148.88888888888889,0.22221012501299062
148.96896896896897,0.22247318509139466
149.04904904904905,0.22218132138330596
149.12912912912913,0.22259047695352588
149.2092092092092,0.22295215125677534
149.2892892892893,0.2237269808105384
149.36936936936937,0.2238097209831147
149.44944944944945,0.22402351739561607
149.52952952952953,0.22478569926977243
149.6096096096096,0.22613553936812086
149.6896896896897,0.22747324978018804
149.76976976976977,0.22846024758141711
149.84984984984985,0.23012064211881336
149.92992992992993,0.23227020987660096
150.01001001001,0.23487406654983123
150.0900900900901,0.2371948271611412
150.17017017017017,0.2397273065238763
150.25025025025025,0.2422014199767664
150.33033033033033,0.2448825630422068
150.4104104104104,0.24769828482868977
150.4904904904905,0.2511335702388681
150.57057057057057,0.25489731510678004
150.65065065065065,0.2590572886784943
150.73073073073073,0.2630058919362218
150.8108108108108,0.267474278186059
150.8908908908909,0.27192319611781346
150.97097097097097,0.27719220317709553
151.05105105105105,0.2825222712608551
151.13113113113113,0.28808547992376876
151.2112112112112,0.29360160124247725
151.2912912912913,0.299439075115277
151.37137137137137,0.305794028180227
151.45145145145145,0.31195254354792673
151.53153153153153,0.3184203273034184
151.6116116116116,0.32458557257906534
151.6916916916917,0.3316595760030563
151.77177177177177,0.3386692150567685
151.85185185185185,0.3461625986903239
151.93193193193193,0.3533154056528117
152.012012012012,0.36090970794504523
152.0920920920921,0.36835436344977734
152.17217217217217,0.37583748638112074
152.25225225225225,0.38316453321705435
152.33233233233233,0.39095233058333495
152.4124124124124,0.3987976844685669
152.4924924924925,0.4066419165080029
152.57257257257257,0.41363524975037574
152.65265265265265,0.4213371566569821
152.73273273273273,0.4285785365052085
152.8128128128128,0.43648539691371796
152.8928928928929,0.4432479363622869
152.97297297297297,0.45029980740486425
153.05305305305305,0.45673087761660597
153.13313313313313,0.4634515725384344
153.2132132132132,0.4693144277728835
153.2932932932933,0.47557659803384045
153.37337337337337,0.48149032738953035
153.45345345345345,0.4878142244715408
153.53353353353353,0.4931244477318883
153.6136136136136,0.4982374294036568
153.6936936936937,0.5029436835009586
153.77377377377377,0.5075381524803192
153.85385385385385,0.5116583282024383
153.93393393393393,0.5155095411422753
154.014014014014,0.5194332328703005
154.0940940940941,0.5230588264405729
154.17417417417417,0.526964019279311
154.25425425425425,0.5299412953908618
154.33433433433433,0.5329805447275807
154.4144144144144,0.5351920887164939
154.4944944944945,0.537649429438022
154.57457457457457,0.5393918257396202
154.65465465465465,0.541131946696497
154.73473473473473,0.5422436248056131
154.8148148148148,0.5434799555244495
154.8948948948949,0.5443768923679553
154.97497497497497,0.545854839496477
155.05505505505505,0.5470659658701732
155.13513513513513,0.5484635850241565
155.2152152152152,0.5486221612499489
155.2952952952953,0.5488464310623345
155.37537537537537,0.5482739131811177
155.45545545545545,0.5480912340879203
155.53553553553553,0.5471310791493187
155.6156156156156,0.5463216609747781
155.6956956956957,0.5450835722311252
155.77577577577577,0.5440072308285756
155.85585585585585,0.5426372665131678
155.93593593593593,0.5412515964582715
156.016016016016,0.539273583373983
156.0960960960961,0.5370464232354442
156.17617617617617,0.5341262801485879
156.25625625625625,0.5313908231208643
156.33633633633633,0.528077713908708
156.4164164164164,0.5249352361920113
156.4964964964965,0.521409160535108
156.57657657657657,0.5179035365581603
156.65665665665665,0.514421344390767
156.73673673673673,0.5109675280503974
156.8168168168168,0.5074622737508808
156.8968968968969,0.5031757490273415
156.97697697697697,0.4990252501092385
157.05705705705705,0.49393680120465805
157.13713713713713,0.48936080233060886
157.2172172172172,0.4841160088416714
157.2972972972973,0.4797008989551872
157.37737737737737,0.47461766264389893
157.45745745745745,0.46998667526394794
157.53753753753753,0.4648149767938237
157.6176176176176,0.4597095452689735
157.6976976976977,0.45447625062630914
157.77777777777777,0.4495146333578045
157.85785785785785,0.44421718643121033
157.93793793793793,0.43926947338273037
158.018018018018,0.4339158826392951
158.0980980980981,0.42931148576760836
158.17817817817817,0.42397038134564624
158.25825825825825,0.41956991876250854
158.33833833833833,0.41454670057554077
158.4184184184184,0.41001019091492
158.4984984984985,0.40497648100580275
158.57857857857857,0.39986523965980536
158.65865865865865,0.39460530611736544
158.73873873873873,0.3897188698541506
158.8188188188188,0.384969600697886
158.8988988988989,0.3803096795868483
158.97897897897897,0.3754572558551343
159.05905905905905,0.37093504327275684
159.13913913913913,0.36702842250625234
159.2192192192192,0.3632718811463192
159.2992992992993,0.3595359351806876
159.37937937937937,0.35546884832650183
159.45945945945945,0.3517388816103836
159.53953953953953,0.34810150649656163
159.6196196196196,0.3450520742347318
159.6996996996997,0.34192693072086217
159.77977977977977,0.3392107371864389
159.85985985985985,0.336540686628054
159.93993993993993,0.3340884966923384
160.02002002002,0.3314930654387798
160.1001001001001,0.32922656638752884
160.18018018018017,0.32672393572106484
160.26026026026025,0.32474698977839594
160.34034034034033,0.32246094951240006
160.4204204204204,0.3203289794411751
160.5005005005005,0.3181708664162212
160.58058058058057,0.31608155861627135
160.66066066066065,0.31458699163456944
160.74074074074073,0.3130845444634779
160.8208208208208,0.3123190739947845
160.9009009009009,0.31135762666782296
160.98098098098097,0.31084858229640283
161.06106106106105,0.31013959748250675
161.14114114114113,0.309764890089703
161.2212212212212,0.3096834829863785
161.3013013013013,0.30997808773842594
161.38138138138137,0.31053873403041143
161.46146146146145,0.3113355791358488
161.54154154154153,0.31249863525712557
161.6216216216216,0.313875809149617
161.7017017017017,0.3152689064670316
161.78178178178177,0.3167564237666544
161.86186186186185,0.3183777006127344
161.94194194194193,0.32042031147950717
162.022022022022,0.3225021402606519
162.1021021021021,0.32486053983654334
162.18218218218217,0.32730449795571775
162.26226226226225,0.3303890838143276
162.34234234234233,0.3334449889438666
162.42242242242241,0.337013132844456
162.5025025025025,0.3403613948057229
162.58258258258257,0.34417489892249503
162.66266266266265,0.34797351624583917
162.74274274274273,0.3520161659671708
162.82282282282281,0.35665406103676756
162.9029029029029,0.3617412534677766
162.98298298298297,0.367294356363406
163.06306306306305,0.3724229357735168
163.14314314314313,0.3780094205704387
163.22322322322321,0.3837263520721509
163.3033033033033,0.39012700379606
163.38338338338338,0.3965111363561753
163.46346346346346,0.4028635359913242
163.54354354354354,0.4094299815490152
163.62362362362362,0.41619462663564094
163.7037037037037,0.42295396487535725
163.78378378378378,0.4295026223524435
163.86386386386386,0.43622766976620503
163.94394394394394,0.44332550373162727
164.02402402402402,0.45038511084684546
164.1041041041041,0.4574087421715475
164.18418418418418,0.46425232103284153
164.26426426426426,0.47156857315470807
164.34434434434434,0.47865481419160716
164.42442442442442,0.48540287313370734
164.5045045045045,0.49186109187792976
164.58458458458458,0.4982762152235977
164.66466466466466,0.5049218689170496
164.74474474474474,0.5111061817512945
164.82482482482482,0.5172677632822562
164.9049049049049,0.5232377464168748
164.98498498498498,0.5289514979463167
165.06506506506506,0.5341779917408372
165.14514514514514,0.5390291707018531
165.22522522522522,0.5439250143313936
165.3053053053053,0.5485866644409613
165.38538538538538,0.5527149357198244
165.46546546546546,0.5566246564996259
165.54554554554554,0.5605471898492759
165.62562562562562,0.564586300832878
165.7057057057057,0.5680786041267927
165.78578578578578,0.571335372546548
165.86586586586586,0.574605496789337
165.94594594594594,0.5780191771193895
166.02602602602602,0.581102090028927
166.1061061061061,0.5837416271489165
166.18618618618618,0.5861362193197766
166.26626626626626,0.588462854151196
166.34634634634634,0.5908996506546501
166.42642642642642,0.5931043212866676
166.5065065065065,0.59552364969098
166.58658658658658,0.597459096794274
166.66666666666666,0.599524488796883
166.74674674674674,0.6009218231553415
166.82682682682682,0.6025102092649592
166.9069069069069,0.6034411348901959
166.98698698698698,0.6047339705566405
167.06706706706706,0.6054961413770962
167.14714714714714,0.6068979220631755
167.22722722722722,0.6077899570362661
167.3073073073073,0.60921483618895
167.38738738738738,0.6098950300363675
167.46746746746746,0.6109831848119089
167.54754754754754,0.61132565032483
167.62762762762762,0.6120525904889951
167.7077077077077,0.6120910172917599
167.78778778778778,0.6125809811741505
167.86786786786786,0.6127855570888531
167.94794794794794,0.6133974641544288
168.02802802802802,0.613400475105775
168.1081081081081,0.6133273013896198
168.18818818818818,0.6128004502499164
168.26826826826826,0.6125218510950916
168.34834834834834,0.6120100963705093
168.42842842842842,0.6113940203300295
168.5085085085085,0.6103609947924966
168.58858858858858,0.6092132988495018
168.66866866866866,0.6079881308583698
168.74874874874874,0.606752156350531
168.82882882882882,0.6055996185471657
168.9089089089089,0.6041019867781325
168.98898898898898,0.6024423546241388
169.06906906906906,0.6000741742858957
169.14914914914914,0.598011706884221
169.22922922922922,0.5956579221976015
169.3093093093093,0.5936214838049546
169.38938938938938,0.5905709189740946
169.46946946946946,0.5875547146440069
169.54954954954954,0.5841104491434316
169.62962962962962,0.5811598180397117
169.7097097097097,0.5775555243075696
169.78978978978978,0.5740890240277378
169.86986986986986,0.5701094273891942
169.94994994994994,0.5666450115469845
170.03003003003002,0.5624822180165816
170.1101101101101,0.5583225709148729
170.19019019019018,0.5534211379710462
170.27027027027026,0.5490607207077466
170.35035035035034,0.5444448888421428
170.43043043043042,0.5402496897407173
170.5105105105105,0.5354856536692671
170.59059059059058,0.5311602475808543
170.67067067067066,0.5265627318045322
170.75075075075074,0.5223268927566628
170.83083083083082,0.5176549232189283
170.9109109109109,0.512995802380126
170.99099099099098,0.5080339709685143
171.07107107107106,0.5031570857054031
171.15115115115114,0.49827021770953406
171.23123123123122,0.49381316026780525
171.3113113113113,0.48950384902328914
171.39139139139138,0.48530959465900464
171.47147147147146,0.4809326134498557
171.55155155155154,0.47652570487234214
171.63163163163162,0.4722725829678537
171.7117117117117,0.4681061207959813
171.79179179179178,0.46409732174531826
171.87187187187186,0.46009385103503353
171.95195195195194,0.4563862781996881
172.03203203203202,0.45285495474537285
172.11211211211213,0.449437641555053
172.19219219219218,0.44604198141646084
172.2722722722723,0.4428672262721873
172.35235235235234,0.43974042226928883
172.43243243243245,0.4369943717623201
172.5125125125125,0.43401169703538717
172.5925925925926,0.431635739492934
172.67267267267266,0.42919904099108036
172.75275275275277,0.4273145161921158
172.83283283283282,0.42522410055583726
172.91291291291293,0.4236139478425802
172.99299299299298,0.42197414987042015
173.0730730730731,0.4205809997418744
173.15315315315314,0.418984241923541
173.23323323323325,0.41801214704058687
173.3133133133133,0.4176090593067691
173.3933933933934,0.4175054713974956
173.47347347347346,0.41698906923195717
173.55355355355357,0.41701757312668947
173.63363363363362,0.4174376743715043
173.71371371371373,0.41877937557897477
173.79379379379378,0.4200614026637884
173.8738738738739,0.4218514368090562
173.95395395395394,0.4237877706390447
174.03403403403405,0.42590822680810225
174.1141141141141,0.4277375709123441
174.1941941941942,0.4296398548302831
174.27427427427426,0.43196355620773164
174.35435435435437,0.4347430934249728
174.43443443443442,0.4375260156419805
174.51451451451453,0.44053555552321483
174.59459459459458,0.44386000119482494
174.6746746746747,0.44794018497800087
174.75475475475474,0.45210457090088224
174.83483483483485,0.45605756951492066
174.9149149149149,0.459841105000871
174.994994994995,0.46375959381469795
175.07507507507506,0.4682903731433081
175.15515515515517,0.47304187097872574
175.23523523523522,0.4784297152491805
175.31531531531533,0.4839764055030614
175.39539539539538,0.4898363602834496
175.4754754754755,0.49547717399534585
175.55555555555554,0.5011603621429112
175.63563563563565,0.5068866295812304
175.7157157157157,0.512630409645726
175.7957957957958,0.5180931567667363
175.87587587587586,0.523260578555793
175.95595595595597,0.5285510764885192
176.03603603603602,0.5346205034728486
176.11611611611613,0.5406627798526586
176.19619619619618,0.5462616511241281
176.2762762762763,0.551163626310587
176.35635635635634,0.5563536470135866
176.43643643643645,0.5614559056739981
176.5165165165165,0.5662798837653574
176.5965965965966,0.5707487992241669
176.67667667667666,0.5752826997704508
176.75675675675677,0.5798248415557492
176.83683683683682,0.5840135548296486
176.91691691691693,0.587736361761074
176.99699699699698,0.5914082129412875
177.0770770770771,0.5950878182344381
177.15715715715714,0.5987270666951796
177.23723723723725,0.6020179543697664
177.3173173173173,0.6049837821082793
177.3973973973974,0.6077192137411179
177.47747747747746,0.6103187660942281
177.55755755755757,0.6124821048600486
177.63763763763762,0.6143608535136141
177.71771771771773,0.6161496193860254
177.79779779779778,0.618143759630726
177.8778778778779,0.6201668240760096
177.95795795795794,0.6219964471335396
178.03803803803805,0.6236049020452175
178.1181181181181,0.6248634132258049
178.1981981981982,0.6261583262546502
178.27827827827826,0.627258406851388
178.35835835835837,0.6284081307530723
178.43843843843842,0.6296477571831939
178.51851851851853,0.6309597430773166
178.59859859859858,0.6321014664123555
178.6786786786787,0.632976789550526
178.75875875875874,0.6337758241267429
178.83883883883885,0.6347826969646347
178.9189189189189,0.6358123869758687
178.998998998999,0.6366701719071394
179.07907907907907,0.6373841777415037
179.15915915915917,0.6380583091924145
179.23923923923923,0.6387340011178884
179.31931931931933,0.639653620425155
179.39939939939939,0.6407591841687915
179.4794794794795,0.6416641004967201
179.55955955955955,0.6422808661411497
179.63963963963965,0.6430090389079308
179.7197197197197,0.6444332927095087
179.7997997997998,0.6460030630688207
179.87987987987987,0.6471115085204131
179.95995995995997,0.6478636348140918
180.04004004004003,0.6484530150848922
180.12012012012013,0.6493933658292568
180.2002002002002,0.6503609989418461
180.2802802802803,0.651314759314498
180.36036036036035,0.6521419789604501
180.44044044044045,0.6529700356078999
180.5205205205205,0.6540106290689607
180.60060060060061,0.6549139826169561
180.68068068068067,0.65574257418415
180.76076076076077,0.6563118880820175
180.84084084084083,0.6566388753828027
180.92092092092093,0.6570739060702675
181.001001001001,0.6574148121157595
181.0810810810811,0.6576591494064028
181.16116116116115,0.6578814711421791
181.24124124124126,0.6582366458395086
181.3213213213213,0.6587890482284295
181.40140140140142,0.6589939680963134
181.48148148148147,0.6586812312173476
181.56156156156158,0.6580172422265743
181.64164164164163,0.6573973416715315
181.72172172172174,0.6568864252707398
181.8018018018018,0.6563769201754249
181.8818818818819,0.6556514799872046
181.96196196196195,0.6545962312935769
182.04204204204206,0.6532375958799373
182.1221221221221,0.6518533364538053
182.20220220220222,0.6506529783640183
182.28228228228227,0.6493183341467758
182.36236236236238,0.647490252598565
182.44244244244243,0.6454393276705062
182.52252252252254,0.6434536632361694
182.6026026026026,0.6413731531429966
182.6826826826827,0.6390265100966791
182.76276276276275,0.6361911074793427
182.84284284284286,0.6333494868037418
182.9229229229229,0.6306260908039262
183.00300300300302,0.6279954242651429
183.08308308308307,0.625324762375282
183.16316316316318,0.6224224627469229
183.24324324324323,0.6194528794786054
183.32332332332334,0.6160473181143037
183.4034034034034,0.6125451324501185
183.4834834834835,0.6091095802762312
183.56356356356355,0.6059679485059837
183.64364364364366,0.6027829600166792
183.7237237237237,0.5992349880590886
183.80380380380382,0.5957623131051373
183.88388388388387,0.5922405984971473
183.96396396396398,0.5887711574089499
184.04404404404403,0.5851288825842041
184.12412412412414,0.5815709849239119
184.2042042042042,0.5782541930849442
184.2842842842843,0.575106219703896
184.36436436436435,0.5719770219235002
184.44444444444446,0.5688869111942441
184.5245245245245,0.5657650604591931
184.60460460460462,0.5630290368858392
184.68468468468467,0.560353038111601
184.76476476476478,0.5578570858590238
184.84484484484483,0.5552045492018289
184.92492492492494,0.5529112682616343
185.005005005005,0.550846596238593
185.0850850850851,0.5490491951829497
185.16516516516515,0.5472018381011204
185.24524524524526,0.5455428391366147
185.3253253253253,0.5442094830988691
185.40540540540542,0.5435045931360988
185.48548548548547,0.5428628067420335
185.56556556556558,0.5422305973038941
185.64564564564563,0.5416384650819025
185.72572572572574,0.5415261880869338
185.8058058058058,0.5415644486969774
185.8858858858859,0.5416128710778221
185.96596596596595,0.5417993875156083
186.04604604604606,0.5423873581655902
186.1261261261261,0.5435725864276473
186.20620620620622,0.5448267887445831
186.28628628628627,0.5464289191203712
186.36636636636638,0.5481109982649197
186.44644644644643,0.5501994629712409
186.52652652652654,0.5522801892307477
186.6066066066066,0.5545820513268919
186.6866866866867,0.5569797028553243
186.76676676676675,0.5596516862088969
186.84684684684686,0.562467796132374
186.9269269269269,0.565648743106731
187.00700700700702,0.5689726170019067
187.08708708708707,0.5726544580304731
187.16716716716718,0.5764750343865015
187.24724724724723,0.5804076217803401
187.32732732732734,0.5839707264910372
187.4074074074074,0.5873779022682176
187.4874874874875,0.5908655235306002
187.56756756756755,0.594659174694659
187.64764764764766,0.5984524451058828
187.7277277277277,0.6023095915878642
187.80780780780782,0.6062158766551424
187.88788788788787,0.610124334524077
187.96796796796798,0.6136912624656979
188.04804804804803,0.617002348122157
188.12812812812814,0.6203675419061807
188.2082082082082,0.6238997931943666
188.2882882882883,0.6273643854612279
188.36836836836835,0.6305591205004069
188.44844844844846,0.6335274490838606
188.5285285285285,0.6362136592573006
188.60860860860862,0.6384803588340977
188.68868868868867,0.6408572177881384
188.76876876876878,0.6433406985794844
188.84884884884883,0.6459926894009851
188.92892892892894,0.6482241155238309
189.009009009009,0.6498974202166518
189.0890890890891,0.6511130000511527
189.16916916916915,0.6522524533116512
189.24924924924926,0.653425006826111
189.3293293293293,0.6545659695265469
189.40940940940942,0.6553268880770156
189.48948948948947,0.6561460121658376
189.56956956956958,0.6569993704314236
189.64964964964963,0.6579895066923653
189.72972972972974,0.6586010377783702
189.8098098098098,0.6589156596754087
189.8898898898899,0.6589343252997123
189.96996996996995,0.65895794349009
190.05005005005006,0.659110475472294
190.1301301301301,0.6590894969445197
190.21021021021022,0.6591022183858093
190.29029029029027,0.6590839168474855
190.37037037037038,0.6590746285878641
190.45045045045043,0.6591295722257516
190.53053053053054,0.6591889418582645
190.6106106106106,0.6593539263604399
190.6906906906907,0.6594013192874789
190.77077077077075,0.6592330161502303
190.85085085085086,0.6590929245289655
190.9309309309309,0.6590165715489779
191.01101101101102,0.65944006188233
191.09109109109107,0.6598912818185059
191.17117117117118,0.6604597604415348
191.25125125125123,0.6606147820817935
191.33133133133134,0.6608756040684811
191.41141141141142,0.6611914373632973
191.4914914914915,0.661681177638616
191.57157157157158,0.6620138878205936
191.65165165165166,0.6622545671037569
191.73173173173174,0.6625087247164834
191.81181181181182,0.6631333303368278
191.8918918918919,0.6638841197183493
191.97197197197198,0.6648282472017585
192.05205205205206,0.6655602150441167
192.13213213213214,0.6662428331466118
192.21221221221222,0.666935661603138
192.2922922922923,0.6675010477841563
192.37237237237238,0.6680963581532773
192.45245245245246,0.6687532235506807
192.53253253253254,0.6699436216702234
192.61261261261262,0.6709011141370239
192.6926926926927,0.6720073002569054
192.77277277277278,0.6729546999225627
192.85285285285286,0.6743952046413639
192.93293293293294,0.6757831416696451
193.01301301301302,0.6770177918594553
193.0930930930931,0.6780563830262648
193.17317317317318,0.6791133203085309
193.25325325325326,0.6802853007779365
193.33333333333334,0.6815896295384155
193.41341341341342,0.6829251402059285
193.4934934934935,0.6842223956223238
193.57357357357358,0.6853967313761257
193.65365365365366,0.6864367223730213
193.73373373373374,0.6876226245709074
193.81381381381382,0.689035553597984
193.8938938938939,0.6906074352664557
193.97397397397398,0.6920046006878233
194.05405405405406,0.6931373361343248
194.13413413413414,0.6941441521660153
194.21421421421422,0.6953129038077406
194.2942942942943,0.6963755713860007
194.37437437437438,0.6973999011624495
194.45445445445446,0.698158487009054
194.53453453453454,0.6993380574744223
194.61461461461462,0.7004061612969512
194.6946946946947,0.7017384824059686
194.77477477477478,0.7026023002568844
194.85485485485486,0.703303540925239
194.93493493493494,0.7035222820847554
195.01501501501502,0.7038035927239651
195.0950950950951,0.7040157513401081
195.17517517517518,0.7041870456510976
195.25525525525526,0.7039868982127817
195.33533533533534,0.7036087909215267
195.41541541541542,0.7033559591651742
195.4954954954955,0.7029324939503487
195.57557557557558,0.7022521752064593
195.65565565565566,0.7012930350231402
195.73573573573574,0.7004392533502664
195.81581581581582,0.6995005270273248
195.8958958958959,0.6986161983353663
195.97597597597598,0.6972830751522474
196.05605605605606,0.6962511312085825
196.13613613613614,0.6950600808053611
196.21621621621622,0.6940165173018177
196.2962962962963,0.6927117628462649
196.37637637637638,0.6914788922161638
196.45645645645646,0.6900732253242998
196.53653653653654,0.6887375953650533
196.61661661661662,0.6871698978254647
196.6966966966967,0.685876203925409
196.77677677677679,0.6842007159690854
196.85685685685687,0.6827805697531812
196.93693693693695,0.6812133484893688
197.01701701701703,0.6798630345356855
197.0970970970971,0.6782895007186558
197.17717717717719,0.6771168868370174
197.25725725725727,0.6760903192132509
197.33733733733735,0.675226686776864
197.41741741741743,0.6742404853885974
197.4974974974975,0.6732023704373098
197.57757757757759,0.6721158213946431
197.65765765765767,0.6713062806632268
197.73773773773775,0.6708067328669968
197.81781781781783,0.6708215623423901
197.8978978978979,0.6707343780162358
197.977977977978,0.6708818545599469
198.05805805805807,0.6709955454087845
198.13813813813815,0.6711386846136521
198.21821821821823,0.6713203462601862
198.2982982982983,0.6711938371612135
198.3783783783784,0.6716941557848868
198.45845845845847,0.6723348165365649
198.53853853853855,0.6737663236928461
198.61861861861863,0.6750090958380406
198.6986986986987,0.6763387399852501
198.7787787787788,0.677640521929365
198.85885885885887,0.6789427724365374
198.93893893893895,0.6804210332267084
199.01901901901903,0.6818190321932209
199.0990990990991,0.6834653661422422
199.1791791791792,0.68508903003904
199.25925925925927,0.6868821733861645
199.33933933933935,0.6883811564516625
199.41941941941943,0.6898055463482556
199.4994994994995,0.6915175644802647
199.5795795795796,0.6934269796126772
199.65965965965967,0.6955093439804021
199.73973973973975,0.6972745755470973
199.81981981981983,0.6988337310489342
199.8998998998999,0.7000516634799412
199.97997997998,0.7011747165456679
200.06006006006007,0.7026182396653936
200.14014014014015,0.7040556105972234
200.22022022022023,0.705502924900372
200.3003003003003,0.7061612594020085
200.3803803803804,0.7070056892891994
200.46046046046047,0.7078136637300438
200.54054054054055,0.7087371054051027
200.62062062062063,0.7091502519528288
200.7007007007007,0.7096045525867875
200.7807807807808,0.7094007811059565
200.86086086086087,0.7089818800915512
200.94094094094095,0.7084627223593941
201.02102102102103,0.7083522947655722
201.1011011011011,0.7083000582560441
201.1811811811812,0.7076908191693562
201.26126126126127,0.7067500922628719
201.34134134134135,0.7056589044048414
201.42142142142143,0.7045939158604975
201.5015015015015,0.7035517092137766
201.5815815815816,0.7024697916661236
201.66166166166167,0.7016828772302048
201.74174174174175,0.700865922809919
201.82182182182183,0.6998081904731525
201.9019019019019,0.6985251725832604
201.981981981982,0.6971840912569763
202.06206206206207,0.6965451292212379
202.14214214214215,0.6953645807825342
202.22222222222223,0.6944360728103293
202.3023023023023,0.6927362888173034
202.3823823823824,0.6913158042087961
202.46246246246247,0.6899569937737974
202.54254254254255,0.6887607799977353
202.62262262262263,0.6878959897714251
202.7027027027027,0.6867101944343004
202.7827827827828,0.6851718759440192
202.86286286286287,0.6836954821186819
202.94294294294295,0.682231937363632
203.02302302302303,0.6814122815965898
203.1031031031031,0.6806322977852517
203.1831831831832,0.6799488759060544
203.26326326326327,0.6788990746449609
203.34334334334335,0.6775539974461211
203.42342342342343,0.6765949845643002
203.5035035035035,0.6758735617629419
203.5835835835836,0.6749629173535078
203.66366366366367,0.6746346379115569
203.74374374374375,0.6740946121006638
203.82382382382383,0.6739322147823871
203.9039039039039,0.6733276023781052
203.983983983984,0.6729881889489888
204.06406406406407,0.6729411390684137
204.14414414414415,0.6728305279758714
204.22422422422423,0.6728223666540203
204.3043043043043,0.6725609427933453
204.3843843843844,0.672907532580345
204.46446446446447,0.6732641317408888
204.54454454454455,0.6736016974991478
204.62462462462463,0.6741477312352053
204.7047047047047,0.6748912664377076
204.7847847847848,0.676025964578486
204.86486486486487,0.6763774763117606
204.94494494494495,0.6771005400175635
205.02502502502503,0.677876077575855
205.1051051051051,0.6788336649610833
205.1851851851852,0.6800338604179238
205.26526526526527,0.6808686169099177
205.34534534534535,0.682565367992287
205.42542542542543,0.6833845420487197
205.5055055055055,0.6851094483866766
205.5855855855856,0.6862827830643353
205.66566566566567,0.6884322530636351
205.74574574574575,0.6895434238562586
205.82582582582583,0.6913557828180947
205.9059059059059,0.6925028938689941
205.985985985986,0.6948014349101993
206.06606606606607,0.6959177232654272
206.14614614614615,0.6985099469066526
206.22622622622623,0.7000447132045834
206.3063063063063,0.7031606204282479
206.3863863863864,0.7043613555118445
206.46646646646647,0.7067856728380232
206.54654654654655,0.7082918951157263
206.62662662662663,0.711074297526744
206.7067067067067,0.7126019102059344
206.7867867867868,0.7150357744417332
206.86686686686687,0.7164957409240333
206.94694694694695,0.7192095120528599
207.02702702702703,0.7207275790059434
207.1071071071071,0.7240204642610452
207.1871871871872,0.7263129386827984
207.26726726726727,0.7291926556775077
207.34734734734735,0.7307387076898327
207.42742742742743,0.7333211644724849
207.5075075075075,0.7356340714039931
207.5875875875876,0.738339507319333
207.66766766766767,0.7399006049244427
207.74774774774775,0.7418803572721215
207.82782782782783,0.7441036192539512
207.9079079079079,0.7465596511267882
207.987987987988,0.7488210614030826
208.06806806806807,0.7508510325617748
208.14814814814815,0.7533250781513314
208.22822822822823,0.7549631953294372
208.3083083083083,0.7570268301542066
208.3883883883884,0.758039909353652
208.46846846846847,0.7604721917827358
208.54854854854855,0.7617242984648058
208.62862862862863,0.7637825996370379
208.7087087087087,0.7643627927188041
208.7887887887888,0.7659586471142825
208.86886886886887,0.7671249925865573
208.94894894894895,0.7687334610152339
209.02902902902903,0.7694409158390657
209.1091091091091,0.7707306908288689
209.1891891891892,0.7716111995027598
209.26926926926927,0.773435880828847
209.34934934934935,0.7739670790336802
209.42942942942943,0.7760699025816333
209.5095095095095,0.776532052545143
209.5895895895896,0.7783960349141993
209.66966966966967,0.777742269334266
209.74974974974975,0.7792805515549617
209.82982982982983,0.7791689859566951
209.9099099099099,0.7813820572872909
209.98998998999,0.7811018906035118
210.07007007007007,0.7829375432526103
210.15015015015015,0.7831490666251087
210.23023023023023,0.7850041585377475
210.3103103103103,0.7849634606282777
210.3903903903904,0.7858279407662742
210.47047047047047,0.7856191347575359
210.55055055055055,0.7870312266110095
210.63063063063063,0.7874749058510155
210.7107107107107,0.7886904332863289
210.7907907907908,0.7884142081067121
210.87087087087087,0.7897525813288544
210.95095095095095,0.7896559589941476
211.03103103103103,0.7910536327006679
211.11111111111111,0.7911049560653088
211.1911911911912,0.792478302524121
211.27127127127127,0.7927130046331857
211.35135135135135,0.7931610570753674
211.43143143143143,0.7930249962637144
211.51151151151151,0.7931486816680814
211.5915915915916,0.7933920015972271
211.67167167167167,0.7936259941298579
211.75175175175175,0.7935132445878091
211.83183183183183,0.7931545286361349
211.91191191191191,0.7930211852666995
211.991991991992,0.7924676325661622
212.07207207207207,0.7922185350845659
212.15215215215215,0.7910932739437485
212.23223223223223,0.7906318921600783
212.31231231231232,0.7892695528737486
212.3923923923924,0.7884746945475346
212.47247247247248,0.786417345122519
212.55255255255256,0.7851545182367339
212.63263263263264,0.7830928328870679
212.71271271271272,0.781949512729736
212.7927927927928,0.77962367089834
212.87287287287288,0.7779806076898832
212.95295295295296,0.7758239622255391
213.03303303303304,0.7741642432104731
213.11311311311312,0.7717876572720979
213.1931931931932,0.7693591392020466
213.27327327327328,0.7664398147479518
213.35335335335336,0.763725842415256
213.43343343343344,0.7601684949829669
213.51351351351352,0.7571108621664157
213.5935935935936,0.7542298963097654
213.67367367367368,0.7524519471188958
213.75375375375376,0.7499456189128009
213.83383383383384,0.7463337191389185
213.91391391391392,0.7428926522938978
213.993993993994,0.7399634693679512
214.07407407407408,0.7379020414743573
214.15415415415416,0.7351141493652587
214.23423423423424,0.7322717354640482
214.31431431431432,0.7299080024812001
214.3943943943944,0.7272280154757508
214.47447447447448,0.7243480038633212
214.55455455455456,0.7207819162180227
214.63463463463464,0.7181558076355453
214.71471471471472,0.7159063696815727
214.7947947947948,0.7133865854886058
214.87487487487488,0.7109123578854996
214.95495495495496,0.7080390247014187
215.03503503503504,0.7061436303949852
215.11511511511512,0.7037776134689713
215.1951951951952,0.7018516157762378
215.27527527527528,0.6993631484560243
215.35535535535536,0.6975659005807873
215.43543543543544,0.6956215655800894
215.51551551551552,0.6939136727414862
215.5955955955956,0.6917257833953384
215.67567567567568,0.6895212563363139
215.75575575575576,0.6872322088346117
215.83583583583584,0.6857934639772765
215.91591591591592,0.6841291558676874
215.995995995996,0.6831432618628814
216.07607607607608,0.6814444295836857
216.15615615615616,0.6806818994944096
216.23623623623624,0.6788302053880102
216.31631631631632,0.6779859608210254
216.3963963963964,0.6767265646779804
216.47647647647648,0.6766764677767201
216.55655655655656,0.6753609186629546
216.63663663663664,0.6748047228429247
216.71671671671672,0.6734744472033721
216.7967967967968,0.673901126335108
216.87687687687688,0.6733298495493828
216.95695695695696,0.6738456018359749
217.03703703703704,0.6734236885175559
217.11711711711712,0.6741988216076666
217.1971971971972,0.6743031126797023
217.27727727727728,0.6747751805072348
217.35735735735736,0.6745398428624386
217.43743743743744,0.6755873768628042
217.51751751751752,0.6760517727729051
217.5975975975976,0.6775081947289631
217.67767767767768,0.6776422519370643
217.75775775775776,0.6794636505276495
217.83783783783784,0.6801591550369749
217.91791791791792,0.6817228646201225
217.997997997998,0.682724860455194
218.07807807807808,0.6843209233879538
218.15815815815816,0.6863690342201455
218.23823823823824,0.6882527456391501
218.31831831831832,0.6902901734157867
218.3983983983984,0.691765627315435
218.47847847847848,0.6935252332815097
218.55855855855856,0.6958148934070382
218.63863863863864,0.6979624613540008
218.71871871871872,0.7004466120440256
218.7987987987988,0.7022304848733324
218.87887887887888,0.7055603952720872
218.95895895895896,0.7083411746684922
219.03903903903904,0.7113800625036539
219.11911911911912,0.7137214524885525
219.1991991991992,0.7157164447863743
219.27927927927928,0.7190147353735488
219.35935935935936,0.7221610148978425
219.43943943943944,0.7263742328528998
219.51951951951952,0.7296321677565819
219.5995995995996,0.7327880973815989
219.67967967967968,0.7358499045470563
219.75975975975976,0.7385913465449004
219.83983983983984,0.7416665943037792
219.91991991991992,0.745699100652875
220.0,0.7496019665522978
