freq,trans_dB
140.0,-2.583219358234656
140.08008008008008,-2.55127035476672
140.16016016016016,-2.518000232263849
140.24024024024024,-2.4520671969034997
140.32032032032032,-2.391072487896526
140.4004004004004,-2.310870945942365
140.48048048048048,-2.245155139329368
140.56056056056056,-2.1754482796262695
140.64064064064064,-2.115081589002182
140.72072072072072,-2.049194149808872
140.8008008008008,-1.9736227186211162
140.88088088088088,-1.909868379819195
140.96096096096096,-1.837275965966878
141.04104104104104,-1.778046049923676
141.12112112112112,-1.7104123946483765
141.2012012012012,-1.6430814734025307
141.28128128128128,-1.5721268151941086
141.36136136136136,-1.505289573704331
141.44144144144144,-1.4322021626084267
141.52152152152152,-1.3639823400957989
141.6016016016016,-1.2913557450802513
141.68168168168168,-1.2385186049472399
141.76176176176176,-1.168442868701302
141.84184184184184,-1.1133121093753415
141.92192192192192,-1.0373458629046708
142.002002002002,-0.9835409694170282
142.08208208208208,-0.9132800369378542
142.16216216216216,-0.8614711514740628
142.24224224224224,-0.7981297464666035
142.32232232232232,-0.7522294527215123
142.4024024024024,-0.6936773821491161
142.48248248248248,-0.6528104803285639
142.56256256256256,-0.5992016630480844
142.64264264264264,-0.5700965154562067
142.72272272272272,-0.5222805402110761
142.8028028028028,-0.5002796398984591
142.88288288288288,-0.44831555250527244
142.96296296296296,-0.4264523338076195
143.04304304304304,-0.386485925852077
143.12312312312312,-0.38367471533483016
143.2032032032032,-0.3532876098233206
143.28328328328328,-0.34922923695245567
143.36336336336336,-0.32412254888598874
143.44344344344344,-0.3330220133655827
143.52352352352352,-0.32394759054752575
143.6036036036036,-0.33277416107049523
143.68368368368368,-0.329330618920638
143.76376376376376,-0.35164310002916505
143.84384384384384,-0.3707726104890733
143.92392392392392,-0.39877075038327986
144.004004004004,-0.41631936523813656
144.08408408408408,-0.4424668742187275
144.16416416416416,-0.4721964263944972
144.24424424424424,-0.5035414873017043
144.32432432432432,-0.5454559586755464
144.4044044044044,-0.5822440026158244
144.48448448448448,-0.6365539808769327
144.56456456456456,-0.6778581658866483
144.64464464464464,-0.737214758161676
144.72472472472472,-0.7844343128510506
144.8048048048048,-0.857732564663756
144.88488488488488,-0.9049050613636368
144.96496496496496,-0.9766162585201683
145.04504504504504,-1.0199896163874063
145.12512512512512,-1.0963608552169637
145.2052052052052,-1.146372978363185
145.28528528528528,-1.2258023452187958
145.36536536536536,-1.283831437952709
145.44544544544544,-1.3627127582379999
145.52552552552552,-1.422191796020782
145.6056056056056,-1.501815671511645
145.68568568568568,-1.5663282702072328
145.76576576576576,-1.6483600794748179
145.84584584584584,-1.7103359826000153
145.92592592592592,-1.7871157521776746
146.006006006006,-1.8495055944397711
146.08608608608608,-1.9211736246119917
146.16616616616616,-1.9801061208629225
146.24624624624624,-2.0481390955409458
146.32632632632632,-2.112197860274888
146.4064064064064,-2.1846263288610284
146.48648648648648,-2.253380314137769
146.56656656656656,-2.328157564501621
146.64664664664664,-2.3948016256338716
146.72672672672672,-2.460871340888431
146.8068068068068,-2.524715682738887
146.88688688688688,-2.586106967271958
146.96696696696696,-2.6486341975468446
147.04704704704704,-2.705831167048144
147.12712712712712,-2.76538694367977
147.2072072072072,-2.818746774415388
147.28728728728728,-2.8736113934353846
147.36736736736736,-2.922642872950044
147.44744744744744,-2.9782787403899538
147.52752752752752,-3.030473088002193
147.6076076076076,-3.086048743241057
147.68768768768768,-3.1276755555650664
147.76776776776777,-3.1819189592105537
147.84784784784785,-3.222603073411069
147.92792792792793,-3.27682827638868
148.008008008008,-3.31048591452006
148.08808808808809,-3.3532046918486946
148.16816816816817,-3.3809778164893785
148.24824824824825,-3.418243534810916
148.32832832832833,-3.4503645879158156
148.4084084084084,-3.4887384686438043
148.48848848848849,-3.522969108354568
148.56856856856857,-3.5570287914381864
148.64864864864865,-3.5831884969614105
148.72872872872873,-3.6146236457525993
148.8088088088088,-3.6430462924238176
148.88888888888889,-3.672691881357593
148.96896896896897,-3.6932054299953503
149.04904904904905,-3.7079084807727565
149.12912912912913,-3.7221063137807953
149.2092092092092,-3.7316770870062346
149.2892892892893,-3.7514336251981106
149.36936936936937,-3.763197047381426
149.44944944944945,-3.7842785703580097
149.52952952952953,-3.7958112631489844
149.6096096096096,-3.8048459240166213
149.6896896896897,-3.8114863602391362
149.76976976976977,-3.8208745708318137
149.84984984984985,-3.83160876535422
149.92992992992993,-3.835325544939266
150.01001001001,-3.828185847595857
150.0900900900901,-3.8206540976672287
150.17017017017017,-3.8092587535700444
150.25025025025025,-3.8084216924289214
150.33033033033033,-3.803199556941001
150.4104104104104,-3.796071691571995
150.4904904904905,-3.7848767800661074
150.57057057057057,-3.7739934436491205
150.65065065065065,-3.7627260564464207
150.73073073073073,-3.753151634849592
150.8108108108108,-3.7375139926473677
150.8908908908909,-3.723317939580316
150.97097097097097,-3.699252476644513
151.05105105105105,-3.6750821956022817
151.13113113113113,-3.64504706798155
151.2112112112112,-3.6210448218262834
151.2912912912913,-3.592050574641654
151.37137137137137,-3.5660447072073347
151.45145145145145,-3.534920512384427
151.53153153153153,-3.504424665268334
151.6116116116116,-3.4708500626639314
151.6916916916917,-3.4411192405584297
151.77177177177177,-3.4070739678125914
151.85185185185185,-3.3681503080030075
151.93193193193193,-3.3233186099196796
152.012012012012,-3.2742883034867605
152.0920920920921,-3.2313265723422333
152.17217217217217,-3.1846195125303014
152.25225225225225,-3.145972111921654
152.33233233233233,-3.0948088966625362
152.4124124124124,-3.047327570771322
152.4924924924925,-2.9925552830818516
152.57257257257257,-2.9431376785584544
152.65265265265265,-2.890810696455505
152.73273273273273,-2.843988026922319
152.8128128128128,-2.7899639507018583
152.8928928928929,-2.740056754423616
152.97297297297297,-2.6728280024483553
153.05305305305305,-2.60904670677798
153.13313313313313,-2.5361164021411975
153.2132132132132,-2.4808007008086745
153.2932932932933,-2.4199808104411695
153.37337337337337,-2.36698037264354
153.45345345345345,-2.298095684715544
153.53353353353353,-2.236550593732066
153.6136136136136,-2.1659843610767413
153.6936936936937,-2.103736757098047
153.77377377377377,-2.032940076367404
153.85385385385385,-1.9657798098969668
153.93393393393393,-1.8957551666894454
154.014014014014,-1.8272369209501391
154.0940940940941,-1.756909360500446
154.17417417417417,-1.6897160828858326
154.25425425425425,-1.6242914812227662
154.33433433433433,-1.560084344991796
154.4144144144144,-1.4940067819382854
154.4944944944945,-1.42740359626701
154.57457457457457,-1.3618340095217754
154.65465465465465,-1.2980966842998207
154.73473473473473,-1.236020113064226
154.8148148148148,-1.1715169852417628
154.8948948948949,-1.1087980006337117
154.97497497497497,-1.0440946877372381
155.05505505505505,-0.9848197602326331
155.13513513513513,-0.9273711254967273
155.2152152152152,-0.8760970846126689
155.2952952952953,-0.8229509873492131
155.37537537537537,-0.7729104830461575
155.45545545545545,-0.7196931382416433
155.53553553553553,-0.6691396815323559
155.6156156156156,-0.6208657168898633
155.6956956956957,-0.580400946819749
155.77577577577577,-0.5412726035097772
155.85585585585585,-0.5107228812889144
155.93593593593593,-0.4746996954652708
156.016016016016,-0.44405046051708186
156.0960960960961,-0.41289435664000396
156.17617617617617,-0.3943188732054418
156.25625625625625,-0.37524448631862184
156.33633633633633,-0.36144296505362494
156.4164164164164,-0.34654584835333097
156.4964964964965,-0.3412027401154629
156.57657657657657,-0.33718720985527806
156.65665665665665,-0.34105477260467065
156.73673673673673,-0.3404148737486252
156.8168168168168,-0.34755719956993375
156.8968968968969,-0.35576348385356843
156.97697697697697,-0.37304535257684623
157.05705705705705,-0.39126492027508863
157.13713713713713,-0.41880827669642046
157.2172172172172,-0.44738139995269866
157.2972972972973,-0.48329356090328546
157.37737737737737,-0.5145750816838656
157.45745745745745,-0.5578977248271468
157.53753753753753,-0.5971856690130433
157.6176176176176,-0.6467243533812096
157.6976976976977,-0.6889327131566076
157.77777777777777,-0.7409269992672622
157.85785785785785,-0.7911916635838362
157.93793793793793,-0.8492153548018151
158.018018018018,-0.904103906031657
158.0980980980981,-0.9627066647284448
158.17817817817817,-1.0202983588584238
158.25825825825825,-1.0812994147578834
158.33833833833833,-1.1463329992270197
158.4184184184184,-1.2116987626318243
158.4984984984985,-1.2797966683683266
158.57857857857857,-1.344288516498201
158.65865865865865,-1.4132461086781052
158.73873873873873,-1.4753065173767765
158.8188188188188,-1.5449828279240554
158.8988988988989,-1.6136010678887036
158.97897897897897,-1.6866956967216582
159.05905905905905,-1.754033706762995
159.13913913913913,-1.822458664403426
159.2192192192192,-1.8905912065976824
159.2992992992993,-1.9605271535319917
159.37937937937937,-2.024093960343452
159.45945945945945,-2.0850810025933524
159.53953953953953,-2.144975311928442
159.6196196196196,-2.210069332576246
159.6996996996997,-2.274038484500691
159.77977977977977,-2.337040674527299
159.85985985985985,-2.4003269031946344
159.93993993993993,-2.4617972498009766
160.02002002002,-2.5237119790968325
160.1001001001001,-2.5794832800756815
160.18018018018017,-2.6386003148069355
160.26026026026025,-2.6909924405955743
160.34034034034033,-2.7455472085501227
160.4204204204204,-2.796779718840555
160.5005005005005,-2.8495429481116874
160.58058058058057,-2.901120356503733
160.66066066066065,-2.9549957513555523
160.74074074074073,-3.006743561072065
160.8208208208208,-3.0615010500563478
160.9009009009009,-3.1039035134247857
160.98098098098097,-3.143431104495601
161.06106106106105,-3.1772027144440855
161.14114114114113,-3.2148344083889997
161.2212212212212,-3.2525689581142716
161.3013013013013,-3.290374913463755
161.38138138138137,-3.3306504826755625
161.46146146146145,-3.366717156071337
161.54154154154153,-3.3991126232738007
161.6216216216216,-3.428444032494859
161.7017017017017,-3.457888037387764
161.78178178178177,-3.4893582900432705
161.86186186186185,-3.514037895663072
161.94194194194193,-3.541753847354778
162.022022022022,-3.5619042360097364
162.1021021021021,-3.5855352820807576
162.18218218218217,-3.603792811135002
162.26226226226225,-3.6247779118669756
162.34234234234233,-3.6457799437838787
162.42242242242241,-3.662986652359739
162.5025025025025,-3.6761586286591883
162.58258258258257,-3.687227350693394
162.66266266266265,-3.6978696999307594
162.74274274274273,-3.7103539071925473
162.82282282282281,-3.7177925144647794
162.9029029029029,-3.719961308367059
162.98298298298297,-3.7169648479865733
163.06306306306305,-3.7114131906377197
163.14314314314313,-3.706367052152477
163.22322322322321,-3.6967623133056984
163.3033033033033,-3.691149543013465
163.38338338338338,-3.6842992441393805
163.46346346346346,-3.6824629183673014
163.54354354354354,-3.6737201781075437
163.62362362362362,-3.670981918603573
163.7037037037037,-3.6579251395307697
163.78378378378378,-3.6484470650983765
163.86386386386386,-3.6235889176300953
163.94394394394394,-3.6056937543190144
164.02402402402402,-3.5804543830748323
164.1041041041041,-3.5628169247976533
164.18418418418418,-3.536747682520568
164.26426426426426,-3.5190669179094467
164.34434434434434,-3.4889317502371733
164.42442442442442,-3.4664315580519807
164.5045045045045,-3.431756683977128
164.58458458458458,-3.4043639535071812
164.66466466466466,-3.365096495195446
164.74474474474474,-3.3346164651539425
164.82482482482482,-3.293085017844494
164.9049049049049,-3.253565538210714
164.98498498498498,-3.210052440092966
165.06506506506506,-3.1752022529517934
165.14514514514514,-3.1342456437868846
165.22522522522522,-3.091525447219592
165.3053053053053,-3.0411650373785406
165.38538538538538,-3.0038727560217295
165.46546546546546,-2.9573561778628275
165.54554554554554,-2.912871097022912
165.62562562562562,-2.8549963740361646
165.7057057057057,-2.8051133035348483
165.78578578578578,-2.756254711108027
165.86586586586586,-2.7034090178278483
165.94594594594594,-2.651831977720368
166.02602602602602,-2.5984470046054726
166.1061061061061,-2.5454572314211243
166.18618618618618,-2.4850382236435706
166.26626626626626,-2.422589090572556
166.34634634634634,-2.3624419829661534
166.42642642642642,-2.3032133583641086
166.5065065065065,-2.2394173013771335
166.58658658658658,-2.177619044014448
166.66666666666666,-2.110444544420484
166.74674674674674,-2.0512642205910576
166.82682682682682,-1.9788995726372944
166.9069069069069,-1.9193124648191293
166.98698698698698,-1.8506834769019576
167.06706706706706,-1.7952801505332063
167.14714714714714,-1.7253950158191822
167.22722722722722,-1.6676650355681535
167.3073073073073,-1.599565974770922
167.38738738738738,-1.5389901358250437
167.46746746746746,-1.463601062382812
167.54754754754754,-1.4014573974706201
167.62762762762762,-1.3315917192721582
167.7077077077077,-1.2773647114953177
167.78778778778778,-1.2107413226911918
167.86786786786786,-1.1541378695843063
167.94794794794794,-1.0870478326104989
168.02802802802802,-1.0323929763220228
168.1081081081081,-0.9699035493302357
168.18818818818818,-0.9156953477018872
168.26826826826826,-0.8514264269675362
168.34834834834834,-0.7976701948888046
168.42842842842842,-0.7424183481713009
168.5085085085085,-0.7001200009743608
168.58858858858858,-0.6540846578265794
168.66866866866866,-0.6154879775984766
168.74874874874874,-0.5729704347307498
168.82882882882882,-0.5328577503121688
168.9089089089089,-0.48916503208120377
168.98898898898898,-0.45081314189326055
169.06906906906906,-0.42100565828021286
169.14914914914914,-0.3960520510312296
169.22922922922922,-0.3755282818324719
169.3093093093093,-0.3535657476909795
169.38938938938938,-0.340717273966846
169.46946946946946,-0.32812739129919033
169.54954954954954,-0.32053308721907425
169.62962962962962,-0.3084588933624958
169.7097097097097,-0.3079820288621156
169.78978978978978,-0.3070204322594549
169.86986986986986,-0.3155058296817696
169.94994994994994,-0.32031073671039356
170.03003003003002,-0.3377104173573688
170.1101101101101,-0.35433538558688765
170.19019019019018,-0.37908494904472334
170.27027027027026,-0.40045148091909655
170.35035035035034,-0.431226789977443
170.43043043043042,-0.4610998235182045
170.5105105105105,-0.5008954854870525
170.59059059059058,-0.5373741772747459
170.67067067067066,-0.580941769839939
170.75075075075074,-0.6238246497311012
170.83083083083082,-0.672472521363914
170.9109109109109,-0.7238743370047928
170.99099099099098,-0.7783215374434115
171.07107107107106,-0.8298007162411953
171.15115115115114,-0.8820940304237239
171.23123123123122,-0.9376312714193122
171.3113113113113,-0.9974337366737728
171.39139139139138,-1.0577298003357847
171.47147147147146,-1.1187589716692057
171.55155155155154,-1.1818977572708538
171.63163163163162,-1.2484653073465954
171.7117117117117,-1.3142957075048922
171.79179179179178,-1.3795629718094464
171.87187187187186,-1.4454775806465356
171.95195195195194,-1.5095654062977355
172.03203203203202,-1.5711162253751283
172.11211211211213,-1.6302411981350844
172.19219219219218,-1.6964768558986922
172.2722722722723,-1.7625855226921938
172.35235235235234,-1.8301129638749845
172.43243243243245,-1.8933559930804507
172.5125125125125,-1.961254571769781
172.5925925925926,-2.0258637263674153
172.67267267267266,-2.086966421145632
172.75275275275277,-2.1454577612028864
172.83283283283282,-2.205513124210781
172.91291291291293,-2.2661247637603417
172.99299299299298,-2.3257638471279485
173.0730730730731,-2.384292810704862
173.15315315315314,-2.443724469135102
173.23323323323325,-2.501172754072424
173.3133133133133,-2.556833199478487
173.3933933933934,-2.6109314251569997
173.47347347347346,-2.6653448268358075
173.55355355355357,-2.717530128361993
173.63363363363362,-2.7662866936676513
173.71371371371373,-2.811981664852062
173.79379379379378,-2.8567638579446544
173.8738738738739,-2.9022786467315242
173.95395395395394,-2.9456774229023415
174.03403403403405,-2.987267432522164
174.1141141141141,-3.032246563900632
174.1941941941942,-3.079705940198902
174.27427427427426,-3.1233246955263474
174.35435435435437,-3.1590968349991555
174.43443443443442,-3.1918065105863938
174.51451451451453,-3.2235090295901956
174.59459459459458,-3.254406891454577
174.6746746746747,-3.282412172725875
174.75475475475474,-3.3114090020372138
174.83483483483485,-3.341065239448596
174.9149149149149,-3.370926844745714
174.994994994995,-3.3965170853725373
175.07507507507506,-3.4201864782767113
175.15515515515517,-3.443941412445565
175.23523523523522,-3.463757331821164
175.31531531531533,-3.479482983994676
175.39539539539538,-3.4906071804799326
175.4754754754755,-3.5043077413273163
175.55555555555554,-3.5174933387427108
175.63563563563565,-3.5321845971293993
175.7157157157157,-3.543391459933267
175.7957957957958,-3.5533651710327123
175.87587587587586,-3.5616149186105774
175.95595595595597,-3.5669671126664992
176.03603603603602,-3.5684626879873833
176.11611611611613,-3.5691689086454166
176.19619619619618,-3.5681653184551836
176.2762762762763,-3.563419980888953
176.35635635635634,-3.5536220325532573
176.43643643643645,-3.544999739707052
176.5165165165165,-3.5412783940215244
176.5965965965966,-3.54276753140291
176.67667667667666,-3.5384312396969353
176.75675675675677,-3.527797394410942
176.83683683683682,-3.514915646448221
176.91691691691693,-3.5022720995469747
176.99699699699698,-3.485542767492997
177.0770770770771,-3.4628491976122024
177.15715715715714,-3.438198976597804
177.23723723723725,-3.4131134487552455
177.3173173173173,-3.389465342984121
177.3973973973974,-3.3677042476416963
177.47747747747746,-3.3453501467750475
177.55755755755757,-3.323902333041498
177.63763763763762,-3.3001163842897854
177.71771771771773,-3.272409891570176
177.79779779779778,-3.2405945132661036
177.8778778778779,-3.2079658935419557
177.95795795795794,-3.17406292705856
178.03803803803805,-3.1363505893510046
178.1181181181181,-3.0974627305936466
178.1981981981982,-3.0577517716595377
178.27827827827826,-3.0189459941581207
178.35835835835837,-2.978925846442615
178.43843843843842,-2.935983941058931
178.51851851851853,-2.8916869763454383
178.59859859859858,-2.8481817117520882
178.6786786786787,-2.8060744718225954
178.75875875875874,-2.761818956084693
178.83883883883885,-2.71399590354614
178.9189189189189,-2.660524413438813
178.998998998999,-2.604325288501687
179.07907907907907,-2.548558232733365
179.15915915915917,-2.4956745354866805
179.23923923923923,-2.4439799877616633
179.31931931931933,-2.3889877898590455
179.39939939939939,-2.329953928480482
179.4794794794795,-2.268454870777538
179.55955955955955,-2.2103595486821286
179.63963963963965,-2.157040889499434
179.7197197197197,-2.102501004572469
179.7997997997998,-2.0419177504854282
179.87987987987987,-1.9774184708915585
179.95995995995997,-1.9120507831248885
180.04004004004003,-1.8491567792733283
180.12012012012013,-1.7870481481437492
180.2002002002002,-1.7264298037146557
180.2802802802803,-1.6642556572995522
180.36036036036035,-1.601313786933276
180.44044044044045,-1.53779623218854
180.5205205205205,-1.4767815560632227
180.60060060060061,-1.4166071325186398
180.68068068068067,-1.3534416237099627
180.76076076076077,-1.2882890458857819
180.84084084084083,-1.2232332933122732
180.92092092092093,-1.1596296650936102
181.001001001001,-1.0994378784178274
181.0810810810811,-1.040982474142447
181.16116116116115,-0.9842694423008235
181.24124124124126,-0.9266191279951754
181.3213213213213,-0.8703942645653622
181.40140140140142,-0.8156774363940239
181.48148148148147,-0.7645434185143697
181.56156156156158,-0.7156188975539579
181.64164164164163,-0.6691287348796858
181.72172172172174,-0.6252819205256513
181.8018018018018,-0.5829259322586234
181.8818818818819,-0.5428300350620695
181.96196196196195,-0.5044449063215625
182.04204204204206,-0.4702782370583024
182.1221221221221,-0.4384810074380996
182.20220220220222,-0.4085316895380419
182.28228228228227,-0.38221617523780216
182.36236236236238,-0.3617187607838498
182.44244244244243,-0.3461565431402701
182.52252252252254,-0.3326073887395958
182.6026026026026,-0.3199554015442633
182.6826826826827,-0.31153854761340416
182.76276276276275,-0.3078828415020176
182.84284284284286,-0.30911069187058954
182.9229229229229,-0.31285615163993363
183.00300300300302,-0.32124181118549844
183.08308308308307,-0.3332999375504737
183.16316316316318,-0.34858178444089105
183.24324324324323,-0.36543866860325697
183.32332332332334,-0.38688066509507013
183.4034034034034,-0.41282546651758895
183.4834834834835,-0.4433301323483703
183.56356356356355,-0.47570182750588447
183.64364364364366,-0.5110960616203093
183.7237237237237,-0.5496905209575985
183.80380380380382,-0.5905435243325295
183.88388388388387,-0.6318718270293545
183.96396396396398,-0.6760209578894936
184.04404404404403,-0.7230973569973789
184.12412412412414,-0.7744207388479238
184.2042042042042,-0.8275470005653285
184.2842842842843,-0.8831532781558871
184.36436436436435,-0.9404590660183927
184.44444444444446,-0.9970543469784229
184.5245245245245,-1.0551050898434873
184.60460460460462,-1.1117676514644472
184.68468468468467,-1.171395528180628
184.76476476476478,-1.2325886712051373
184.84484484484483,-1.2975237465614278
184.92492492492494,-1.361277012527889
185.005005005005,-1.4237447241141128
185.0850850850851,-1.4863562995912092
185.16516516516515,-1.55092669685773
185.24524524524526,-1.6174233469616244
185.3253253253253,-1.683211466745913
185.40540540540542,-1.7435357485789231
185.48548548548547,-1.8034657101681233
185.56556556556558,-1.8632378945655073
185.64564564564563,-1.9244973089449673
185.72572572572574,-1.9853399825906155
185.8058058058058,-2.0457655630374427
185.8858858858859,-2.1062079866569308
185.96596596596595,-2.1669249890452584
186.04604604604606,-2.2280521440139975
186.1261261261261,-2.2848403293392714
186.20620620620622,-2.341362627794842
186.28628628628627,-2.394517606912353
186.36636636636638,-2.4462565321945786
186.44644644644643,-2.4949010105935088
186.52652652652654,-2.5456716315304053
186.6066066066066,-2.598692396081819
186.6866866866867,-2.6496420847128763
186.76676676676675,-2.6990918714398533
186.84684684684686,-2.7453403794720046
186.9269269269269,-2.786922208050545
187.00700700700702,-2.831328699472186
187.08708708708707,-2.8783935697075465
187.16716716716718,-2.923862089220182
187.24724724724723,-2.961237535705914
187.32732732732734,-2.9931787134254133
187.4074074074074,-3.0261438754532826
187.4874874874875,-3.060997307961499
187.56756756756755,-3.097710869386994
187.64764764764766,-3.1314155261252807
187.7277277277277,-3.164792439353404
187.80780780780782,-3.1942300112474276
187.88788788788787,-3.222209923804673
187.96796796796798,-3.2473829471469036
188.04804804804803,-3.2723981789072885
188.12812812812814,-3.2957189571652727
188.2082082082082,-3.317968347863947
188.2882882882883,-3.3371319655083638
188.36836836836835,-3.3585889150563397
188.44844844844846,-3.37504125652219
188.5285285285285,-3.3927895391222886
188.60860860860862,-3.4059996645652015
188.68868868868867,-3.4179683636748783
188.76876876876878,-3.4289020742028717
188.84884884884883,-3.4350301606327576
188.92892892892894,-3.4432252065493754
189.009009009009,-3.4515456434457126
189.0890890890891,-3.462264579898541
189.16916916916915,-3.4713003942887006
189.24924924924926,-3.4753679912109052
189.3293293293293,-3.47519776151988
189.40940940940942,-3.4691003462524814
189.48948948948947,-3.4640294880479043
189.56956956956958,-3.459341034339747
189.64964964964963,-3.452896245051613
189.72972972972974,-3.447828888260765
189.8098098098098,-3.4370077699867485
189.8898898898899,-3.426256735336119
189.96996996996995,-3.4136672850265577
190.05005005005006,-3.4047368519375834
190.1301301301301,-3.3955334916475195
190.21021021021022,-3.380565947962569
190.29029029029027,-3.3617897205081966
190.37037037037038,-3.3389073724121334
190.45045045045043,-3.3161337478161963
190.53053053053054,-3.295220643085783
190.6106106106106,-3.2726332613310607
190.6906906906907,-3.2517127538577335
190.77077077077075,-3.226674511965886
190.85085085085086,-3.200754059356852
190.9309309309309,-3.1697289282170966
191.01101101101102,-3.136616209546665
191.09109109109107,-3.1048660299583037
191.17117117117118,-3.073644467805202
191.25125125125123,-3.045905776817047
191.33133133133134,-3.0097277879962103
191.41141141141142,-2.9704621638618143
191.4914914914915,-2.929697747998821
191.57157157157158,-2.890181434779638
191.65165165165166,-2.8488092463943437
191.73173173173174,-2.8035546171569874
191.81181181181182,-2.7531204442178736
191.8918918918919,-2.7031973479869467
191.97197197197198,-2.653646320215441
192.05205205205206,-2.6102331677324275
192.13213213213214,-2.5647206874503428
192.21221221221222,-2.517224790143772
192.2922922922923,-2.4591437904488997
192.37237237237238,-2.402379893457745
192.45245245245246,-2.344308958924801
192.53253253253254,-2.295512627372651
192.61261261261262,-2.2419157961734437
192.6926926926927,-2.188341226038314
192.77277277277278,-2.1292411760814263
192.85285285285286,-2.0700375630064975
192.93293293293294,-2.0090641240018217
193.01301301301302,-1.947817747535277
193.0930930930931,-1.8841326063466821
193.17317317317318,-1.820811376357772
193.25325325325326,-1.7575004731212454
193.33333333333334,-1.697432811169473
193.41341341341342,-1.6363717150205879
193.4934934934935,-1.5749318970019415
193.57357357357358,-1.5112488807849407
193.65365365365366,-1.4487534298235742
193.73373373373374,-1.3869484239999652
193.81381381381382,-1.3256287155484678
193.8938938938939,-1.2661322811531195
193.97397397397398,-1.2075712514304555
194.05405405405406,-1.1459018505873502
194.13413413413414,-1.085017400709069
194.21421421421422,-1.0255728424297084
194.2942942942943,-0.9729048345791645
194.37437437437438,-0.9190256989475338
194.45445445445446,-0.8659116702932003
194.53453453453454,-0.8132715729814984
194.61461461461462,-0.7649575702862623
194.6946946946947,-0.7182947706740229
194.77477477477478,-0.6734797310455394
194.85485485485486,-0.6314372853215312
194.93493493493494,-0.5921313503412545
195.01501501501502,-0.5541577121752012
195.0950950950951,-0.5170358544382119
195.17517517517518,-0.48409962328315254
195.25525525525526,-0.4559907598142526
195.33533533533534,-0.4304122859974621
195.41541541541542,-0.4067297110660312
195.4954954954955,-0.38596565997611415
195.57557557557558,-0.3691749453089793
195.65565565565566,-0.35639713217401076
195.73573573573574,-0.34599228487535
195.81581581581582,-0.3387521560745814
195.8958958958959,-0.33307897830061134
195.97597597597598,-0.3327561825190248
196.05605605605606,-0.33419671449677196
196.13613613613614,-0.3420142245085862
196.21621621621622,-0.3508744089867735
196.2962962962963,-0.3672552279386778
196.37637637637638,-0.38376800970240277
196.45645645645646,-0.4102319085695458
196.53653653653654,-0.43331498642409527
196.61661661661662,-0.4638683841185312
196.6966966966967,-0.49193568399449683
196.77677677677679,-0.5274685964397026
196.85685685685687,-0.5617504920036598
196.93693693693695,-0.6025891030488392
197.01701701701703,-0.6434775243874385
197.0970970970971,-0.6895627180428582
197.17717717717719,-0.7359110113408351
197.25725725725727,-0.786708184058765
197.33733733733735,-0.8362310191877369
197.41741741741743,-0.8869201165751381
197.4974974974975,-0.9392333456547455
197.57757757757759,-0.9928162710809915
197.65765765765767,-1.0477246722847828
197.73773773773775,-1.1038318167812913
197.81781781781783,-1.1611883757687478
197.8978978978979,-1.218821996045532
197.977977977978,-1.2794892662126571
198.05805805805807,-1.3436761935146344
198.13813813813815,-1.407471628286452
198.21821821821823,-1.4681877128911665
198.2982982982983,-1.5211708120558924
198.3783783783784,-1.5800858186920401
198.45845845845847,-1.6380462378417655
198.53853853853855,-1.7024931481888521
198.61861861861863,-1.7637007883125362
198.6986986986987,-1.8221863054521417
198.7787787787788,-1.8795465873421706
198.85885885885887,-1.935398304410407
198.93893893893895,-1.9988431804329179
199.01901901901903,-2.0605988180584087
199.0990990990991,-2.115009172123501
199.1791791791792,-2.167574648678971
199.25925925925927,-2.2206459075506624
199.33933933933935,-2.2799043282902107
199.41941941941943,-2.3306023844337895
199.4994994994995,-2.382312865322933
199.5795795795796,-2.430883950572499
199.65965965965967,-2.484579180314722
199.73973973973975,-2.5313996899279982
199.81981981981983,-2.579592821060362
199.8998998998999,-2.625382935997411
199.97997997998,-2.67681739938974
200.06006006006007,-2.718514426829709
200.14014014014015,-2.7608963348233364
200.22022022022023,-2.8012579136262046
200.3003003003003,-2.848695031285748
200.3803803803804,-2.8930383344930313
200.46046046046047,-2.9326045089759507
200.54054054054055,-2.9646381796737664
200.62062062062063,-2.9941445423357735
200.7007007007007,-3.0248917137430813
200.7807807807808,-3.061423762168864
200.86086086086087,-3.094209736913521
200.94094094094095,-3.12512933248534
201.02102102102103,-3.15087646899352
201.1011011011011,-3.180090028112578
201.1811811811812,-3.2067232944840307
201.26126126126127,-3.2343114285849337
201.34134134134135,-3.2567986563189333
201.42142142142143,-3.2816690663582753
201.5015015015015,-3.3014068343922194
201.5815815815816,-3.319994144599685
201.66166166166167,-3.333844913294868
201.74174174174175,-3.3525919928425445
201.82182182182183,-3.3739917967816493
201.9019019019019,-3.3885296206860773
201.981981981982,-3.3969049696274562
202.06206206206207,-3.4034523793130336
202.14214214214215,-3.417921904920333
202.22222222222223,-3.423893457371259
202.3023023023023,-3.4349238658548953
202.3823823823824,-3.429813208923465
202.46246246246247,-3.43345981337899
202.54254254254255,-3.4263844654112456
202.62262262262263,-3.428067717267697
202.7027027027027,-3.4291842338276557
202.7827827827828,-3.432103298410418
202.86286286286287,-3.4290932617284446
202.94294294294295,-3.4260487548425953
203.02302302302303,-3.416287834856892
203.1031031031031,-3.40735340600811
203.1831831831832,-3.39204232740298
203.26326326326327,-3.377618584180924
203.34334334334335,-3.360706732823889
203.42342342342343,-3.342594665666352
203.5035035035035,-3.3253243187852775
203.5835835835836,-3.3069725789348414
203.66366366366367,-3.2830946705054753
203.74374374374375,-3.2638121224123338
203.82382382382383,-3.2358861573908975
203.9039039039039,-3.2145243353760886
203.983983983984,-3.178506869901527
204.06406406406407,-3.151749498858158
204.14414414414415,-3.1178207464850938
204.22422422422423,-3.0889589312091505
204.3043043043043,-3.0512474328748755
204.3843843843844,-3.0184183444595867
204.46446446446447,-2.98116525163919
204.54454454454455,-2.9514088983078195
204.62462462462463,-2.9058881229162674
204.7047047047047,-2.8613302693545326
204.7847847847848,-2.811331330521485
204.86486486486487,-2.7725334626006664
204.94494494494495,-2.7303049310634995
205.02502502502503,-2.690823105664342
205.1051051051051,-2.6432597666986024
205.1851851851852,-2.596360555079933
205.26526526526527,-2.5474611461679273
205.34534534534535,-2.496416332054915
205.42542542542543,-2.4471967670540917
205.5055055055055,-2.3918429813141375
205.5855855855856,-2.338899183336644
205.66566566566567,-2.280710052469554
205.74574574574575,-2.2319635447209407
205.82582582582583,-2.1717096605428585
205.9059059059059,-2.1205320072425216
205.985985985986,-2.0572545677923997
206.06606606606607,-2.0056413110455127
206.14614614614615,-1.9404933843968146
206.22622622622623,-1.88568855894793
206.3063063063063,-1.81661050422233
206.3863863863864,-1.7611636440185081
206.46646646646647,-1.6875965119616103
206.54654654654655,-1.6320439239861666
206.62662662662663,-1.56225487532694
206.7067067067067,-1.5142506160657623
206.7867867867868,-1.4483006919183103
206.86686686686687,-1.3961318241864114
206.94694694694695,-1.3319910954100231
207.02702702702703,-1.2763764467494847
207.1071071071071,-1.2056405095871654
207.1871871871872,-1.1532046565844736
207.26726726726727,-1.096033019013136
207.34734734734735,-1.0468645056654073
207.42742742742743,-0.9797295954783207
207.5075075075075,-0.9278907882278264
207.5875875875876,-0.8739274843765359
207.66766766766767,-0.8321366608856594
207.74774774774775,-0.7787644957489716
207.82782782782783,-0.7352443647748074
207.9079079079079,-0.6898343374826623
207.987987987988,-0.6516536332883095
208.06806806806807,-0.6070108239789538
208.14814814814815,-0.5645111188235625
208.22822822822823,-0.5274540584911845
208.3083083083083,-0.49460004995073675
208.3883883883884,-0.46189368865070884
208.46846846846847,-0.4345558969810857
208.54854854854855,-0.41374421013480456
208.62862862862863,-0.39870197611849195
208.7087087087087,-0.3833523708821126
208.7887887887888,-0.36514943302387354
208.86886886886887,-0.35569420298331733
208.94894894894895,-0.34896723224822485
209.02902902902903,-0.3546766514200706
209.1091091091091,-0.35052527817469614
209.1891891891892,-0.3546341754697275
209.26926926926927,-0.3522282080887872
209.34934934934935,-0.3663771741684018
209.42942942942943,-0.37547348259243934
209.5095095095095,-0.3986454845099664
209.5895895895896,-0.41420233119749483
209.66966966966967,-0.4443096605503428
209.74974974974975,-0.46863892806078494
209.82982982982983,-0.5019688942497186
209.9099099099099,-0.5286887693077332
209.98998998999,-0.564974390457966
210.07007007007007,-0.5958011443243475
210.15015015015015,-0.6358724938810734
210.23023023023023,-0.6738957783921168
210.3103103103103,-0.7230652377374694
210.3903903903904,-0.7725591792058397
210.47047047047047,-0.8224998784103109
210.55055055055055,-0.8696877447146572
210.63063063063063,-0.9192341730832545
210.7107107107107,-0.9735065099451461
210.7907907907908,-1.0266449640081006
210.87087087087087,-1.081928904896201
210.95095095095095,-1.1394744124789729
211.03103103103103,-1.2010261610009982
211.11111111111111,-1.2543093431540915
211.1911911911912,-1.3055153833053854
211.27127127127127,-1.3523770296837707
211.35135135135135,-1.415096846745668
211.43143143143143,-1.4775898991065186
211.51151151151151,-1.5453256984952894
211.5915915915916,-1.5998637979038128
211.67167167167167,-1.6665401262724358
211.75175175175175,-1.7209619840852604
211.83183183183183,-1.7854268062109304
211.91191191191191,-1.8327374616738314
211.991991991992,-1.9030104665565386
212.07207207207207,-1.95462591951484
212.15215215215215,-2.0233954713178117
212.23223223223223,-2.068661024527226
212.31231231231232,-2.134060506932989
212.3923923923924,-2.1841334759351514
212.47247247247248,-2.247726083813608
212.55255255255256,-2.291383860268899
212.63263263263264,-2.3495415739069654
212.71271271271272,-2.39290164949767
212.7927927927928,-2.459979126011722
212.87287287287288,-2.502770883029988
212.95295295295296,-2.5578770718658204
213.03303303303304,-2.58736143892876
213.11311311311312,-2.6388689038032105
213.1931931931932,-2.6838042319978572
213.27327327327328,-2.738154709106686
213.35335335335336,-2.784733239775083
213.43343343343344,-2.8318710346983478
213.51351351351352,-2.875154543756403
213.5935935935936,-2.913005483263053
213.67367367367368,-2.9433081467316278
213.75375375375376,-2.9821145448423096
213.83383383383384,-3.0186436315022593
213.91391391391392,-3.05348012502755
213.993993993994,-3.0841330763738233
214.07407407407408,-3.1106992880631013
214.15415415415416,-3.1535276353666966
214.23423423423424,-3.1811117543009444
214.31431431431432,-3.2102898934784405
214.3943943943944,-3.2355229081827166
214.47447447447448,-3.262054781097921
214.55455455455456,-3.2924758012546818
214.63463463463464,-3.313415596546437
214.71471471471472,-3.332629657779202
214.7947947947948,-3.3485703138439495
214.87487487487488,-3.3582748455952287
214.95495495495496,-3.379232082928565
215.03503503503504,-3.3870003885059115
215.11511511511512,-3.409712073898033
215.1951951951952,-3.4159988244810915
215.27527527527528,-3.4309448012034047
215.35535535535536,-3.4369054425139187
215.43543543543544,-3.450684695848194
215.51551551551552,-3.454393690305701
215.5955955955956,-3.458796789283689
215.67567567567568,-3.4471827701193267
215.75575575575576,-3.448356566594144
215.83583583583584,-3.436267374155274
215.91591591591592,-3.44647736855518
215.995995995996,-3.4313296478954634
216.07607607607608,-3.423233499737823
216.15615615615616,-3.3993282224728136
216.23623623623624,-3.3921919339318802
216.31631631631632,-3.3831966147236145
216.3963963963964,-3.3752883528027104
216.47647647647648,-3.357091259665655
216.55655655655656,-3.3398894384999176
216.63663663663664,-3.315552289313425
216.71671671671672,-3.302279145166291
216.7967967967968,-3.2723869169125543
216.87687687687688,-3.252661056237489
216.95695695695696,-3.2197882480487126
217.03703703703704,-3.1976208628035367
217.11711711711712,-3.1647531048739435
217.1971971971972,-3.136114130433663
217.27727727727728,-3.1031229679086354
217.35735735735736,-3.0777151446547326
217.43743743743744,-3.0405240126697097
217.51751751751752,-3.005006185951135
217.5975975975976,-2.962769507569526
217.67767767767768,-2.940089688763555
217.75775775775776,-2.8988307754123386
217.83783783783784,-2.862293611072489
217.91791791791792,-2.804677855361898
217.997997997998,-2.7645326356479445
218.07807807807808,-2.7112478815517007
218.15815815815816,-2.668215895867249
218.23823823823824,-2.6197820255898017
218.31831831831832,-2.572105010927021
218.3983983983984,-2.5210177515249432
218.47847847847848,-2.4695900952033036
218.55855855855856,-2.415975944017594
218.63863863863864,-2.369490219184949
218.71871871871872,-2.3102137161461296
218.7987987987988,-2.2592296222816013
218.87887887887888,-2.1919988289799233
218.95895895895896,-2.138238239103847
219.03903903903904,-2.079994372381603
219.11911911911912,-2.031098343166492
219.1991991991992,-1.9649686006608895
219.27927927927928,-1.8974660695421086
219.35935935935936,-1.8308798537984021
219.43943943943944,-1.7823481368223169
219.51951951951952,-1.7345693050684057
219.5995995995996,-1.6816878686085306
219.67967967967968,-1.6132598074108415
219.75975975975976,-1.543888243933479
219.83983983983984,-1.475972127402379
219.91991991991992,-1.414794835104627
220.0,-1.3579009337421428
