freq,trans
140.0,0.9162906207500151
140.08008008008008,0.924934569768026
140.16016016016016,0.9302617179017826
140.24024024024024,0.9432237168864952
140.32032032032032,0.9524637734464454
140.4004004004004,0.9655426646688272
140.48048048048048,0.9741850304701895
140.56056056056056,0.9830043108349557
140.64064064064064,0.9854499684577529
140.72072072072072,0.9886076627121028
140.8008008008008,0.9914256961015447
140.88088088088088,0.9945823430517812
140.96096096096096,0.9959553559261615
141.04104104104104,0.994715475949108
141.12112112112112,0.9911618632626362
141.2012012012012,0.9872510812792801
141.28128128128128,0.9802063739891875
141.36136136136136,0.9716741438864154
141.44144144144144,0.9626260544372082
141.52152152152152,0.9536113589306442
141.6016016016016,0.943412570194743
141.68168168168168,0.9308289202882309
141.76176176176176,0.9179832923286121
141.84184184184184,0.9046042826952291
141.92192192192192,0.8909358495843523
142.002002002002,0.8748126212566222
142.08208208208208,0.8587822356910556
142.16216216216216,0.8429822298925808
142.24224224224224,0.8281282524973815
142.32232232232232,0.8122313282199136
142.4024024024024,0.7955736687460445
142.48248248248248,0.778444806743614
142.56256256256256,0.7625924860524126
142.64264264264264,0.7452320980064847
142.72272272272272,0.7295111399170651
142.8028028028028,0.7127119994342868
142.88288288288288,0.6998735189018299
142.96296296296296,0.6849995219354518
143.04304304304304,0.6713161251662367
143.12312312312312,0.6550295470568063
143.2032032032032,0.6422803737554955
143.28328328328328,0.6280581884812078
143.36336336336336,0.6162228833223318
143.44344344344344,0.6019787835595107
143.52352352352352,0.5914103145131763
143.6036036036036,0.578781459830554
143.68368368368368,0.5688225597188996
143.76376376376376,0.5555894301216091
143.84384384384384,0.545266452670689
143.92392392392392,0.5337947605664939
144.004004004004,0.5248001369197454
144.08408408408408,0.5155351915194145
144.16416416416416,0.5073794890145955
144.24424424424424,0.4998605663592752
144.32432432432432,0.4920459571205139
144.4044044044044,0.48478125679726913
144.48448448448448,0.4767775907841724
144.56456456456456,0.4697685014230929
144.64464464464464,0.4629376121218229
144.72472472472472,0.45655849323216147
144.8048048048048,0.4494942005562724
144.88488488488488,0.44452502765962554
144.96496496496496,0.43930589713815343
145.04504504504504,0.4361058892867482
145.12512512512512,0.43035838113157837
145.2052052052052,0.4266632300339287
145.28528528528528,0.4212929828888884
145.36536536536536,0.4186095303362038
145.44544544544544,0.41440051051232346
145.52552552552552,0.4114025345556571
145.6056056056056,0.40718061176462184
145.68568568568568,0.40492205046486435
145.76576576576576,0.4016484816688542
145.84584584584584,0.3997022483710392
145.92592592592592,0.3972300351139362
146.006006006006,0.3962525339026552
146.08608608608608,0.3947318037262379
146.16616616616616,0.39358971497223166
146.24624624624624,0.3924540190763205
146.32632632632632,0.3917743983730821
146.4064064064064,0.39061084539646324
146.48648648648648,0.3892259592467989
146.56656656656656,0.3879285194186813
146.64664664664664,0.3882803199647576
146.72672672672672,0.3889235844626532
146.8068068068068,0.38893638399665564
146.88688688688688,0.3888420149726986
146.96696696696696,0.38874208227425594
147.04704704704704,0.3903013928274837
147.12712712712712,0.3914249152648339
147.2072072072072,0.3930129615326834
147.28728728728728,0.3945406126292739
147.36736736736736,0.3967370585373486
147.44744744744744,0.3986251344985435
147.52752752752752,0.400260886903308
147.6076076076076,0.4022953566558746
147.68768768768768,0.4056912770175291
147.76776776776777,0.4079746142985554
147.84784784784785,0.41122125101310175
147.92792792792793,0.4131366100967386
148.008008008008,0.41779039939582885
148.08808808808809,0.4218980480155218
148.16816816816817,0.42721178341273575
148.24824824824825,0.4310861660557359
148.32832832832833,0.43524781965223275
148.4084084084084,0.43976101855219457
148.48848848848849,0.4451132252593094
148.56856856856857,0.4511066791828952
148.64864864864865,0.45669697995205755
148.72872872872873,0.46153137773719216
148.8088088088088,0.466894821225769
148.88888888888889,0.4730453552447263
148.96896896896897,0.4810428404211576
149.04904904904905,0.48903911656840815
149.12912912912913,0.497135348874169
149.2092092092092,0.5052045389155515
149.2892892892893,0.5125186130325988
149.36936936936937,0.5209001231591419
149.44944944944945,0.5288607723690225
149.52952952952953,0.5387658570808291
149.6096096096096,0.5486910164451538
149.6896896896897,0.5585481107308387
149.76976976976977,0.5682524380422184
149.84984984984985,0.5782112102512698
149.92992992992993,0.5894873050300746
150.01001001001,0.601482741599647
150.0900900900901,0.614259821788975
150.17017017017017,0.6269777313034676
150.25025025025025,0.6388998738413569
150.33033033033033,0.652078623387882
150.4104104104104,0.665282052093931
150.4904904904905,0.6792522128956046
150.57057057057057,0.6924130423753947
150.65065065065065,0.7053178285307302
150.73073073073073,0.7185748363976538
150.8108108108108,0.7328629933651604
150.8908908908909,0.7484315700525622
150.97097097097097,0.7641583776001618
151.05105105105105,0.7798472951800808
151.13113113113113,0.7949663110319479
151.2112112112112,0.8096328118722822
151.2912912912913,0.8250189025945037
151.37137137137137,0.8404900249182434
151.45145145145145,0.8562961571977353
151.53153153153153,0.8707162599540216
151.6116116116116,0.8847322338474997
151.6916916916917,0.8984571293038687
151.77177177177177,0.9115637303608407
151.85185185185185,0.9251344086419127
151.93193193193193,0.9370616383243127
152.012012012012,0.9491330603040721
152.0920920920921,0.9591165877751211
152.17217217217217,0.968810388724153
152.25225225225225,0.9766989209384476
152.33233233233233,0.984837854388297
152.4124124124124,0.9908269901465986
152.4924924924925,0.9952382967629879
152.57257257257257,0.9976053156196915
152.65265265265265,0.9991761288416061
152.73273273273273,0.9993061421008177
152.8128128128128,0.9990042956954075
152.8928928928929,0.9966542266715904
152.97297297297297,0.9933357730422488
153.05305305305305,0.9868612970145242
153.13313313313313,0.9796716780509918
153.2132132132132,0.9710863041710954
153.2932932932933,0.9624710039433839
153.37337337337337,0.952524910211213
153.45345345345345,0.9412440687867871
153.53353353353353,0.9293353871791826
153.6136136136136,0.9162696566423305
153.6936936936937,0.9024318393874123
153.77377377377377,0.887502088392755
153.85385385385385,0.8724106926354278
153.93393393393393,0.856499809889249
154.014014014014,0.8407688331359413
154.0940940940941,0.8246919175296703
154.17417417417417,0.8091158800300254
154.25425425425425,0.7936732363176606
154.33433433433433,0.7786155423459609
154.4144144144144,0.7629678219148813
154.4944944944945,0.7479110727202406
154.57457457457457,0.7324108358199014
154.65465465465465,0.7167421774358842
154.73473473473473,0.7012149343696595
154.8148148148148,0.6867022860637988
154.8948948948949,0.6736041126184695
154.97497497497497,0.6603351228517654
155.05505505505505,0.6472784698882682
155.13513513513513,0.6350406760888474
155.2152152152152,0.622611959929469
155.2952952952953,0.6107124807866721
155.37537537537537,0.5980370577357003
155.45545545545545,0.5865594339596302
155.53553553553553,0.5759955718454516
155.6156156156156,0.5657602809636331
155.6956956956957,0.5563335410007768
155.77577577577577,0.5469582083760631
155.85585585585585,0.537778645580147
155.93593593593593,0.5291342799637384
156.016016016016,0.5207879246872336
156.0960960960961,0.5136623441129979
156.17617617617617,0.506133768595597
156.25625625625625,0.49905395843897715
156.33633633633633,0.491730814394995
156.4164164164164,0.48469747183177664
156.4964964964965,0.4785070900946367
156.57657657657657,0.47268329115247554
156.65665665665665,0.46705850359652856
156.73673673673673,0.4616853821080637
156.8168168168168,0.456751334293574
156.8968968968969,0.45236129387575313
156.97697697697697,0.44797002458361584
157.05705705705705,0.4439965786311205
157.13713713713713,0.4400406311371
157.2172172172172,0.4359167013862752
157.2972972972973,0.4320918984191179
157.37737737737737,0.4285756260423639
157.45745745745745,0.42553300402639943
157.53753753753753,0.42277651595214266
157.6176176176176,0.4203543422870181
157.6976976976977,0.4184854259943097
157.77777777777777,0.416741718399325
157.85785785785785,0.41487276539222095
157.93793793793793,0.413205986619424
158.018018018018,0.41213829617150144
158.0980980980981,0.411529095977956
158.17817817817817,0.4110760139858513
158.25825825825825,0.4102314425186068
158.33833833833833,0.40940323445129106
158.4184184184184,0.4087251387572033
158.4984984984985,0.4090200137045854
158.57857857857857,0.40950318301426053
158.65865865865865,0.40999000568338784
158.73873873873873,0.41077666599099455
158.8188188188188,0.41150955983440884
158.8988988988989,0.41277379286474397
158.97897897897897,0.413745433201061
159.05905905905905,0.41499827141380735
159.13913913913913,0.4162896569824345
159.2192192192192,0.4181192203079917
159.2992992992993,0.42092277722872484
159.37937937937937,0.42369231751370195
159.45945945945945,0.42694882737275675
159.53953953953953,0.4297429670759237
159.6196196196196,0.4326264449996908
159.6996996996997,0.43557118711734855
159.77977977977977,0.4387759125188327
159.85985985985985,0.44253154243479204
159.93993993993993,0.4466986394750799
160.02002002002,0.4517268445726048
160.1001001001001,0.45715491695909405
160.18018018018017,0.4619461829650115
160.26026026026025,0.4667685507926839
160.34034034034033,0.4712513543169255
160.4204204204204,0.4767239320073795
160.5005005005005,0.48272686130369075
160.58058058058057,0.4888913766106265
160.66066066066065,0.4955728566774918
160.74074074074073,0.5023181720001166
160.8208208208208,0.5095712463738371
160.9009009009009,0.5168803653160994
160.98098098098097,0.524739630185188
161.06106106106105,0.5329952635503573
161.14114114114113,0.5413335120508288
161.2212212212212,0.5505813144532836
161.3013013013013,0.5599923462387774
161.38138138138137,0.5696532493997597
161.46146146146145,0.5789233708416285
161.54154154154153,0.5888918642819321
161.6216216216216,0.599247504805008
161.7017017017017,0.6098378750493709
161.78178178178177,0.6207711049151406
161.86186186186185,0.6324993264414606
161.94194194194193,0.6447921141537745
162.022022022022,0.6579614942630696
162.1021021021021,0.6702177089437124
162.18218218218217,0.6834554487326566
162.26226226226225,0.695781421683484
162.34234234234233,0.7093689173039176
162.42242242242241,0.7224087738700258
162.5025025025025,0.7367997335863484
162.58258258258257,0.7508576477728912
162.66266266266265,0.7655935226240946
162.74274274274273,0.7800718141284274
162.82282282282281,0.7955253118415354
162.9029029029029,0.8104115452652317
162.98298298298297,0.8258997317848155
163.06306306306305,0.8407879687477282
163.14314314314313,0.8564306022376452
163.22322322322321,0.8710558618458515
163.3033033033033,0.8857535867291028
163.38338338338338,0.8986988495844708
163.46346346346346,0.9124818525569162
163.54354354354354,0.9247357978402804
163.62362362362362,0.9371859363079105
163.7037037037037,0.9485027972185095
163.78378378378378,0.9595518414657066
163.86386386386386,0.9697075660597676
163.94394394394394,0.9785519661005019
164.02402402402402,0.986506846854584
164.1041041041041,0.9929432448649526
164.18418418418418,0.9983156640300606
164.26426426426426,1.0029398694260485
164.34434434434434,1.006815967558635
164.42442442442442,1.0093018427850866
164.5045045045045,1.0098546586068637
164.58458458458458,1.0084587724655123
164.66466466466466,1.0056432439787175
164.74474474474474,1.0010770763020604
164.82482482482482,0.9957041655494471
164.9049049049049,0.9891248744715512
164.98498498498498,0.9819584517276754
165.06506506506506,0.9729863405068794
165.14514514514514,0.9630275127241154
165.22522522522522,0.9523841278857613
165.3053053053053,0.9411292489725578
165.38538538538538,0.9284939906475451
165.46546546546546,0.9150536734664106
165.54554554554554,0.901330907052696
165.62562562562562,0.8869282596644207
165.7057057057057,0.8722605919953352
165.78578578578578,0.8563243428194264
165.86586586586586,0.8413237607371655
165.94594594594594,0.8262868613199278
166.02602602602602,0.8116311536404924
166.1061061061061,0.7966221394198554
166.18618618618618,0.7821729851174384
166.26626626626626,0.7676730386140463
166.34634634634634,0.7533267876093404
166.42642642642642,0.7383393169351332
166.5065065065065,0.7244124257766705
166.58658658658658,0.7101261382485989
166.66666666666666,0.697294503010046
166.74674674674674,0.6842227921123853
166.82682682682682,0.6724706998639713
166.9069069069069,0.6601149449108898
166.98698698698698,0.6484286617610924
167.06706706706706,0.6364163412273679
167.14714714714714,0.625437652246057
167.22722722722722,0.6141934051219944
167.3073073073073,0.603644574184447
167.38738738738738,0.5931213305590272
167.46746746746746,0.5840542286192003
167.54754754754754,0.5749654000330481
167.62762762762762,0.5665432478553711
167.7077077077077,0.5577905788397931
167.78778778778778,0.5494117026475699
167.86786786786786,0.5413387513501451
167.94794794794794,0.5338034284426625
168.02802802802802,0.526902038537572
168.1081081081081,0.5199589036117562
168.18818818818818,0.5134491568160467
168.26826826826826,0.5071886080906316
168.34834834834834,0.5018553588693451
168.42842842842842,0.4965052810883631
168.5085085085085,0.491351721776271
168.58858858858858,0.4857236927555509
168.66866866866866,0.4810461280457185
168.74874874874874,0.47587397652003355
168.82882882882882,0.47162791715893226
168.9089089089089,0.4667258442773772
168.98898898898898,0.46334920847387573
169.06906906906906,0.4595985094063852
169.14914914914914,0.4571769136713213
169.22922922922922,0.45403118858970315
169.3093093093093,0.45160608163998905
169.38938938938938,0.4481371079053607
169.46946946946946,0.4457219299225691
169.54954954954954,0.44292832782068203
169.62962962962962,0.4415768923305406
169.7097097097097,0.43917649487648386
169.78978978978978,0.4378272367946505
169.86986986986986,0.43573713677943415
169.94994994994994,0.43521560960206135
170.03003003003002,0.4344836635764014
170.1101101101101,0.434651797469801
170.19019019019018,0.4344318693886032
170.27027027027026,0.43441469798966553
170.35035035035034,0.4343681767383312
170.43043043043042,0.4345986336808781
170.5105105105105,0.4347660230646167
170.59059059059058,0.43518531989665593
170.67067067067066,0.4358562731285889
170.75075075075074,0.43736736419501604
170.83083083083082,0.4391582405175144
170.9109109109109,0.4410231412055907
170.99099099099098,0.4426640822953494
171.07107107107106,0.4442337568488036
171.15115115115114,0.44635660711976116
171.23123123123122,0.44851467153156555
171.3113113113113,0.4515806052342925
171.39139139139138,0.454390934589677
171.47147147147146,0.45782439114944773
171.55155155155154,0.46073099591366906
171.63163163163162,0.46401942050846445
171.7117117117117,0.4674909000778965
171.79179179179178,0.47183211341857123
171.87187187187186,0.476571002479437
171.95195195195194,0.48198920711130117
172.03203203203202,0.4870577521032648
172.11211211211213,0.49266647180387857
172.19219219219218,0.49729299868712823
172.2722722722723,0.5028692713517823
172.35235235235234,0.5080032508068689
172.43243243243245,0.5146804957840874
172.5125125125125,0.5211078242568257
172.5925925925926,0.5290419981247027
172.67267267267266,0.5366084823813305
172.75275275275277,0.5446468547094484
172.83283283283282,0.5523304543895302
172.91291291291293,0.5607671913228018
172.99299299299298,0.5690559702555054
173.0730730730731,0.578079744321191
173.15315315315314,0.586737758805682
173.23323323323325,0.5964334217361259
173.3133133133133,0.6060171464986357
173.3933933933934,0.6170942211339128
173.47347347347346,0.6276975523605219
173.55355355355357,0.6389141673692103
173.63363363363362,0.6501312611780582
173.71371371371373,0.6627738411826122
173.79379379379378,0.6753881509986694
173.8738738738739,0.6878425216030509
173.95395395395394,0.7000392809243422
174.03403403403405,0.7131818623976203
174.1141141141141,0.7266590897512888
174.1941941941942,0.7402670781627261
174.27427427427426,0.7533161446701039
174.35435435435437,0.7673646744823504
174.43443443443442,0.7815220735943041
174.51451451451453,0.7963353606597683
174.59459459459458,0.8104424949694063
174.6746746746747,0.8249684921029471
174.75475475475474,0.8392301991553023
174.83483483483485,0.8528787797356312
174.9149149149149,0.8664235785671616
174.994994994995,0.8797666650894093
175.07507507507506,0.8939151908256114
175.15515515515517,0.9073217594963021
175.23523523523522,0.9206663871473734
175.31531531531533,0.933388387595216
175.39539539539538,0.9456074169051443
175.4754754754755,0.9560070488039497
175.55555555555554,0.9652054815916664
175.63563563563565,0.973537788658721
175.7157157157157,0.9817741355874632
175.7957957957958,0.9893441420394363
175.87587587587586,0.9969766587499042
175.95595595595597,1.0031591049611805
176.03603603603602,1.0083655459069478
176.11611611611613,1.0105528622971878
176.19619619619618,1.0112619315474207
176.2762762762763,1.0105650373951818
176.35635635635634,1.0100684087637721
176.43643643643645,1.0077769584132985
176.5165165165165,1.0039372026436468
176.5965965965966,0.9985161105955436
176.67667667667666,0.9932438801728154
176.75675675675677,0.9866991786308714
176.83683683683682,0.9786387348147357
176.91691691691693,0.968821773469733
176.99699699699698,0.9585385648307743
177.0770770770771,0.9472223541890862
177.15715715715714,0.9353056779730112
177.23723723723725,0.9229097886175875
177.3173173173173,0.9108751456102663
177.3973973973974,0.8982195859835316
177.47747747747746,0.8852003535285414
177.55755755755757,0.8712439392837268
177.63763763763762,0.857291312868005
177.71771771771773,0.8429015256845402
177.79779779779778,0.828658730912988
177.8778778778779,0.8143014786779664
177.95795795795794,0.7998795657910956
178.03803803803805,0.7860180885321797
178.1181181181181,0.7724140497558485
178.1981981981982,0.759378199318475
178.27827827827826,0.7465307445647426
178.35835835835837,0.7337912036511384
178.43843843843842,0.7213778284666994
178.51851851851853,0.7092464686587363
178.59859859859858,0.6975806965720683
178.6786786786787,0.6858151816377553
178.75875875875874,0.6739412500775362
178.83883883883885,0.6624295022985356
178.9189189189189,0.6512433185833024
178.998998998999,0.6406253213538994
179.07907907907907,0.6306254235723654
179.15915915915917,0.6211900852733941
179.23923923923923,0.6118547518935431
179.31931931931933,0.6024593264541127
179.39939939939939,0.5935608978801338
179.4794794794795,0.585344132533055
179.55955955955955,0.5771294695576997
179.63963963963965,0.568553202174705
179.7197197197197,0.5604385409274067
179.7997997997998,0.553677053638554
179.87987987987987,0.5476166995545846
179.95995995995997,0.541519477462287
180.04004004004003,0.5353867667893022
180.12012012012013,0.5293804735870773
180.2002002002002,0.52354289804044
180.2802802802803,0.5177283959812976
180.36036036036035,0.5120691635450513
180.44044044044045,0.5070477651859151
180.5205205205205,0.5023679251736544
180.60060060060061,0.49780846250732785
180.68068068068067,0.4933382164119032
180.76076076076077,0.4893223662564556
180.84084084084083,0.4859503257838028
180.92092092092093,0.4829332355240111
181.001001001001,0.4800853229583734
181.0810810810811,0.4770110706066395
181.16116116116115,0.4739770216601734
181.24124124124126,0.4711700193462579
181.3213213213213,0.46902315816315954
181.40140140140142,0.46714247129597086
181.48148148148147,0.4651466664070642
181.56156156156158,0.46327867461972716
181.64164164164163,0.46147345110876326
181.72172172172174,0.46019110688510245
181.8018018018018,0.4593015989267972
181.8818818818819,0.45866789224598536
181.96196196196195,0.45799091727811186
182.04204204204206,0.45697930462219105
182.1221221221221,0.45638176747435655
182.20220220220222,0.4564523442866589
182.28228228228227,0.45731836179041213
182.36236236236238,0.45801327877304493
182.44244244244243,0.4584039365140593
182.52252252252254,0.4588403348124521
182.6026026026026,0.4597550948869137
182.6826826826827,0.4609336796922397
182.76276276276275,0.462072594350525
182.84284284284286,0.4635412236541826
182.9229229229229,0.46548450001775826
183.00300300300302,0.4676776479918552
183.08308308308307,0.47021441096707
183.16316316316318,0.47306244906738176
183.24324324324323,0.47634455911427276
183.32332332332334,0.47943688275814894
183.4034034034034,0.48245848714908895
183.4834834834835,0.486026104641702
183.56356356356355,0.49011946190720257
183.64364364364366,0.4947794763699463
183.7237237237237,0.49892772859012835
183.80380380380382,0.5032403920862502
183.88388388388387,0.5079566845424867
183.96396396396398,0.513117181975212
184.04404404404403,0.5185166508676741
184.12412412412414,0.52425296353019
184.2042042042042,0.530628619932407
184.2842842842843,0.5374025893020993
184.36436436436435,0.544204638051109
184.44444444444446,0.5510913876755192
184.5245245245245,0.5581599183041266
184.60460460460462,0.5658186185988778
184.68468468468467,0.5736113585125455
184.76476476476478,0.5818664725234559
184.84484484484483,0.5905173298783247
184.92492492492494,0.5995131033809777
185.005005005005,0.6086121286095835
185.0850850850851,0.6178077037743903
185.16516516516515,0.6275733567823796
185.24524524524526,0.6381898030756405
185.3253253253253,0.6493787427955524
185.40540540540542,0.6611841194218809
185.48548548548547,0.6725630875953877
185.56556556556558,0.6840245936715678
185.64564564564563,0.6956243204326331
185.72572572572574,0.7076815013562517
185.8058058058058,0.7200704747737656
185.8858858858859,0.7326012946686273
185.96596596596595,0.7458847878169452
186.04604604604606,0.7591018172542863
186.1261261261261,0.7722295241152015
186.20620620620622,0.7848032038432906
186.28628628628627,0.7976589789760199
186.36636636636638,0.8109064567834104
186.44644644644643,0.8249127862956402
186.52652652652654,0.8393179683625402
186.6066066066066,0.8533073856951213
186.6866866866867,0.8666128448470058
186.76676676676675,0.8789786938687774
186.84684684684686,0.891261411148399
186.9269269269269,0.9038243044326373
187.00700700700702,0.9164010243951833
187.08708708708707,0.928376711538178
187.16716716716718,0.9398295875570626
187.24724724724723,0.9508315985296765
187.32732732732734,0.9603630259999494
187.4074074074074,0.968860885436645
187.4874874874875,0.9759970209262107
187.56756756756755,0.9829411551934173
187.64764764764766,0.9893468873833592
187.7277277277277,0.9955214267440199
187.80780780780782,1.0008851948167026
187.88788788788787,1.0046918846315385
187.96796796796798,1.0064864818305745
188.04804804804803,1.0062393667288614
188.12812812812814,1.0047536841042184
188.2082082082082,1.0028549964957492
188.2882882882883,1.00109833226499
188.36836836836835,0.9984477662527197
188.44844844844846,0.9945524422266536
188.5285285285285,0.9886113585029271
188.60860860860862,0.9808908691488115
188.68868868868867,0.9725197190977329
188.76876876876878,0.9635572817032643
188.84884884884883,0.9544110696491536
188.92892892892894,0.9441923956990149
189.009009009009,0.9334911289443042
189.0890890890891,0.9219490071801335
189.16916916916915,0.9103196593498262
189.24924924924926,0.8979523688743866
189.3293293293293,0.8855447575886486
189.40940940940942,0.8727958145871392
189.48948948948947,0.8600739245782293
189.56956956956958,0.8477459865989075
189.64964964964963,0.8350309802184822
189.72972972972974,0.8221103191911864
189.8098098098098,0.8084026399006055
189.8898898898899,0.7952465647521344
189.96996996996995,0.782668098135
190.05005005005006,0.7703791385881945
190.1301301301301,0.7579035164726569
190.21021021021022,0.7454146533693108
190.29029029029027,0.7336446912390707
190.37037037037038,0.7219879275510829
190.45045045045043,0.7104026994764071
190.53053053053054,0.6988775531471436
190.6106106106106,0.6878210411272803
190.6906906906907,0.6775919997520341
190.77077077077075,0.6674705316940033
190.85085085085086,0.6576646890604634
190.9309309309309,0.6482571713066119
191.01101101101102,0.639136944422491
191.09109109109107,0.6299681705482812
191.17117117117118,0.6206546682306046
191.25125125125123,0.611753261415035
191.33133133133134,0.6039140028268848
191.41141141141142,0.5966666725323344
191.4914914914915,0.5894570771678497
191.57157157157158,0.5819441349261493
191.65165165165166,0.5745778848521905
191.73173173173174,0.5676902231019102
191.81181181181182,0.5612999007747622
191.8918918918919,0.5553988253755514
191.97197197197198,0.5496806256699404
192.05205205205206,0.5444037622615157
192.13213213213214,0.5388271207419044
192.21221221221222,0.5332524915954955
192.2922922922923,0.5276314753269763
192.37237237237238,0.5228288272818671
192.45245245245246,0.5188015996590738
192.53253253253254,0.5150673121730319
192.61261261261262,0.5108838522948164
192.6926926926927,0.5069825136171009
192.77277277277278,0.5031376539131032
192.85285285285286,0.5001824208119415
192.93293293293294,0.4969553663879195
193.01301301301302,0.49427866098233786
193.0930930930931,0.49171810082620926
193.17317317317318,0.48947491786140845
193.25325325325326,0.48722579316779674
193.33333333333334,0.48537719740069385
193.41341341341342,0.4838631393029504
193.4934934934935,0.4826019033336348
193.57357357357358,0.4810980112395383
193.65365365365366,0.47971918403086566
193.73373373373374,0.4785291752890193
193.81381381381382,0.47808236148934236
193.8938938938939,0.4776670630127457
193.97397397397398,0.4774099299575318
194.05405405405406,0.47771051652915664
194.13413413413414,0.4781221466689058
194.21421421421422,0.4786954740842862
194.2942942942943,0.4791368793098113
194.37437437437438,0.48026609372156115
194.45445445445446,0.48158572802783545
194.53453453453454,0.482867244459345
194.61461461461462,0.48431170941973317
194.6946946946947,0.4866745522434965
194.77477477477478,0.4891342139471521
194.85485485485486,0.49151053263608785
194.93493493493494,0.493229131726166
195.01501501501502,0.49549595002819063
195.0950950950951,0.49813722342835387
195.17517517517518,0.5018064421296572
195.25525525525526,0.5056525044564678
195.33533533533534,0.5098514037090324
195.41541541541542,0.5136508164683945
195.4954954954955,0.5178236916556964
195.57557557557558,0.5214319724419262
195.65565565565566,0.5254625737814658
195.73573573573574,0.5299701295891893
195.81581581581582,0.5355676163586665
195.8958958958959,0.5413163726864294
195.97597597597598,0.5468677476585708
196.05605605605606,0.552869660828629
196.13613613613614,0.559130635490036
196.21621621621622,0.5658166949761675
196.2962962962963,0.5721422025571699
196.37637637637638,0.5793694023488584
196.45645645645646,0.5867595392896464
196.53653653653654,0.5951674975725014
196.61661661661662,0.6032148305417475
196.6966966966967,0.6117348726069205
196.77677677677679,0.6205502710381378
196.85685685685687,0.6297471786831379
196.93693693693695,0.6388510501586645
197.01701701701703,0.6484040547885539
197.0970970970971,0.6581702967068651
197.17717717717719,0.6686712363587393
197.25725725725727,0.6786573810645351
197.33733733733735,0.6891318625710902
197.41741741741743,0.7004088904381567
197.4974974974975,0.7123822317947083
197.57757757757759,0.7246755818434577
197.65765765765767,0.7362394527995403
197.73773773773775,0.7477191637791888
197.81781781781783,0.7595165621653207
197.8978978978979,0.7724809128253467
197.977977977978,0.7854511902591672
198.05805805805807,0.7976489737795223
198.13813813813815,0.8099115241953391
198.21821821821823,0.8225350379883691
198.2982982982983,0.8361860440433206
198.3783783783784,0.848908398003413
198.45845845845847,0.8618557198370118
198.53853853853855,0.8738056462709389
198.61861861861863,0.8856068235335746
198.6986986986987,0.8975315991735985
198.7787787787788,0.9096015407174561
198.85885885885887,0.9212929610416746
198.93893893893895,0.9313430301888536
199.01901901901903,0.9409701707294617
199.0990990990991,0.9509931261299681
199.1791791791792,0.9601310883330834
199.25925925925927,0.9678925117503494
199.33933933933935,0.9743833651057962
199.41941941941943,0.9811751619521916
199.4994994994995,0.9871703933072411
199.5795795795796,0.9918089955150822
199.65965965965967,0.9949105013743774
199.73973973973975,0.9971059727110206
199.81981981981983,0.9986143852886876
199.8998998998999,0.9995071609378691
199.97997997998,0.9989669509365875
200.06006006006007,0.9976304534737881
200.14014014014015,0.9956418952083571
200.22022022022023,0.991864608997342
200.3003003003003,0.9869871382534736
200.3803803803804,0.9804589861800341
200.46046046046047,0.9741929636547055
200.54054054054055,0.9674981014013393
200.62062062062063,0.960379488947143
200.7007007007007,0.9521912747203429
200.7807807807808,0.9426754989586041
200.86086086086087,0.932306378641548
200.94094094094095,0.92203668318521
201.02102102102103,0.9110783217242708
201.1011011011011,0.8997736468705969
201.1811811811812,0.8880997133011933
201.26126126126127,0.8759988955280953
201.34134134134135,0.864385318884221
201.42142142142143,0.8521506687849582
201.5015015015015,0.8404168920741609
201.5815815815816,0.8284123281975903
201.66166166166167,0.8160269892727995
201.74174174174175,0.8039427826978557
201.82182182182183,0.7907914844259621
201.9019019019019,0.7796517439908272
201.981981981982,0.7677248156759542
202.06206206206207,0.7566708708528531
202.14214214214215,0.7446333557896688
202.22222222222223,0.7338495834261564
202.3023023023023,0.7229494019978371
202.3823823823824,0.7127612632500719
202.46246246246247,0.7018327942729158
202.54254254254255,0.6916966636759696
202.62262262262263,0.6817225083816606
202.7027027027027,0.6719147883840695
202.7827827827828,0.6617252256853474
202.86286286286287,0.6515734445602791
202.94294294294295,0.6422075496769901
203.02302302302303,0.6335753517997929
203.1031031031031,0.6254637506784378
203.1831831831832,0.616979423211093
203.26326326326327,0.6087911444600429
203.34334334334335,0.6009913889187596
203.42342342342343,0.5937513500511641
203.5035035035035,0.5871438407042
203.5835835835836,0.5798741373004646
203.66366366366367,0.5727887835937013
203.74374374374375,0.5651246782590896
203.82382382382383,0.5584822892334605
203.9039039039039,0.55247387014494
203.983983983984,0.5474129084743123
204.06406406406407,0.5424477855941998
204.14414414414415,0.5369095706399085
204.22422422422423,0.5319581996111139
204.3043043043043,0.5275050319429936
204.3843843843844,0.5233913983478351
204.46446446446447,0.5198356914366771
204.54454454454455,0.5154214610350754
204.62462462462463,0.5121238820572863
204.7047047047047,0.5083247628783322
204.7847847847848,0.5058183816556391
204.86486486486487,0.5028296242716586
204.94494494494495,0.5002004330870482
205.02502502502503,0.49755254501579343
205.1051051051051,0.49532052693836115
205.1851851851852,0.4930637522364466
205.26526526526527,0.49092592882020825
205.34534534534535,0.4896237822624778
205.42542542542543,0.4884349614980555
205.5055055055055,0.487361087499283
205.5855855855856,0.48582702543103007
205.66566566566567,0.48494050479762585
205.74574574574575,0.48380839581707025
205.82582582582583,0.4836454109067864
205.9059059059059,0.482737359155
205.985985985986,0.4835161786553249
206.06606606606607,0.48286408406144377
206.14614614614615,0.4835749320807386
206.22622622622623,0.48377485166370593
206.3063063063063,0.4862231667708538
206.3863863863864,0.4874389948053499
206.46646646646647,0.48904783244338906
206.54654654654655,0.4897576279780866
206.62662662662663,0.4920351132627887
206.7067067067067,0.49331176773699287
206.7867867867868,0.4960893611233074
206.86686686686687,0.4980221594480724
206.94694694694695,0.5020022921626974
207.02702702702703,0.5043558930632546
207.1071071071071,0.5088608146447242
207.1871871871872,0.5114235902999544
207.26726726726727,0.5157892880302265
207.34734734734735,0.5189382337770818
207.42742742742743,0.5236399501168499
207.5075075075075,0.5282834401349588
207.5875875875876,0.5330555916839516
207.66766766766767,0.5378947993169625
207.74774774774775,0.5426767287238385
207.82782782782783,0.5485086065104079
207.9079079079079,0.5542086899968339
207.987987987988,0.5605912018117067
208.06806806806807,0.5670317926396495
208.14814814814815,0.5750782625671083
208.22822822822823,0.58234969656134
208.3083083083083,0.5908586069591728
208.3883883883884,0.5973652059768292
208.46846846846847,0.6061701225398306
208.54854854854855,0.6125532175095414
208.62862862862863,0.6221762622118324
208.7087087087087,0.628820987299447
208.7887887887888,0.6396817090088688
208.86886886886887,0.6474976965346837
208.94894894894895,0.6591246660825333
209.02902902902903,0.6672317527590572
209.1091091091091,0.6793834054416198
209.1891891891892,0.6889770543248857
209.26926926926927,0.7026136561111723
209.34934934934935,0.7116427884909667
209.42942942942943,0.7249236590574784
209.5095095095095,0.7340659646225633
209.5895895895896,0.7493954334080842
209.66966966966967,0.7582259238087043
209.74974974974975,0.772539344137928
209.82982982982983,0.7816741130112435
209.9099099099099,0.798391083111492
209.98998998999,0.8087926610526086
210.07007007007007,0.8243001476656785
210.15015015015015,0.8336294524553921
210.23023023023023,0.8487969940342042
210.3103103103103,0.8588118312262452
210.3903903903904,0.8725931670108618
210.47047047047047,0.8821592280816533
210.55055055055055,0.8961582515540654
210.63063063063063,0.9063642917688133
210.7107107107107,0.9185953903239272
210.7907907907908,0.9262465097084789
210.87087087087087,0.9375626127094665
210.95095095095095,0.9459399673847513
211.03103103103103,0.9561298449456327
211.11111111111111,0.9622712433231702
211.1911911911912,0.9704753521365999
211.27127127127127,0.9775188279168587
211.35135135135135,0.9849789100592016
211.43143143143143,0.988965088974633
211.51151151151151,0.992030738921735
211.5915915915916,0.9943153534118102
211.67167167167167,0.9963813841308037
211.75175175175175,0.9965327416988763
211.83183183183183,0.9957369308255819
211.91191191191191,0.9946531239411075
211.991991991992,0.9917664097063772
212.07207207207207,0.9887932296053067
212.15215215215215,0.9822863298011313
212.23223223223223,0.9788354604479442
212.31231231231232,0.9721623466394929
212.3923923923924,0.9678123798285077
212.47247247247248,0.958508270594703
212.55255255255256,0.9512827366373094
212.63263263263264,0.9413823895256987
212.71271271271272,0.9328724257062471
212.7927927927928,0.9213799378605454
212.87287287287288,0.910827861483353
212.95295295295296,0.9005387328382434
213.03303303303304,0.8906715220551348
213.11311311311312,0.8793664549868012
213.1931931931932,0.867261185067542
213.27327327327328,0.8551950091924059
213.35335335335336,0.843484598723496
213.43343343343344,0.8314276587173107
213.51351351351352,0.8196165659274395
213.5935935935936,0.8084699292607471
213.67367367367368,0.7978469685960328
213.75375375375376,0.7863756176439406
213.83383383383384,0.774161273164019
213.91391391391392,0.7624786351613695
213.993993993994,0.7515131404696408
214.07407407407408,0.7411721934393496
214.15415415415416,0.7302219420657678
214.23423423423424,0.7187708809514418
214.31431431431432,0.7083296564127595
214.3943943943944,0.698191979851665
214.47447447447448,0.6887694833278837
214.55455455455456,0.6780526069475246
214.63463463463464,0.6680403027244574
214.71471471471472,0.6592136900750792
214.7947947947948,0.6503557230982098
214.87487487487488,0.6414422581195788
214.95495495495496,0.6325487975736689
215.03503503503504,0.6243526162769355
215.11511511511512,0.6160630257176578
215.1951951951952,0.6075767231057124
215.27527527527528,0.6002057370560215
215.35535535535536,0.5933548881189219
215.43543543543544,0.5864348050553456
215.51551551551552,0.5795061747330512
215.5955955955956,0.5721280052462743
215.67567567567568,0.5666626599571112
215.75575575575576,0.559403197879067
215.83583583583584,0.5545314988125699
215.91591591591592,0.5484537878156877
215.995995995996,0.5444342495223615
216.07607607607608,0.5395860002049536
216.15615615615616,0.5352786708083307
216.23623623623624,0.5299054882675044
216.31631631631632,0.5253419822390141
216.3963963963964,0.5208397652884037
216.47647647647648,0.5185951636634154
216.55655655655656,0.5135983241002742
216.63663663663664,0.5105896590706973
216.71671671671672,0.5062210697393393
216.7967967967968,0.5048056916084651
216.87687687687688,0.5017491994643823
216.95695695695696,0.49998751673384967
217.03703703703704,0.4975103555716458
217.11711711711712,0.4962218685189048
217.1971971971972,0.4943626006238297
217.27727727727728,0.49300841649395327
217.35735735735736,0.49121260006082823
217.43743743743744,0.49085258379217234
217.51751751751752,0.49009107037751715
217.5975975975976,0.4899927512771948
217.67767767767768,0.4888315539908226
217.75775775775776,0.48884419398753115
217.83783783783784,0.48934552531241676
217.91791791791792,0.48989646131788284
217.997997997998,0.490486227732859
218.07807807807808,0.49110110582627975
218.15815815815816,0.4920528619337896
218.23823823823824,0.4940293422025906
218.31831831831832,0.4952827464335526
218.3983983983984,0.4976514760886566
218.47847847847848,0.49852643544280156
218.55855855855856,0.5010045399047919
218.63863863863864,0.5026849940582536
218.71871871871872,0.5061855421880679
218.7987987987988,0.5086525495971904
218.87887887887888,0.512157580733652
218.95895895895896,0.5157538982366305
219.03903903903904,0.5194133837352728
219.11911911911912,0.5228995859579264
219.1991991991992,0.5261885899082842
219.27927927927928,0.531363895302987
219.35935935935936,0.5372539071031252
219.43943943943944,0.5424182618615996
219.51951951951952,0.5465623965792379
219.5995995995996,0.5512515294007662
219.67967967967968,0.557280552325738
219.75975975975976,0.5638437909300762
219.83983983983984,0.5691044275022029
219.91991991991992,0.5756420975055531
220.0,0.5823561704456698
