freq,trans_dB
140.0,-2.406036683824656
140.08008008008008,-2.3348568333979416
140.16016016016016,-2.281433341011178
140.24024024024024,-2.2086472524581455
140.32032032032032,-2.146987309943955
140.4004004004004,-2.037400175325532
140.48048048048048,-2.004513340589387
140.56056056056056,-1.9698839726767476
140.64064064064064,-1.8607040951946632
140.72072072072072,-1.8161997806347767
140.8008008008008,-1.7232669026779637
140.88088088088088,-1.6611408737716225
140.96096096096096,-1.6005971771480354
141.04104104104104,-1.5473557122859225
141.12112112112112,-1.475344779945072
141.2012012012012,-1.4025937458367141
141.28128128128128,-1.3448653375523705
141.36136136136136,-1.2803330576646585
141.44144144144144,-1.1923607821296935
141.52152152152152,-1.1470701388784408
141.6016016016016,-1.058992922985662
141.68168168168168,-1.0383746310164421
141.76176176176176,-0.9450587723813355
141.84184184184184,-0.8958302108643817
141.92192192192192,-0.8164237025394192
142.002002002002,-0.7698377366110803
142.08208208208208,-0.6961889635067904
142.16216216216216,-0.6632228912156605
142.24224224224224,-0.5974174882741462
142.32232232232232,-0.5612417373567907
142.4024024024024,-0.48905040136346034
142.48248248248248,-0.47162991108544977
142.56256256256256,-0.3977798390000289
142.64264264264264,-0.40680200385450627
142.72272272272272,-0.33169462071481315
142.8028028028028,-0.3289141128090333
142.88288288288288,-0.2478785063851972
142.96296296296296,-0.26414265783693686
143.04304304304304,-0.20712917045646284
143.12312312312312,-0.24182483214052064
143.2032032032032,-0.17633744329451942
143.28328328328328,-0.20582858826445896
143.36336336336336,-0.17240209803398218
143.44344344344344,-0.2072960708727524
143.52352352352352,-0.17390469821497606
143.6036036036036,-0.2008379299596691
143.68368368368368,-0.19919353731368916
143.76376376376376,-0.24520438534571892
143.84384384384384,-0.2525045448079481
143.92392392392392,-0.2781152271693674
144.004004004004,-0.29550395837119886
144.08408408408408,-0.33858658806260084
144.16416416416416,-0.3783795026214397
144.24424424424424,-0.4018652582161684
144.32432432432432,-0.46823125604439675
144.4044044044044,-0.48663050271308733
144.48448448448448,-0.5674685288279191
144.56456456456456,-0.5912575987434635
144.64464464464464,-0.6709735852287857
144.72472472472472,-0.7058740051543504
144.8048048048048,-0.810619630420201
144.88488488488488,-0.8141644827712102
144.96496496496496,-0.9190555687945264
145.04504504504504,-0.9535807219531833
145.12512512512512,-1.0478562728426453
145.2052052052052,-1.0792547251471443
145.28528528528528,-1.1900878346649153
145.36536536536536,-1.2198712261844546
145.44544544544544,-1.3151011264542587
145.52552552552552,-1.3579321855936213
145.6056056056056,-1.4575938367915293
145.68568568568568,-1.5051761619961361
145.76576576576576,-1.6089616407941234
145.84584584584584,-1.6527109404270517
145.92592592592592,-1.7357858209390822
146.006006006006,-1.7998121746598754
146.08608608608608,-1.8620188224341843
146.16616616616616,-1.9147213083699934
146.24624624624624,-2.003116205069079
146.32632632632632,-2.05716514091368
146.4064064064064,-2.1343491785846425
146.48648648648648,-2.2028209962846157
146.56656656656656,-2.274497005098188
146.64664664664664,-2.325209770110442
146.72672672672672,-2.395261913829376
146.8068068068068,-2.466433029648123
146.88688688688688,-2.514722380609246
146.96696696696696,-2.5866969257318715
147.04704704704704,-2.642885583898022
147.12712712712712,-2.6884131823140325
147.2072072072072,-2.748712776311068
147.28728728728728,-2.7998002727826936
147.36736736736736,-2.8358979216212856
147.44744744744744,-2.9105274513576136
147.52752752752752,-2.9497064376826945
147.6076076076076,-2.9989584883328666
147.68768768768768,-3.027172713705166
147.76776776776777,-3.111583534917562
147.84784784784785,-3.1290662054878458
147.92792792792793,-3.1816665194164613
148.008008008008,-3.2205603505027693
148.08808808808809,-3.2459856151902633
148.16816816816817,-3.273730710938428
148.24824824824825,-3.3280160031435058
148.32832832832833,-3.3416487579805776
148.4084084084084,-3.3886146233054597
148.48848848848849,-3.412548235418118
148.56856856856857,-3.4353873451598713
148.64864864864865,-3.458860620821163
148.72872872872873,-3.5167154157225453
148.8088088088088,-3.5336821653598762
148.88888888888889,-3.544830555512762
148.96896896896897,-3.5761067477479527
149.04904904904905,-3.5625590604022177
149.12912912912913,-3.593235523865589
149.2092092092092,-3.6034543933558116
149.2892892892893,-3.619695678305666
149.36936936936937,-3.6288375918039453
149.44944944944945,-3.6531112826991055
149.52952952952953,-3.6502658086750666
149.6096096096096,-3.64609886072346
149.6896896896897,-3.6720887459057385
149.76976976976977,-3.6887503659802925
149.84984984984985,-3.6695229445270736
149.92992992992993,-3.6835086850141074
150.01001001001,-3.6586949473051074
150.0900900900901,-3.6462455605735906
150.17017017017017,-3.6479312101513246
150.25025025025025,-3.6500451766196274
150.33033033033033,-3.63211967462863
150.4104104104104,-3.618341930056089
150.4904904904905,-3.5996392020573995
150.57057057057057,-3.589672992268928
150.65065065065065,-3.577235640586536
150.73073073073073,-3.583208026443248
150.8108108108108,-3.556628924526432
150.8908908908909,-3.5385931231879164
150.97097097097097,-3.5094099862421952
151.05105105105105,-3.4764051136343905
151.13113113113113,-3.4520839877112777
151.2112112112112,-3.437248678081431
151.2912912912913,-3.3876510752588787
151.37137137137137,-3.3719435226071712
151.45145145145145,-3.3357720733218748
151.53153153153153,-3.2947029874192797
151.6116116116116,-3.2699586828896674
151.6916916916917,-3.2538135574721774
151.77177177177177,-3.19888784261459
151.85185185185185,-3.1472211883050294
151.93193193193193,-3.1147646609554367
152.012012012012,-3.0516805005804546
152.0920920920921,-3.0240156170601127
152.17217217217217,-2.9860692024442277
152.25225225225225,-2.9301124493873343
152.33233233233233,-2.8759772786761277
152.4124124124124,-2.8337812612437165
152.4924924924925,-2.773064332294812
152.57257257257257,-2.721819766478849
152.65265265265265,-2.6893738034195436
152.73273273273273,-2.638759379530415
152.8128128128128,-2.574156597340311
152.8928928928929,-2.5427670409145064
152.97297297297297,-2.4497618319813315
153.05305305305305,-2.3891368325777407
153.13313313313313,-2.3334548187027497
153.2132132132132,-2.2769972747227087
153.2932932932933,-2.206350104892105
153.37337337337337,-2.170593281314555
153.45345345345345,-2.0743029977214507
153.53353353353353,-2.0174995312038324
153.6136136136136,-1.964535019088269
153.6936936936937,-1.894012874732245
153.77377377377377,-1.8186657875595913
153.85385385385385,-1.767895907118722
153.93393393393393,-1.6852460978754464
154.014014014014,-1.6147107885289615
154.0940940940941,-1.5530512832075587
154.17417417417417,-1.4872246107833498
154.25425425425425,-1.411750895343674
154.33433433433433,-1.3596661905721485
154.4144144144144,-1.278733757844949
154.4944944944945,-1.2148166754534324
154.57457457457457,-1.1634933068732292
154.65465465465465,-1.093691234854461
154.73473473473473,-1.030769163099533
154.8148148148148,-0.9739218761591337
154.8948948948949,-0.9047095653916816
154.97497497497497,-0.8341743907129318
155.05505505505505,-0.7920724441791578
155.13513513513513,-0.7318076955509891
155.2152152152152,-0.679480300494665
155.2952952952953,-0.6305226938249574
155.37537537537537,-0.5849802100655198
155.45545545545545,-0.5222160171129754
155.53553553553553,-0.481283686558533
155.6156156156156,-0.4378692321536422
155.6956956956957,-0.4022105847421081
155.77577577577577,-0.3680401186082364
155.85585585585585,-0.34433380401539454
155.93593593593593,-0.29378969723856774
156.016016016016,-0.2754289185159518
156.0960960960961,-0.25274734870950377
156.17617617617617,-0.23602571476262438
156.25625625625625,-0.21346241024482235
156.33633633633633,-0.21487332151128424
156.4164164164164,-0.19788644349844764
156.4964964964965,-0.2008396283720485
156.57657657657657,-0.20301062878025525
156.65665665665665,-0.20762617829631774
156.73673673673673,-0.2052772649038717
156.8168168168168,-0.2277820855993728
156.8968968968969,-0.23773669753201743
156.97697697697697,-0.25837743979502137
157.05705705705705,-0.28350030846474317
157.13713713713713,-0.32046538733354557
157.2172172172172,-0.3453482523375173
157.2972972972973,-0.39258805895190113
157.37737737737737,-0.42083179304232726
157.45745745745745,-0.4733855931701692
157.53753753753753,-0.5097112509063464
157.6176176176176,-0.5706692965371277
157.6976976976977,-0.6063667595817689
157.77777777777777,-0.6711814295400287
157.85785785785785,-0.7193042540063703
157.93793793793793,-0.7846474850768691
158.018018018018,-0.8333295831488011
158.0980980980981,-0.8970315666126497
158.17817817817817,-0.9522711944578722
158.25825825825825,-1.0154177382813627
158.33833833833833,-1.0925503910540821
158.4184184184184,-1.1506554992611884
158.4984984984985,-1.2222287568954633
158.57857857857857,-1.2884658543776306
158.65865865865865,-1.357763044704643
158.73873873873873,-1.4158203642793767
158.8188188188188,-1.4957183419542701
158.8988988988989,-1.565664783091143
158.97897897897897,-1.628534103459084
159.05905905905905,-1.6885361856337526
159.13913913913913,-1.7665499783301155
159.2192192192192,-1.8275993395697134
159.2992992992993,-1.9116959339182669
159.37937937937937,-1.9593740851728014
159.45945945945945,-2.016655392793775
159.53953953953953,-2.080315565529158
159.6196196196196,-2.153867974796983
159.6996996996997,-2.2098967869122457
159.77977977977977,-2.273062772995191
159.85985985985985,-2.338899733471533
159.93993993993993,-2.3905950874203423
160.02002002002,-2.4532051390452088
160.1001001001001,-2.5119525446329987
160.18018018018017,-2.5603860909736804
160.26026026026025,-2.6149062669218095
160.34034034034033,-2.6655805771207564
160.4204204204204,-2.71022311312813
160.5005005005005,-2.7689527433995345
160.58058058058057,-2.8112955090129335
160.66066066066065,-2.8724804274581577
160.74074074074073,-2.9141958131182384
160.8208208208208,-2.9765818625515776
160.9009009009009,-2.9945200554791747
160.98098098098097,-3.03143176287689
161.06106106106105,-3.0779786398889764
161.14114114114113,-3.1059361567086587
161.2212212212212,-3.146077057367755
161.3013013013013,-3.1863904401055354
161.38138138138137,-3.2201337395689427
161.46146146146145,-3.248308682737283
161.54154154154153,-3.2794200593697362
161.6216216216216,-3.317312156619632
161.7017017017017,-3.330598693544215
161.78178178178177,-3.3713742993111815
161.86186186186185,-3.3820351448234174
161.94194194194193,-3.4110406146922134
162.022022022022,-3.43470330186401
162.1021021021021,-3.444752405190562
162.18218218218217,-3.4647357467640205
162.26226226226225,-3.488829184623443
162.34234234234233,-3.50519008489307
162.42242242242241,-3.5168465481895033
162.5025025025025,-3.5191315055687813
162.58258258258257,-3.5390700741598673
162.66266266266265,-3.540219120813505
162.74274274274273,-3.5605030896699366
162.82282282282281,-3.5560233860134987
162.9029029029029,-3.548794595132189
162.98298298298297,-3.5495631276164445
163.06306306306305,-3.544286306936279
163.14314314314313,-3.536094715590292
163.22322322322321,-3.524448755497742
163.3033033033033,-3.5240392397165436
163.38338338338338,-3.51690109394386
163.46346346346346,-3.5136345225680965
163.54354354354354,-3.5000511197121433
163.62362362362362,-3.497025762471519
163.7037037037037,-3.478660330867275
163.78378378378378,-3.473296727860783
163.86386386386386,-3.4376936551485704
163.94394394394394,-3.4342330288602523
164.02402402402402,-3.402753928990459
164.1041041041041,-3.385630465248971
164.18418418418418,-3.3468409708828473
164.26426426426426,-3.35228408571196
164.34434434434434,-3.2984526369173035
164.42442442442442,-3.2878871073212537
164.5045045045045,-3.2500252845624766
164.58458458458458,-3.220485777017
164.66466466466466,-3.175068371122455
164.74474474474474,-3.1639521419925303
164.82482482482482,-3.1067173573890527
164.9049049049049,-3.0649852709533367
164.98498498498498,-3.029840792470091
165.06506506506506,-3.0024365686163956
165.14514514514514,-2.934631637960378
165.22522522522522,-2.9163648090124856
165.3053053053053,-2.8501270302030264
165.38538538538538,-2.827038777914983
165.46546546546546,-2.770487433990764
165.54554554554554,-2.7147129535226227
165.62562562562562,-2.6632419965378054
165.7057057057057,-2.6262158330107797
165.78578578578578,-2.5794845588731508
165.86586586586586,-2.507183544398363
165.94594594594594,-2.4690412000508273
166.02602602602602,-2.4208939257891298
166.1061061061061,-2.3430741300657036
166.18618618618618,-2.2911506900139074
166.26626626626626,-2.2301918528282068
166.34634634634634,-2.168118682718309
166.42642642642642,-2.11506562083645
166.5065065065065,-2.043568780501904
166.58658658658658,-1.9858978750245286
166.66666666666666,-1.9080875366884327
166.74674674674674,-1.8620840771712224
166.82682682682682,-1.7651857359134222
166.9069069069069,-1.727412650688079
166.98698698698698,-1.6556907815733621
167.06706706706706,-1.5976431437271552
167.14714714714714,-1.5195841367787426
167.22722722722722,-1.4790664687981239
167.3073073073073,-1.3935178484820447
167.38738738738738,-1.3429984663538714
167.46746746746746,-1.2560528480139408
167.54754754754754,-1.2074631430603082
167.62762762762762,-1.1254293094457812
167.7077077077077,-1.0881521951024469
167.78778778778778,-1.0052933069604526
167.86786786786786,-0.9540026294982182
167.94794794794794,-0.886007686427833
168.02802802802802,-0.8434849262117118
168.1081081081081,-0.771182515255862
168.18818818818818,-0.728106977023705
168.26826826826826,-0.6524356517089165
168.34834834834834,-0.6076386624738902
168.42842842842842,-0.5575776875657462
168.5085085085085,-0.5203814960813402
168.58858858858858,-0.4642917467907806
168.66866866866866,-0.43636510531349876
168.74874874874874,-0.39181810315835774
168.82882882882882,-0.3490846663930508
168.9089089089089,-0.30929531763689105
168.98898898898898,-0.2797188846980647
169.06906906906906,-0.25953980712425184
169.14914914914914,-0.2349975500934693
169.22922922922922,-0.21710163276664515
169.3093093093093,-0.19324190502949348
169.38938938938938,-0.19504856463760034
169.46946946946946,-0.18167264396508065
169.54954954954954,-0.17270139031785872
169.62962962962962,-0.15990414874009395
169.7097097097097,-0.18170970640137893
169.78978978978978,-0.17338248270540152
169.86986986986986,-0.19229753237448532
169.94994994994994,-0.19705072358238068
170.03003003003002,-0.22771737811057044
170.1101101101101,-0.24380831820552915
170.19019019019018,-0.2727721989807582
170.27027027027026,-0.29415238180437947
170.35035035035034,-0.33566219485149695
170.43043043043042,-0.36497752169187103
170.5105105105105,-0.41646087308655183
170.59059059059058,-0.44839578006602987
170.67067067067066,-0.4999281702764265
170.75075075075074,-0.5484797523295503
170.83083083083082,-0.5978601183626737
170.9109109109109,-0.6520839502755693
170.99099099099098,-0.7146268014395893
171.07107107107106,-0.7573038248266921
171.15115115115114,-0.8127431724599887
171.23123123123122,-0.878115681719977
171.3113113113113,-0.9300660499918899
171.39139139139138,-0.9886752646185678
171.47147147147146,-1.061751547535707
171.55155155155154,-1.1224123387999583
171.63163163163162,-1.186774782708778
171.7117117117117,-1.2545776023625796
171.79179179179178,-1.3141249802970012
171.87187187187186,-1.3876717934982932
171.95195195195194,-1.4540946517101703
172.03203203203202,-1.5050755253920167
172.11211211211213,-1.562497912519972
172.19219219219218,-1.6501490174800326
172.2722722722723,-1.7018298889934607
172.35235235235234,-1.7621595020323106
172.43243243243245,-1.8351322493948417
172.5125125125125,-1.8987019645713346
172.5925925925926,-1.9524624826800696
172.67267267267266,-2.0200306364852545
172.75275275275277,-2.0774926501748956
172.83283283283282,-2.135353881969861
172.91291291291293,-2.1980618508937284
172.99299299299298,-2.254490131211382
173.0730730730731,-2.3053516569810197
173.15315315315314,-2.369661947278166
173.23323323323325,-2.4193638541607334
173.3133133133133,-2.469077229023652
173.3933933933934,-2.5347859032254805
173.47347347347346,-2.581077579836038
173.55355355355357,-2.623343570637565
173.63363363363362,-2.6758063795318807
173.71371371371373,-2.7174975800118606
173.79379379379378,-2.758770534995228
173.8738738738739,-2.8137115990468793
173.95395395395394,-2.8466390091724985
174.03403403403405,-2.879484418260138
174.1141141141141,-2.9346579043487044
174.1941941941942,-2.9851023486750683
174.27427427427426,-3.010738176932899
174.35435435435437,-3.050840032174345
174.43443443443442,-3.083733526245879
174.51451451451453,-3.1053170454048455
174.59459459459458,-3.1429256962189855
174.6746746746747,-3.1697043284245954
174.75475475475474,-3.1891536564777345
174.83483483483485,-3.22528614422911
174.9149149149149,-3.2507899911736966
174.994994994995,-3.2664266074542887
175.07507507507506,-3.297486047111778
175.15515515515517,-3.3310756150287406
175.23523523523522,-3.328901298745346
175.31531531531533,-3.34413080253223
175.39539539539538,-3.364405840201543
175.4754754754755,-3.378256945859402
175.55555555555554,-3.389560729316912
175.63563563563565,-3.4042032621600096
175.7157157157157,-3.405964401496535
175.7957957957958,-3.415577216397109
175.87587587587586,-3.4272575566677936
175.95595595595597,-3.4281766742909165
176.03603603603602,-3.432630580423455
176.11611611611613,-3.4433357643918665
176.19619619619618,-3.433089673363233
176.2762762762763,-3.423284736120921
176.35635635635634,-3.4157583964075893
176.43643643643645,-3.409975041855046
176.5165165165165,-3.4097462855641956
176.5965965965966,-3.4135388349326594
176.67667667667666,-3.397378198437603
176.75675675675677,-3.387914991319572
176.83683683683682,-3.3899701254540124
176.91691691691693,-3.3703777104779395
176.99699699699698,-3.3431063870188455
177.0770770770771,-3.3248259864235643
177.15715715715714,-3.2999307974712213
177.23723723723725,-3.2670914276399343
177.3173173173173,-3.253029176156513
177.3973973973974,-3.235126999131944
177.47747747747746,-3.2038764942429054
177.55755755755757,-3.187836891071343
177.63763763763762,-3.166300657007625
177.71771771771773,-3.1250418339776136
177.79779779779778,-3.0931195941179284
177.8778778778779,-3.063138433345514
177.95795795795794,-3.0230825785490527
178.03803803803805,-2.9844635066404774
178.1181181181181,-2.95397442039679
178.1981981981982,-2.904686972899033
178.27827827827826,-2.8648758671614
178.35835835835837,-2.8224473469058697
178.43843843843842,-2.7703533902125157
178.51851851851853,-2.7323532220917617
178.59859859859858,-2.6948176338871996
178.6786786786787,-2.645574995407938
178.75875875875874,-2.5945583960219394
178.83883883883885,-2.5433822320942268
178.9189189189189,-2.4825245384882386
178.998998998999,-2.4276644434317625
179.07907907907907,-2.3792535967601633
179.15915915915917,-2.3241505206407984
179.23923923923923,-2.266128472528545
179.31931931931933,-2.2064794611370813
179.39939939939939,-2.1423481490744174
179.4794794794795,-2.0834910273428635
179.55955955955955,-2.032157788623272
179.63963963963965,-1.9771491758536017
179.7197197197197,-1.9116612433533522
179.7997997997998,-1.8445674242590004
179.87987987987987,-1.782913037430429
179.95995995995997,-1.7189575071742822
180.04004004004003,-1.655612532262436
180.12012012012013,-1.5943941699452073
180.2002002002002,-1.5315402214073968
180.2802802802803,-1.467514363502894
180.36036036036035,-1.4043813342055096
180.44044044044045,-1.341497326170762
180.5205205205205,-1.2800452468009673
180.60060060060061,-1.22153188795107
180.68068068068067,-1.1555543610021106
180.76076076076077,-1.084139247262807
180.84084084084083,-1.0250474867931514
180.92092092092093,-0.9623364089934572
181.001001001001,-0.9046209517399615
181.0810810810811,-0.8500778974110381
181.16116116116115,-0.7910156447655547
181.24124124124126,-0.7308099511512832
181.3213213213213,-0.6763616036760395
181.40140140140142,-0.6246868861943415
181.48148148148147,-0.5761056348885731
181.56156156156158,-0.528795302599146
181.64164164164163,-0.4859723568407091
181.72172172172174,-0.4440115204034033
181.8018018018018,-0.4034950742752392
181.8818818818819,-0.36560076046692896
181.96196196196195,-0.32996169318493734
182.04204204204206,-0.3026298316220363
182.1221221221221,-0.27212479317021876
182.20220220220222,-0.24158848413871348
182.28228228228227,-0.2222653063036871
182.36236236236238,-0.2115899035332388
182.44244244244243,-0.1991686324789993
182.52252252252254,-0.18591190808299024
182.6026026026026,-0.17697095352384137
182.6826826826827,-0.17681748171142242
182.76276276276275,-0.17716587624489286
182.84284284284286,-0.18019773684475643
182.9229229229229,-0.18831774708497995
183.00300300300302,-0.20566999572741068
183.08308308308307,-0.22229284118290354
183.16316316316318,-0.23765764061980285
183.24324324324323,-0.252849802576281
183.32332332332334,-0.2817764982293032
183.4034034034034,-0.3150969138536535
183.4834834834835,-0.3501193049354716
183.56356356356355,-0.3823957748661718
183.64364364364366,-0.4205206299818547
183.7237237237237,-0.4611409288238388
183.80380380380382,-0.5045313931816992
183.88388388388387,-0.5485871263213384
183.96396396396398,-0.6004295751731619
184.04404404404403,-0.6506120151045693
184.12412412412414,-0.7052640180738351
184.2042042042042,-0.7610407314617996
184.2842842842843,-0.8163866392348214
184.36436436436435,-0.8774194403449538
184.44444444444446,-0.9297123392524334
184.5245245245245,-0.9900800519775222
184.60460460460462,-1.0515943250112971
184.68468468468467,-1.1113732202629492
184.76476476476478,-1.1761193470256042
184.84484484484483,-1.241697880021464
184.92492492492494,-1.3012371257066537
185.005005005005,-1.3628195025718732
185.0850850850851,-1.4309325698053923
185.16516516516515,-1.4963671378847159
185.24524524524526,-1.5586675956034846
185.3253253253253,-1.6265882138625696
185.40540540540542,-1.675858188280381
185.48548548548547,-1.7424610976299122
185.56556556556558,-1.8066021845999705
185.64564564564563,-1.859541358613145
185.72572572572574,-1.919594018286788
185.8058058058058,-1.9841341725412487
185.8858858858859,-2.041931210597617
185.96596596596595,-2.0993551925516547
186.04604604604606,-2.1647353763486517
186.1261261261261,-2.2112135230700734
186.20620620620622,-2.266970630655732
186.28628628628627,-2.3290089928171995
186.36636636636638,-2.3658119069936285
186.44644644644643,-2.4148089489212996
186.52652652652654,-2.4781423901592614
186.6066066066066,-2.517969872100124
186.6866866866867,-2.565861264235974
186.76676676676675,-2.6238057886724633
186.84684684684686,-2.6628922738594274
186.9269269269269,-2.694151420176092
187.00700700700702,-2.7605191375794402
187.08708708708707,-2.81144883860821
187.16716716716718,-2.835070069635416
187.24724724724723,-2.8781336572280427
187.32732732732734,-2.9075662237359277
187.4074074074074,-2.9360277344197176
187.4874874874875,-2.984188582442888
187.56756756756755,-3.0183445244914826
187.64764764764766,-3.0428274030359557
187.7277277277277,-3.084076450438281
187.80780780780782,-3.1122097991043636
187.88788788788787,-3.1335151907770564
187.96796796796798,-3.1677828834473223
188.04804804804803,-3.196129320058665
188.12812812812814,-3.2088697984571546
188.2082082082082,-3.238119409809711
188.2882882882883,-3.2505519872155237
188.36836836836835,-3.2703110658090107
188.44844844844846,-3.2929529139777225
188.5285285285285,-3.310626187000413
188.60860860860862,-3.3222995047513106
188.68868868868867,-3.33520933144928
188.76876876876878,-3.342961614783522
188.84884884884883,-3.3418899930768307
188.92892892892894,-3.353422453919973
189.009009009009,-3.3760729868079866
189.0890890890891,-3.367270147634277
189.16916916916915,-3.3786452280540193
189.24924924924926,-3.3814293288959347
189.3293293293293,-3.368998285153404
189.40940940940942,-3.369084763678486
189.48948948948947,-3.3688769650658674
189.56956956956958,-3.3553495422406012
189.64964964964963,-3.3513215911952847
189.72972972972974,-3.350009525492931
189.8098098098098,-3.3301051005636415
189.8898898898899,-3.3063879798450313
189.96996996996995,-3.307897626949702
190.05005005005006,-3.288820797437837
190.1301301301301,-3.280960289331721
190.21021021021022,-3.2677412697305646
190.29029029029027,-3.231812572255765
190.37037037037038,-3.2160429972822757
190.45045045045043,-3.197267589287622
190.53053053053054,-3.1705178517395844
190.6106106106106,-3.1450000538994214
190.6906906906907,-3.1270120790586864
190.77077077077075,-3.0948671260130824
190.85085085085086,-3.0628328149959123
190.9309309309309,-3.0373170744621176
191.01101101101102,-2.995147689057516
191.09109109109107,-2.967841327927756
191.17117117117118,-2.9414033876974437
191.25125125125123,-2.897147938459621
191.33133133133134,-2.8585185083640448
191.41141141141142,-2.8162182972630814
191.4914914914915,-2.781564717108926
191.57157157157158,-2.737081016650529
191.65165165165166,-2.6947204494723063
191.73173173173174,-2.637688551325414
191.81181181181182,-2.583746844095961
191.8918918918919,-2.5411315913241515
191.97197197197198,-2.4883731037259205
192.05205205205206,-2.439958743739443
192.13213213213214,-2.400626934050415
192.21221221221222,-2.341000559746349
192.2922922922923,-2.2767932295915427
192.37237237237238,-2.2241326319603165
192.45245245245246,-2.1684443977333214
192.53253253253254,-2.1143492597879088
192.61261261261262,-2.0637034513330224
192.6926926926927,-1.9963813899247884
192.77277277277278,-1.9378555763979468
192.85285285285286,-1.8816879691922024
192.93293293293294,-1.8105921405016032
193.01301301301302,-1.7518456798349369
193.0930930930931,-1.6887176345395412
193.17317317317318,-1.6253656188781753
193.25325325325326,-1.5543657054223947
193.33333333333334,-1.501621258756057
193.41341341341342,-1.4363282737884788
193.4934934934935,-1.3742434487626507
193.57357357357358,-1.310453622632142
193.65365365365366,-1.2500504651609345
193.73373373373374,-1.1815858426213033
193.81381381381382,-1.130298762830473
193.8938938938939,-1.071724819259405
193.97397397397398,-1.016125286063442
194.05405405405406,-0.9418751914304352
194.13413413413414,-0.8902081054482692
194.21421421421422,-0.8289083054918702
194.2942942942943,-0.7800994280209083
194.37437437437438,-0.7243384902590679
194.45445445445446,-0.6680980069516586
194.53453453453454,-0.6236956722773804
194.61461461461462,-0.5795908149740563
194.6946946946947,-0.5244762371885553
194.77477477477478,-0.48567260863859096
194.85485485485486,-0.44962331455575183
194.93493493493494,-0.4046788782329051
195.01501501501502,-0.3688862005745648
195.0950950950951,-0.3388864416811326
195.17517517517518,-0.310378268265675
195.25525525525526,-0.2821947713650459
195.33533533533534,-0.2614085230830004
195.41541541541542,-0.24003325765162256
195.4954954954955,-0.22613555119927672
195.57557557557558,-0.21215973193602886
195.65565565565566,-0.2039624565639475
195.73573573573574,-0.1927355405210489
195.81581581581582,-0.19390453589904386
195.8958958958959,-0.18880561882280045
195.97597597597598,-0.1963976654798716
196.05605605605606,-0.2024403453244404
196.13613613613614,-0.22221898302272025
196.21621621621622,-0.2329803525497822
196.2962962962963,-0.255630124739643
196.37637637637638,-0.26758632799471016
196.45645645645646,-0.30695783725712406
196.53653653653654,-0.3268239379119878
196.61661661661662,-0.3690002463597094
196.6966966966967,-0.4003012359222461
196.77677677677679,-0.43458174218825046
196.85685685685687,-0.47285926275834994
196.93693693693695,-0.5248351369878896
197.01701701701703,-0.5645011896455256
197.0970970970971,-0.6131139012030237
197.17717717717719,-0.6653160701559615
197.25725725725727,-0.7204861090088958
197.33733733733735,-0.7644644708664805
197.41741741741743,-0.8195204598291022
197.4974974974975,-0.8731578102538922
197.57757757757759,-0.927834355256218
197.65765765765767,-0.9928124940458577
197.73773773773775,-1.0449181754244523
197.81781781781783,-1.1033111165287375
197.8978978978979,-1.1625119668579018
197.977977977978,-1.2271761243274182
198.05805805805807,-1.2879120166027669
198.13813813813815,-1.3516822893277682
198.21821821821823,-1.4194159495005794
198.2982982982983,-1.4636581738781667
198.3783783783784,-1.535058982522458
198.45845845845847,-1.5974078068585436
198.53853853853855,-1.653773418476474
198.61861861861863,-1.7232089365171432
198.6986986986987,-1.773396902920785
198.7787787787788,-1.82715600644505
198.85885885885887,-1.892512818908159
198.93893893893895,-1.9576735436436026
199.01901901901903,-2.010294940782463
199.0990990990991,-2.0603749414825048
199.1791791791792,-2.1338375530709723
199.25925925925927,-2.1732021092468354
199.33933933933935,-2.2374276686788974
199.41941941941943,-2.2882822979086965
199.4994994994995,-2.3344122118642177
199.5795795795796,-2.3848471401386457
199.65965965965967,-2.4432950141510226
199.73973973973975,-2.476096251896279
199.81981981981983,-2.5323094759609917
199.8998998998999,-2.582454711398897
199.97997997998,-2.636131003247219
200.06006006006007,-2.664557737250237
200.14014014014015,-2.715586891772782
200.22022022022023,-2.7644156108172067
200.3003003003003,-2.8062184960372756
200.3803803803804,-2.8457686776397164
200.46046046046047,-2.8867416385880555
200.54054054054055,-2.9100590692342365
200.62062062062063,-2.946408863081653
200.7007007007007,-2.97654424481928
200.7807807807808,-3.0150588236317946
200.86086086086087,-3.044377441427135
200.94094094094095,-3.0688062548077903
201.02102102102103,-3.0958701246611966
201.1011011011011,-3.129984969146325
201.1811811811812,-3.1570357640065025
201.26126126126127,-3.176363761822434
201.34134134134135,-3.1976899314168907
201.42142142142143,-3.2245045737208256
201.5015015015015,-3.2322420145808435
201.5815815815816,-3.261232176488244
201.66166166166167,-3.269177160877478
201.74174174174175,-3.291665950798705
201.82182182182183,-3.314415491510079
201.9019019019019,-3.3127394074380474
201.981981981982,-3.325330774314041
202.06206206206207,-3.3285838187630072
202.14214214214215,-3.336155905758197
202.22222222222223,-3.334266905158709
202.3023023023023,-3.3551223229299634
202.3823823823824,-3.3478451917365093
202.46246246246247,-3.34240099078751
202.54254254254255,-3.3503731648428516
202.62262262262263,-3.337736486405415
202.7027027027027,-3.344057413437864
202.7827827827828,-3.3455319260648335
202.86286286286287,-3.3225093240352708
202.94294294294295,-3.32586181951593
203.02302302302303,-3.3128865846858417
203.1031031031031,-3.2985909925152916
203.1831831831832,-3.2847662362988275
203.26326326326327,-3.266386436928271
203.34334334334335,-3.248066584468002
203.42342342342343,-3.224152602508981
203.5035035035035,-3.2076460070530866
203.5835835835836,-3.191637789656702
203.66366366366367,-3.155975091752802
203.74374374374375,-3.149436868898327
203.82382382382383,-3.1008364806210342
203.9039039039039,-3.0800661863130303
203.983983983984,-3.0474291442881745
204.06406406406407,-3.0209933037457346
204.14414414414415,-2.9843198772716755
204.22422422422423,-2.9569802867174295
204.3043043043043,-2.9099644089871624
204.3843843843844,-2.883323141930312
204.46446446446447,-2.837412567349705
204.54454454454455,-2.8184849894501203
204.62462462462463,-2.74780614733929
204.7047047047047,-2.7142012991043605
204.7847847847848,-2.65119450279397
204.86486486486487,-2.6247246675984224
204.94494494494495,-2.5634235576650037
205.02502502502503,-2.5306996119933505
205.1051051051051,-2.4757856796842073
205.1851851851852,-2.4292982886922174
205.26526526526527,-2.3791291132933208
205.34534534534535,-2.33077779977601
205.42542542542543,-2.2780841390319564
205.5055055055055,-2.215412945981554
205.5855855855856,-2.1649777529637437
205.66566566566567,-2.1065461193904405
205.74574574574575,-2.0553835622754772
205.82582582582583,-1.9819187927859527
205.9059059059059,-1.9383462667495124
205.985985985986,-1.8682821575186839
206.06606606606607,-1.829257885199827
206.14614614614615,-1.7492571094569513
206.22622622622623,-1.7061539401764936
206.3063063063063,-1.6074204040574431
206.3863863863864,-1.5773328777749607
206.46646646646647,-1.480157184428433
206.54654654654655,-1.4542225209252255
206.62662662662663,-1.3641149976438012
206.7067067067067,-1.3313743088512866
206.7867867867868,-1.2407652085210978
206.86686686686687,-1.2040330924694747
206.94694694694695,-1.1296825508821615
207.02702702702703,-1.0797723301144344
207.1071071071071,-1.0081073081694214
207.1871871871872,-0.9654631599409849
207.26726726726727,-0.9012288405610747
207.34734734734735,-0.8515096088482463
207.42742742742743,-0.7836455072154402
207.5075075075075,-0.7421631923937387
207.5875875875876,-0.680940180076528
207.66766766766767,-0.6435545803124276
207.74774774774775,-0.5880337596321464
207.82782782782783,-0.56231081238392
207.9079079079079,-0.5001692534852166
207.987987987988,-0.4654998503706393
208.06806806806807,-0.4190779384322265
208.14814814814815,-0.3871341731264794
208.22822822822823,-0.3608805037500164
208.3083083083083,-0.3131006253234966
208.3883883883884,-0.29401074262657073
208.46846846846847,-0.27181672137910656
208.54854854854855,-0.2621172337096323
208.62862862862863,-0.23117350371033676
208.7087087087087,-0.22618708714837113
208.7887887887888,-0.21209058610618103
208.86886886886887,-0.21094809702632253
208.94894894894895,-0.2064696997694374
209.02902902902903,-0.22917638424647405
209.1091091091091,-0.21267084441001294
209.1891891891892,-0.2317921193062247
209.26926926926927,-0.22951170871593168
209.34934934934935,-0.26346863684715216
209.42942942942943,-0.25855680002463616
209.5095095095095,-0.3021642124993509
209.5895895895896,-0.31143368757382334
209.66966966966967,-0.35907084466963884
209.74974974974975,-0.3882265371143188
209.82982982982983,-0.4162543706773524
209.9099099099099,-0.4446889346063486
209.98998998999,-0.49919892638427416
210.07007007007007,-0.5258050320841908
210.15015015015015,-0.5623079321823536
210.23023023023023,-0.6175210234256646
210.3103103103103,-0.6671657449949953
210.3903903903904,-0.7165696884407919
210.47047047047047,-0.7737744345851546
210.55055055055055,-0.8117630717624893
210.63063063063063,-0.8766262115713572
210.7107107107107,-0.9406538061762395
210.7907907907908,-0.9903845935376027
210.87087087087087,-1.045278112420005
210.95095095095095,-1.1113795707773688
211.03103103103103,-1.1721387598655362
211.11111111111111,-1.208783346345144
211.1911911911912,-1.2819432819567538
211.27127127127127,-1.3203676177265402
211.35135135135135,-1.3975875372171722
211.43143143143143,-1.4658883745266418
211.51151151151151,-1.5329496707115409
211.5915915915916,-1.5752174756617816
211.67167167167167,-1.6591513310307222
211.75175175175175,-1.7010630690184305
211.83183183183183,-1.772883347275096
211.91191191191191,-1.8009140494727807
211.991991991992,-1.89662995290016
212.07207207207207,-1.923019956546006
212.15215215215215,-2.0260627083002505
212.23223223223223,-2.0596488157083304
212.31231231231232,-2.127437311864471
212.3923923923924,-2.1674374301523036
212.47247247247248,-2.2407968737908286
212.55255255255256,-2.263848903862772
212.63263263263264,-2.34514495010306
212.71271271271272,-2.3718955273653433
212.7927927927928,-2.4561170962447503
212.87287287287288,-2.490156390630225
212.95295295295296,-2.5390364120271687
213.03303303303304,-2.56391281752921
213.11311311311312,-2.623810903174724
213.1931931931932,-2.6694928539244094
213.27327327327328,-2.7080947199607426
213.35335335335336,-2.761168191102829
213.43343343343344,-2.832317101063914
213.51351351351352,-2.836312180822959
213.5935935935936,-2.898639571966357
213.67367367367368,-2.898518277445587
213.75375375375376,-2.941967924727016
213.83383383383384,-2.993728866164769
213.91391391391392,-3.011407592096692
213.993993993994,-3.0459385437723183
214.07407407407408,-3.0852508191401906
214.15415415415416,-3.1223921905071235
214.23423423423424,-3.128617255001608
214.31431431431432,-3.139281794237672
214.3943943943944,-3.187421710847934
214.47447447447448,-3.195718282491184
214.55455455455456,-3.232873728578331
214.63463463463464,-3.27832393166915
214.71471471471472,-3.2444228939664894
214.7947947947948,-3.2847463494401277
214.87487487487488,-3.297609422407844
214.95495495495496,-3.3224431833630033
215.03503503503504,-3.3147506105862035
215.11511511511512,-3.3434549220448733
215.1951951951952,-3.3388770814462
215.27527527527528,-3.3470880634802995
215.35535535535536,-3.3620948998761437
215.43543543543544,-3.369169286711313
215.51551551551552,-3.3519004642117896
215.5955955955956,-3.399919746156314
215.67567567567568,-3.331114940525617
215.75575575575576,-3.370646973889221
215.83583583583584,-3.343507821534117
215.91591591591592,-3.3497517124171665
215.995995995996,-3.3135667857787934
216.07607607607608,-3.3188935686328964
216.15615615615616,-3.28493181941436
216.23623623623624,-3.2928565718022402
216.31631631631632,-3.2687506838574847
216.3963963963964,-3.2634485305695717
216.47647647647648,-3.208934303237564
216.55655655655656,-3.2364404268962947
216.63663663663664,-3.168933650990009
216.71671671671672,-3.175230330980881
216.7967967967968,-3.139769371800528
216.87687687687688,-3.1265125591556804
216.95695695695696,-3.1025759920604066
217.03703703703704,-3.0780716642636716
217.11711711711712,-3.019736915069274
217.1971971971972,-3.0006871978636704
217.27727727727728,-2.9717757149323827
217.35735735735736,-2.9411180853520413
217.43743743743744,-2.859759486175824
217.51751751751752,-2.862459427395794
217.5975975975976,-2.81616853085025
217.67767767767768,-2.795680384062077
217.75775775775776,-2.7307962343809633
217.83783783783784,-2.700077880487786
217.91791791791792,-2.643112495325768
217.997997997998,-2.6006396139896553
218.07807807807808,-2.5398789973853915
218.15815815815816,-2.503036970583196
218.23823823823824,-2.4501016018293673
218.31831831831832,-2.401734244805786
218.3983983983984,-2.3298056366682434
218.47847847847848,-2.3004296429238233
218.55855855855856,-2.224534669357819
218.63863863863864,-2.1851412111468567
218.71871871871872,-2.1306655092899907
218.7987987987988,-2.0817843366760678
218.87887887887888,-1.989489880240304
218.95895895895896,-1.9554644849783682
219.03903903903904,-1.9240217403334425
219.11911911911912,-1.8441585285628053
219.1991991991992,-1.773009117757793
219.27927927927928,-1.6913986249164759
219.35935935935936,-1.6010059388787883
219.43943943943944,-1.5973200787980377
219.51951951951952,-1.5363282400799378
219.5995995995996,-1.4885393340380217
219.67967967967968,-1.4051032646807995
219.75975975975976,-1.363440749586553
219.83983983983984,-1.2913511515965757
219.91991991991992,-1.2085017122932031
220.0,-1.1730783414143
